,variant.id,additive.LOD,additive.p.value,interaction.LOD,interaction.p.value
0,JAX00000010,4.1458637345458556,0.2984388422929222,16.921713481924144,0.2357135141367845
1,UNCHS000003,4.142652584126381,0.3266205419755974,16.92760011145151,0.358346947882734
2,JAX00240606,4.1395197569404445,0.2806376538522407,16.926907919847054,0.30086298135555856
3,JAX00240613,4.1370207247923645,0.27595718753066983,16.92357379997179,0.4599860560107157
4,JAX00240636,4.135706222154113,0.5077933857758353,16.919861813314583,0.19861762518944104
5,UNCHS000005,4.182687886897611,0.3407195573793534,16.969498297762357,0.17572074907327837
6,UNCHS000006,4.186278452523084,0.31226851444101855,16.973705159635074,0.3114623543799166
7,JAX00240649,4.203705784183057,0.41277722021529445,16.988301093422024,0.1986030079602921
8,UNCHS000007,4.318073987068146,0.410658802388437,17.09317485045085,0.18793407325283007
9,UNCHS000009,4.683526057640847,0.5178754259131932,17.896533846115744,0.23071267506113205
10,UNCHS000011,4.859958111315336,0.2879179824192017,18.314386006074074,0.10228718788969571
11,UNCHS000012,4.902624997200974,0.21940705653008838,18.378887193392075,0.24083661587955513
12,UNCHS000013,4.910900319121993,0.19841654329257066,18.396134222412684,0.1838644422451065
13,UNCHS000014,4.910530501314042,0.19402692005495176,18.397178392119258,0.17023630311444032
14,JAX00240699,4.909304958337771,0.3035645002820772,18.400353970432207,0.15336854107751616
15,JAX00240700,4.9093013342578615,0.1577130835589576,18.400363684788317,0.14703738193824362
16,UNC9371,4.876624152048862,0.20685026187968494,18.446056018731724,0.1420798239618982
17,JAX00240733,4.8766115199366595,0.1637988436532311,18.445771241887314,0.17222391769024117
18,JAX00190647,4.875561220969075,0.1814713039564777,18.438702456991678,0.14491341416576278
19,UNC11461,4.87466172250106,0.27908372311941665,18.435239398784233,0.14541886433188536
20,UNCHS000015,4.8655135941694425,0.16822892357527472,18.43659175791595,0.16805628075519868
21,UNCHS000016,4.865141927842387,0.2681239477673203,18.436740847625515,0.11151188993268048
22,UNC12838,4.666564322418935,0.2688141325594886,19.268214916360876,0.09042739490358394
23,JAX00240778,4.660850930589959,0.25732376558082787,19.2497834952635,0.15109782124254476
24,JAX00000089,4.6566935301730155,0.2699088691462814,19.23096555779921,0.08685395025314809
25,JAX00240804,4.6682967568656295,0.2524113721511773,18.99991217911679,0.133466016800404
26,UNC15185,4.673353876502233,0.30426183533544937,18.971748905567665,0.19089553101374404
27,JAX00240817,4.680894946412764,0.1797331857694781,18.933959172832374,0.12380453557605584
28,UNC16386,4.6959225808675455,0.3701768512323797,18.891897596876106,0.0694808427008987
29,UNCHS000017,4.653847638297066,0.3184919629065656,18.87405180163296,0.11113845295407171
30,UNCHS000018,4.6500056149732245,0.29588076933817514,18.863374298887948,0.1590287761361529
31,JAX00000115,4.374678084201605,0.3377423925849858,18.96514323420797,0.12608774037129802
32,UNCHS000019,3.820699851467225,0.3586394378552403,19.056155182605153,0.12374042673339658
33,UNCHS000020,3.8042228525860082,0.635224650992724,19.059804153310097,0.10163240149713809
34,JAX00000121,3.802381179159056,0.4041160362171123,19.061991359973035,0.09659076028256203
35,JAX00240864,3.787935304550956,0.4009069484738697,19.080412834509843,0.1359211633707489
36,UNCHS000021,3.787065153648882,0.33986761226324785,19.081627293593783,0.13048145253090795
37,UNC19217,3.7764012586367244,0.4903710518930514,19.094599224269132,0.1128151606271914
38,UNCHS000023,3.6952160157052276,0.32477900975763824,19.21895756982758,0.11434943627623242
39,UNC21023,3.6682964614751654,0.5181895615296062,19.251228375037044,0.11660670354225078
40,JAX00240897,3.6046115807203023,0.3535419078569812,19.291095199346728,0.1225497250432703
41,JAX00240910,3.491963654499159,0.5004670047587071,19.3735909809036,0.0778452313970046
42,JAX00190669,3.445890265679054,0.46036203806569015,19.416573132227995,0.11744349558254712
43,UNCHS000025,3.001748717520286,0.5892722073714398,19.198721043401747,0.10039774049899129
44,UNCHS000026,3.465014274789155,0.5802973601869458,19.36736515871553,0.11515074129424412
45,UNCHS000027,3.3083649382285785,0.5892694102814028,19.681776417129868,0.11584055864372991
46,UNCHS000028,3.308163470921727,0.635602518980667,19.68046686871753,0.09143497421257947
47,UNC23995,3.3075742633629943,0.5364515510256689,19.675871492118404,0.07364301821658706
48,UNCHS000029,3.301458285201079,0.5985541549090316,19.62497189763326,0.23204462453732072
49,UNCHS000030,3.3004466291015433,0.7382466277399096,19.616910908647014,0.10420402915394625
50,UNCHS000031,3.2989860847415002,0.6190839740250788,19.60465444243937,0.1527385026358769
51,UNC24700,3.27264948752736,0.3100122982817869,19.41129970136626,0.1163311876733234
52,JAX00000169,3.2798223709148715,0.49752576938428084,19.224679942486773,0.10261972245844297
53,UNCHS000033,3.273408739507886,0.685442200437173,18.85971426198512,0.15137532688710434
54,UNCHS000034,3.1984902957360646,0.5566483612790182,18.9039307323294,0.11627538297966952
55,JAX00240989,3.2441543054515023,0.4618401339428713,18.676396598133806,0.18922761521538795
56,UNCHS000035,3.244365983996886,0.4836679015449142,18.669088722446304,0.15512818385879526
57,UNCHS000037,3.495776189631215,0.593802189496448,17.889888003268652,0.23049355939695373
58,UNC26205,3.743657435041314,0.49380635159756325,18.307946455312276,0.10293372933811731
59,UNC26932,3.9589174986333546,0.8133366005127567,18.92264081804319,0.09828387518168011
60,UNC28841,4.135643286907907,0.4387518516833769,19.394588214763644,0.12914758369480814
61,JAX00241061,4.161532547158913,0.3056949228466468,19.3354530833833,0.206616933854909
62,UNC30322,4.322119392342756,0.32854124560602577,18.642706251656364,0.15427803385722272
63,UNCHS000039,4.374000025805572,0.21748934343555942,18.81076650678756,0.10602905800697567
64,UNCHS000040,4.377386691993024,0.2424400295082076,18.815525109340115,0.12269347558980358
65,JAX00241091,4.597379029729382,0.32276559086313733,18.63026705186485,0.11432221912706575
66,JAX00241097,4.626748164869241,0.36654040377607416,17.162922027284367,0.195020248458854
67,UNCHS000041,4.691926739616974,0.18051164295975836,17.090168722556655,0.2685423119450675
68,UNC34218,4.7554511294106305,0.2282371844933641,16.999599931628154,0.25446161077596224
69,JAX00241125,4.774252129974457,0.24405306959961248,16.979897205159887,0.2350227655377446
70,JAX00241142,4.781488463163896,0.267881302464442,16.967291543267493,0.23390829256549087
71,UNC36398,4.728085379842014,0.3480059779946539,17.111887904263995,0.35861390031603807
72,JAX00241189,4.745711097154981,0.2416653725163057,17.14165490423011,0.20246361059057674
73,JAX00000280,4.744159019550807,0.2821562990338129,17.153623430297785,0.21885901748292927
74,JAX00241205,4.7438506923072055,0.21535400871287494,17.15001272555446,0.24659400755776748
75,UNCHS000045,4.71261108857334,0.2870840194397732,17.044906230197967,0.2789078044573537
76,UNCHS000046,4.712652115599667,0.22569241235337484,17.044749521741778,0.28094431821240373
77,UNC40323,4.712838767279891,0.24423482670797497,17.04228110435247,0.20771606536618165
78,JAX00241222,4.7128343733490965,0.26483489432686746,17.042179619332956,0.25889586259313796
79,JAX00241239,4.704821965818837,0.17894656779321277,16.86385531095675,0.30793250365712216
80,UNC41603,4.70030722610818,0.32311521187821063,16.760549249005408,0.2644000971997355
81,UNCHS000047,4.746686808759478,0.17266084543012544,16.10475277536807,0.32772392221822916
82,UNCHS000048,4.738131822467949,0.2544107514382537,16.063490422946643,0.2231266405355859
83,UNCHS000049,4.711006190083708,0.25432027644069133,15.97752659888647,0.3238673362009999
84,UNC44002,4.656244062420228,0.25452881120436,15.933737014994676,0.3119939759518538
85,JAX00000309,4.592674101091461,0.2409813373774694,15.778188845828481,0.4049910914249737
86,JAX00241269,4.654533337498833,0.2474293633654917,15.638953327211539,0.21914046711679758
87,JAX00241286,4.652765920115144,0.29975330809581585,15.37266733004526,0.2773346840959841
88,UNC49074,4.6419550122686815,0.3737878532165476,15.073173867342803,0.4670392383372607
89,UNC49759,4.673542297624408,0.31483018098604204,15.033565900797612,0.3295061465443336
90,JAX00241304,4.68805557115229,0.24726986960170114,15.012340578388375,0.45072746638237315
91,JAX00241324,4.819466083797806,0.23516379582087182,14.807459924195655,0.464167121941932
92,JAX00000353,4.83351661808274,0.3390792562427676,14.786948404297618,0.4524893257144441
93,JAX00241334,4.82601849853063,0.1959601788095663,14.753035206037111,0.6188340937607747
94,JAX00241337,4.8256024858860656,0.2852679427224566,14.751322995914279,0.7668972564298197
95,UNC55318,4.762145797639732,0.4075967789060805,14.694112451305045,0.4452694916518398
96,JAX00241349,4.67277499143961,0.21852598924102815,14.596727022134928,0.35012342628255416
97,UNCHS000052,4.671310235316923,0.2274407991032603,14.593823708185482,0.5136391672936759
98,JAX00241351,4.69923784304774,0.21638674286420193,14.536483307391336,0.4537841674813004
99,UNC57959,4.8220082483710485,0.1935179582532721,14.59712823965856,0.39972996851324555
100,JAX00241357,4.810163453154928,0.28191863259153727,14.519186130065009,0.556149094155478
101,UNC58412,4.810029455415133,0.3147946030199217,14.494036891474934,0.35033902509072945
102,JAX00241361,4.809427633243558,0.43642130112832933,14.493470846229684,0.4641173211763028
103,JAX00000382,4.780391979142678,0.3429983356299055,14.468757069499588,0.31492667871990876
104,UNC61552,4.785662122566464,0.16874774423771668,14.529217934906455,0.39968174402596995
105,JAX00241411,4.785639238846898,0.18350018940745635,14.529572574151416,0.6393066183729853
106,JAX00241432,4.7889560784312835,0.16961706572605048,14.487862609921194,0.48409733873632116
107,JAX00241440,4.785119551259868,0.27241873276665657,14.626860477576429,0.4925573048157989
108,UNC66010,4.785642945445488,0.21617336739283097,14.651113934236946,0.46188190646031746
109,JAX00241456,4.781898906626793,0.23425989826799093,14.671309428024188,0.3417209998058677
110,UNC67320,4.781652235504225,0.34937320953231615,14.662223133044563,0.40347883087443404
111,JAX00241471,4.784525142093116,0.20420145343396903,14.658083111103451,0.3638081073664035
112,UNCHS000053,4.792341400947407,0.17098353316613357,14.684659441704525,0.48848738150334187
113,UNCHS000054,4.792379016160567,0.24812631892770953,14.685356066515396,0.3586737738000409
114,UNC70761,4.792448539591305,0.34927194204966866,14.695091451360213,0.5753205540009915
115,JAX00000442,4.793515147227936,0.22267102877784076,14.727703784801633,0.30280254332554013
116,UNC73203,4.793928662134022,0.18786987369401417,14.744111350082903,0.6699833462790828
117,JAX00241526,4.809332358117217,0.26554696309491116,14.729874639368973,0.443356664937092
118,c1.loc9,4.8118989804563626,0.2523545027977489,14.815593682435292,0.35353088070787764
119,UNC74840,4.813640560911836,0.4429317344047445,14.85011757001007,0.4012453179173694
120,UNC76650,4.82469380603834,0.367580743314214,14.885376451089542,0.41847415887685185
121,JAX00000475,4.835304656936614,0.25395236961686085,14.930399113713293,0.3507519886794612
122,JAX00241582,4.8135344609252115,0.2886633675290807,14.929417043136482,0.4295375668578651
123,JAX00241587,4.79670996693676,0.28210136065104224,14.927084565624455,0.36621109243071853
124,UNC81870,4.735054347611367,0.23553234004051643,14.897839671605198,0.5582122298557658
125,UNC82824,4.535758290300691,0.3921731335644793,14.985607419736198,0.3464096269402214
126,UNCHS000055,4.515289764495492,0.27633714955012145,14.995598154039499,0.5178979817011423
127,UNCHS000056,4.515850415375098,0.15466014491069294,15.009873929176138,0.44731168647599623
128,UNC83675,4.3589243512647045,0.21564177775949114,15.1151848021359,0.43634582648468456
129,JAX00241675,4.299121689196227,0.2860630178980716,15.438555535353316,0.22559010554058476
130,UNC85539,4.352917286249749,0.5670050170451361,15.393100771031413,0.2665043033667354
131,UNCHS000058,4.358172303976517,0.35436445402900046,15.109460170109514,0.5917730152163727
132,UNC86947,4.347151059583666,0.37437836455070617,15.146139861373513,0.6933446628364263
133,UNCHS000059,4.344140768520447,0.5109322169339375,15.154327119428672,0.5786670374959144
134,UNCHS000060,4.3445837171937,0.37224210296086746,15.152063359689464,0.37644592016568035
135,UNCHS000061,4.343561969782968,0.3267326241701701,15.157508630256189,0.4079961780580843
136,UNCHS000062,4.345253910221118,0.32850097152589924,15.151783624974769,0.5045922681765613
137,UNC87305,4.349398897057881,0.3962418636506955,15.143003532396506,0.46581130978579094
138,UNCHS000063,4.34166209496334,0.25372036142305576,15.03010721297801,0.3675898190968003
139,UNCHS000064,4.340730723073648,0.2995311625826058,15.01602017229311,0.6358733563592892
140,UNC87850,4.338249929080803,0.4009251588866283,14.97806699754642,0.36683407014084296
141,UNCHS000065,4.334466840626419,0.34228922990174526,14.985072938603253,0.3293033559802839
142,UNCHS000066,4.333367543800932,0.335255151433427,14.986769045312258,0.5219158680737631
143,UNCHS000068,4.496633942956123,0.3725162510800946,14.68749240067018,0.5662368425802895
144,UNCHS000069,4.691230108766149,0.1387654313791397,14.603893899073228,0.3942160604954029
145,UNCHS000070,4.6903939739002,0.21977486416503486,14.604134990599277,0.4266061364555752
146,UNC88286,4.689529623335375,0.32715425986650964,14.604220256477902,0.3809434904712479
147,UNC89490,4.673390117972076,0.2838955851977042,14.626918669476026,0.4149327014022909
148,JAX00241755,4.654729238173331,0.20494812158581946,14.582798987213891,0.3155289191839158
149,UNC89876,4.619303746860396,0.3835876778098559,14.499324906138327,0.3464456927148258
150,UNC90639,4.524416628220024,0.34452085398313925,14.365820207310662,0.34106802141073744
151,UNCHS000072,4.526643175367553,0.27221014508980224,14.362767819492774,0.5927159295787399
152,UNC91280,4.588606536949101,0.27904309158840723,14.273797272368029,0.5469885552409143
153,JAX00000556q,4.592235212979176,0.22882644463690965,14.269277274943533,0.504547881195027
154,JAX00241770,4.5932562983271055,0.21472121300919494,14.265282719851257,0.38449687417169626
155,UNC91753,4.669549738877777,0.29617499695391675,13.966935489142543,0.6656503654339654
156,UNCHS000075,4.758979176230923,0.32246354071212585,13.605807555768251,0.5543670083709061
157,UNCHS000076,4.772324230275672,0.15137270803033145,13.577122834184365,0.5315785789835538
158,UNC92768,4.772797951438179,0.27829238333562095,13.569493933031936,0.5705924485965297
159,UNC94417,4.658461274617139,0.38044847086320527,12.83014091702853,0.6721055875840274
160,UNCHS000077,4.655295999802092,0.2260650491701512,12.711600332233047,0.6124352506003236
161,UNC94965,4.658891976640234,0.33211310927820237,12.742078298576644,0.8266610642185697
162,UNCHS000078,4.6694220529011545,0.20059511276565567,12.740518452936385,0.6765295235833827
163,UNCHS000079,4.854927456059613,0.22171699102769415,12.70849429504824,0.5906611753993081
164,UNCHS000080,4.871060523801361,0.3457021502849706,12.705578097359421,0.7718888287318045
165,UNC95366,4.8998236284335235,0.31113691299467294,12.700331206594228,0.7567933624307349
166,JAX00000583,5.061943239659968,0.2686846545288362,12.66957336129758,0.6809128017676169
167,UNC95979,5.219566118270677,0.19023997452876987,12.62940748726237,0.6708617242278401
168,JAX00241827,5.5211958473887535,0.14242736709757256,12.558952542129418,0.6278135064650617
169,UNC96966,5.690852719043505,0.22001792016669686,13.019890879081231,0.7243067756686046
170,UNCHS000082,5.702010649387603,0.231743556718284,13.041291557246495,0.5082559286885489
171,JAX00241833,5.701643875657737,0.11770129095699985,13.067751224671156,0.6378076248918949
172,UNC97447,5.670860275447694,0.19902115675794976,13.01304024811975,0.7860054333170386
173,JAX00241835,5.656127203180404,0.17153243876914226,12.987568447056674,0.6832062239348986
174,JAX00241844,5.6303270744263045,0.08653825195244244,12.94394729644523,0.6410694238540304
175,UNC98241,5.620867610086407,0.12312842531746614,12.928525724450765,0.6082009527352248
176,JAX00241853,5.610330037862468,0.15663874082638188,12.880813976245236,0.6394412913966473
177,UNCHS000083,5.581609889627089,0.262063951448511,12.835085991823007,0.6953338138329768
178,UNCHS000084,5.5788863993138875,0.18314530697073006,12.831148119463705,0.6015427018529992
179,UNC99911,5.574846931346883,0.1787547257267461,12.825223800168033,0.6436920148494135
180,UNCHS000085,5.5792070281365795,0.16477208955289321,12.783785925034408,0.7133123544064963
181,UNCHS000086,5.579672873890331,0.12892087172439007,12.779452990649816,0.5314364847906139
182,JAX00241881,5.58695314675947,0.19448172810037515,12.709997678956142,0.575642267870414
183,UNC101009,5.593962973297721,0.17898418955971757,12.640631081026413,0.7325385646454122
184,UNCHS000087,5.584798566590052,0.12949301318881967,12.286137274895736,0.6334746613258736
185,UNCHS000088,5.584347089198445,0.1306387876297138,12.28335671327909,0.8697719724701182
186,UNC102088,5.5658255724406445,0.2259680272035642,12.400830144444399,0.7658747865549272
187,UNC102696,5.563088426613831,0.09728848954254549,12.421021204644148,0.5734940479020416
188,UNCHS000090,5.568105097620219,0.15150842663481084,12.39882146726427,0.7333636158173603
189,UNC103874,5.568285716099808,0.18240069371337864,12.397019883972007,0.5119220569374487
190,UNC104485,5.569566805060504,0.12293777631782549,12.384413247031489,0.6476565729407616
191,UNC105283,5.626032124285075,0.1260014858713691,12.365697315298576,0.8617937034601861
192,UNCHS000091,5.643525105850131,0.14298469745007444,12.253152327781208,0.7510300353907348
193,UNCHS000092,5.647777161256272,0.1224545590213637,12.21294659786281,0.6123061054666139
194,UNC106795,5.732748271791934,0.16052491927835416,12.199770961658487,0.757641850754921
195,UNCHS000093,5.790364599656641,0.20837680141201337,12.186733825439887,0.5301425668919932
196,UNC108325,5.558662841926889,0.12419189739259205,13.049944966540806,0.7410005691862023
197,UNCHS000095,5.485990991605831,0.163117935414418,13.542528096847946,0.8120204799883517
198,UNCHS000096,5.3900332112823435,0.15654797718972926,13.86122264149094,0.45710711244392854
199,JAX00241967,5.3955041460003486,0.14966010922587186,13.875544148643257,0.5702271695206804
200,UNC109624,5.413766235568573,0.2115912227453465,13.92423323203866,0.3971126541782981
201,UNC110353,5.432026303328712,0.17838089530126022,13.971481170656716,0.6108909764001752
202,JAX00241987,5.462635305621461,0.2831714806149904,13.93568842334821,0.5970464875265626
203,UNC112302,5.496139239636705,0.19995915080864549,13.917506143320907,0.5915957406532919
204,JAX00241996,5.511787150973305,0.16610439624175366,13.924706754168483,0.48699203823476384
205,UNC113047,5.514007353725447,0.1488571757466892,13.925803048256057,0.694679493440702
206,UNC114331,5.543339157643231,0.13522628824821745,13.950756690136586,0.4626835152004185
207,UNC114802,5.557194160467134,0.13086623256429947,13.965613068963194,0.45143832224608116
208,JAX00242019,5.5624300548367955,0.13516583153792905,13.971821264596883,0.6064772984782826
209,UNCHS000098,5.564382518453158,0.28103216274963655,13.93189184468406,0.43725834890988485
210,JAX00242029,5.571019280493374,0.17944931200430445,13.925283013850276,0.4833459462750853
211,UNC115578,5.576425242649293,0.14642314163629028,13.917230124842945,0.8339076569683842
212,JAX00242037,5.614876727972387,0.11757211250454147,13.912153265388952,0.3895537183656044
213,UNC116817,5.799555919588784,0.13027925235378038,13.669447007698636,0.620515317068313
214,UNCHS000100,5.819728732488329,0.10950475632031029,13.335631926396672,0.6052476536061626
215,UNC118279,5.819515003751121,0.1456430638710118,13.33521053089612,0.5126874632657574
216,UNC118659,5.761358899657353,0.16459256874871916,13.216206903234252,0.6667994339957439
217,UNC119270,5.686190702394015,0.12768906603017366,13.083055138157533,0.7913006745560984
218,UNCHS000101,5.632093667400568,0.10828350762019422,12.961611287149026,0.5864586741806728
219,UNCHS000102,5.6290780612832805,0.1450216528281164,12.95554260383551,0.6284324905274749
220,UNC119817,5.824503028927211,0.11859028722176862,13.027628168794763,0.684163881294953
221,UNC120225,5.81063933340738,0.19157968400605227,13.022844278794537,0.6521798789962989
222,UNC121401,5.583414188530696,0.15061214527595204,12.888394335240491,0.6331677609803786
223,UNC121959,5.454521389343199,0.10734986482154296,12.782321060400136,0.5769772278122524
224,UNC122065,5.4266351433957425,0.11963906000137856,12.878302354211883,0.49103411814219367
225,JAX00000714,5.457764851900947,0.19627077895134498,12.923715364479676,0.5976584745811068
226,UNC123049,5.545297598774823,0.17679399560437145,12.984889976518389,0.7995215620264823
227,UNC123541,5.581023398649904,0.12159373096813146,12.684407745570752,0.8255452020617653
228,UNC123662,5.648346450159352,0.15321841052826055,12.585109024857047,0.7850675553225421
229,JAX00242139,5.918346320095679,0.13211552843472574,11.566731260474853,0.5810941914673572
230,UNC124584,5.819096924084306,0.12174775895766067,11.61909128339471,0.740650849797471
231,UNCHS000103,5.482208401952676,0.20017482608569775,12.359263373905605,0.6308255034341667
232,UNCHS000104,5.559277875901216,0.20319316123448383,12.269296902464475,0.6695593311194026
233,UNCHS000106,5.067710718824856,0.25456388279597597,11.743942577802727,0.5816395726382328
234,UNC125332,5.058817526198254,0.1861917597927081,11.741218688754543,0.7176368238505914
235,UNCHS000107,5.055745601217495,0.20660380466313652,11.74060362406226,0.911599783785484
236,UNCHS000108,5.050948327413153,0.15577703514139551,11.739778308264931,0.8074301974344144
237,UNC125893,5.021024151218171,0.43831331262297035,11.736516851501165,0.8219145974129215
238,JAX00242177,4.99570610137971,0.19682994608619858,11.753249553953083,0.651520658953819
239,JAX00242215,4.551317466486125,0.30811519255042125,12.258614064444146,0.6990439131086064
240,UNCHS000111,4.446194979506117,0.29205286263455416,12.761821393767605,0.6448637199545287
241,UNCHS000112,4.595517410559978,0.24140014204471183,13.003762894016518,0.7608022511265523
242,JAX00242226,4.57430073623982,0.3429669077559097,12.98745382044126,0.6292508546282167
243,UNC128912,4.336067155531282,0.27290556590729165,13.119053494871196,0.424975016712956
244,UNCHS000113,4.378954809737479,0.24995460720626422,13.712274652202723,0.4454974842561639
245,UNC129874,4.380817998259772,0.3823142404026351,13.730032137823628,0.5647777943468889
246,UNC130265,4.35261202502079,0.36813827176145114,13.598541933386514,0.6569423958507904
247,UNCHS000115,4.317230604882752,0.5279777057034826,13.468890391432524,0.7706451034875159
248,UNC130697,4.316645831967435,0.4160611060788856,13.4669387429376,0.7236845912286771
249,UNCHS000116,4.314118234215812,0.25151462576865136,13.45866872316833,0.6733363262388834
250,UNCHS000117,4.276727326573564,0.42287350631208304,13.353834429760582,0.47141602500311564
251,UNCHS000118,4.273924235930281,0.3635140467960106,13.346900814518449,0.6656209789270698
252,UNC131096,4.273214293561978,0.31210174158964743,13.345168675934474,0.6382559287005742
253,JAX00242324,4.250941168014833,0.3823108897690915,13.304495795042385,0.7371644166346127
254,JAX00000763,4.239783777802131,0.21778418389312218,13.283871020218612,0.577278740699228
255,UNC131724,4.227228516361038,0.30779673501107485,13.260472108349632,0.5009730452308793
256,UNCHS000119,4.202966406913674,0.28465214288483337,13.21660515619078,0.642878243336426
257,UNCHS000120,4.197632995433196,0.364821185142253,13.204317830306081,0.4916954369696741
258,UNC132450,4.154958987523742,0.3059264201882642,13.106934092882284,0.5920337825350952
259,UNC133320,4.078663317187647,0.3507660104978687,12.95085150124146,0.8152159930178474
260,UNCHS000121,4.067544065562515,0.4196257962917842,12.936918499474132,0.6663812456973821
261,UNCHS000122,4.012991489677461,0.2429849028353518,12.799749167988239,0.5685586529141028
262,JAX00242389,3.609408356687709,0.41472477385711193,13.014343430699,0.5198545846734828
263,UNC134046,3.5889924449172668,0.41806615735707664,12.989047910588397,0.6267820342439372
264,UNC134669,3.43946541796322,0.5197594365111069,12.915947266395733,0.5488636441377057
265,UNCHS000123,3.3208321737724873,0.5266359770551098,12.80204593807639,0.654695373942212
266,UNCHS000124,3.425149438235394,0.38836421117839137,12.933177225448844,0.5869221744871927
267,UNC135474,3.4397495343666833,0.33942775858642615,12.95132351463144,0.7165996656890514
268,UNCHS000125,3.0571006566658525,0.6823912584655233,12.672068475887727,0.6202286768369202
269,UNCHS000126,3.033450671420269,0.6967834444301839,12.602732288644575,0.823987181082679
270,UNC_rs50672660,3.103213580923466,0.5127781609616152,12.486980263699706,0.6739631167695885
271,UNC136630,3.0573451904485864,0.8898966290431213,12.486584974423522,0.6262007812516153
272,UNC137674,2.9547099276664994,0.6247835727288986,12.452920434857333,0.704639965437611
273,UNC138462,2.9192546049682733,0.6800429359526288,12.50679069822877,0.7729797299706145
274,JAX00242455,2.919315370575987,0.48064127650135846,12.508187516024918,0.7070606426113624
275,UNCHS000127,2.936021818376048,0.5569298051219719,12.63877343349941,0.6601609421904304
276,UNCHS000128,3.021627480690313,0.4155871578290855,11.002416301533003,0.8967865846103245
277,JAX00242480,3.2747989047047668,0.49245556155827674,10.606537519877293,0.8863049636245008
278,UNC140121,3.60035193882527,0.6474492965340223,10.800457554768172,0.8013910658980911
279,UNCHS000129,3.695818797507627,0.35484406032701715,10.896558473946925,0.9131367406547247
280,UNCHS000130,3.6980120906787306,0.4976403171183989,10.91116989210036,0.8300554882198559
281,UNC140543,3.7215127640711216,0.49149682282102064,10.916508066543884,0.8590063965913985
282,UNC141072,3.755626431747487,0.30786606486819074,10.944393275847233,0.7343195097588574
283,JAX00242504,3.788522148771335,0.41267212386966584,10.973930532820077,0.977886416235452
284,UNC142280,3.8143365061810073,0.5310328691334797,10.997475414172413,0.8576386860733489
285,JAX00000824,3.8348547982432137,0.3406450754229959,11.110465572085786,0.5938977990080098
286,UNC143394,3.7457105357098044,0.2219528576888053,11.41606345669129,0.827536312658168
287,JAX00242525,3.73973583056204,0.46470759368351416,11.436847863158846,0.8724089965764575
288,JAX00242530,3.645559574270237,0.4749804330267877,11.770680207540181,0.5681489629625416
289,UNC144144,3.633768629315,0.4276542638017075,11.813766221120886,0.6126881837550279
290,JAX00000833,3.635871326428287,0.47540317650909825,11.814231640251364,0.8408189284403534
291,UNC144647,3.6154866796841816,0.45805846106141185,11.615081054860184,0.8893034950309839
292,UNCHS000132,3.6149575434480994,0.43429038578087137,11.598956169508028,0.8415056463450206
293,UNCHS000133,3.0912671431526633,0.6139457124846587,11.674521910800877,0.7629188661215717
294,UNCHS000134,3.089339289223517,0.557083154487785,11.645773327058123,0.6413550230086502
295,UNC145132,3.0698576984664214,0.5626796272343191,11.663312166294418,0.8554598372051109
296,JAX00000840,3.0147569318046408,0.43524674645711087,11.656773887270901,0.839630945111189
297,UNC145909,2.9678793433613464,0.5259536082635665,11.5825666637611,0.508249942469276
298,UNC146540,3.0647436942742843,0.4796455477745826,11.59698989564572,0.7152446621020998
299,JAX00242565,3.0870268490234594,0.5528329757123343,11.612336043671121,0.6481187808178325
300,UNCHS000135,3.294380656737303,0.6026725399121866,12.01152963027289,0.7696029039506568
301,UNC148022,3.2533707991410665,0.5514376306014335,11.951702905946831,0.78896878071268
302,JAX00242583,3.2421311344296555,0.5294505091535427,12.039662769169354,0.6538201112932427
303,UNC148652,3.233549737796011,0.5503748658002466,12.101713053740923,0.6849553017070271
304,JAX00000859,3.232931683066454,0.5573745440376653,12.10508228042977,0.7135571880752143
305,UNCHS000137,3.2230566281155006,0.553849752999172,12.157247064283183,0.695588379456093
306,JAX00242592,3.2214443335731175,0.5818068258550122,12.156644056369032,0.8572575477904821
307,UNCHS000138,3.2183144024106696,0.5921754745477603,12.155503375459148,0.6642966644586973
308,JAX00000863,3.216246033746529,0.4879335092610696,12.154281373173944,0.7222659971265567
309,UNCHS000139,3.2145611193764125,0.5591748456062853,12.15365284774498,0.7569520748668384
310,UNC149432,3.2105243401281314,0.5465519636624598,12.151575530275522,0.6418977281310366
311,UNC149968,3.1675952436557964,0.2932146533035923,12.273089660388223,0.7405536460928848
312,UNC150730,3.143119586984767,0.36529525209072355,12.42855768467075,0.7768534957097224
313,JAX00242613,3.2079980264759342,0.41855120972653076,12.048121905695552,0.7155066707132478
314,UNCHS000141,3.335543399629387,0.6498870480685297,11.673582935683498,0.7073048291400896
315,UNCHS000142,3.342584296601899,0.38656105190198964,11.640320432946965,0.6697280007808037
316,JAX00242633,3.3369487712448063,0.44343996131064356,11.635305441537184,0.8548808777045346
317,UNC152555,3.310792114259584,0.7233565662100576,11.611813909136345,0.674522908340753
318,UNC153710,3.2375053468201713,0.5829484478740363,11.610088282898232,0.6370377171591147
319,UNC154487,3.1918534797305256,0.5490043357564947,11.61186451001663,0.9943418311083844
320,JAX00242671,3.156711641139964,0.3944558157660963,11.61479397112862,0.9751815495066349
321,UNC155247,3.1545468563354007,0.59912634260572,11.615000836581203,0.6708573785760701
322,UNCHS000144,3.020854767520632,0.5982161171222027,11.632592946128852,0.7752725254546545
323,UNC156797,3.0160598657255377,0.3704735859243667,11.633398460797935,0.7176376713801617
324,JAX00242692,2.897314244642075,0.6158781528566194,11.656100202882044,0.5738211943541706
325,UNCHS000145,2.877466715927312,0.7991311700415866,11.659668863682327,0.8707481132058502
326,UNC158041,2.8771227315801298,0.641337242938825,11.662046262094009,0.6462449272830506
327,c1.loc15,2.8558197060981456,0.6776586720978859,11.66551374216192,0.8147146203302035
328,JAX00242713,2.7341977138655693,0.5538591357139542,11.685952354077699,0.9131751473811036
329,UNC159456,2.7226860181926895,0.7926547856924425,11.68798014478375,0.5978366718996491
330,UNC159803,2.6630797422958494,0.6304654318178714,11.738672602350562,0.8203133446549515
331,UNC160312,2.5948479677749674,0.591024374694195,11.828325191717568,0.668341766585974
332,JAX00242746,2.539553792429615,0.704522799530092,11.882653031836526,0.6416245996536574
333,UNC161340,2.5258985634609417,0.6527413948184382,11.887468797621068,0.7678754824109405
334,UNC162008,2.462255311117815,0.6222180739456176,11.91086043275891,0.6781778333172349
335,JAX00000925,2.417753867391866,0.7381639482753087,11.927192647529182,0.5806803229494398
336,UNC162603,2.4164985905529193,0.624055884596807,11.927596783845729,0.8905549262789478
337,UNCHS000147,2.333034653599725,0.752065866164418,11.484569288522152,0.7376537418105615
338,UNCHS000148,2.2415459911201197,0.7404686734300697,11.157803604630317,0.9648036552001897
339,UNC163443,2.2399567049371853,0.7334104180467307,11.136851865946028,0.9568734775474205
340,UNC164396,2.1396801893831707,0.7632746573133117,11.120244778428287,0.7706014301521126
341,JAX00000935,2.127428024286928,0.689606118007796,11.039966236646706,0.6618170760500663
342,UNCHS000149,2.1403428244834686,0.7383196137720511,10.93373319049465,0.7199989358648636
343,UNCHS000150,2.2117679715784107,0.906876218803811,11.10386635723171,0.7385264179340437
344,UNC164943,2.1965426926758482,0.6705147917595093,11.161410836805544,0.7473517336539416
345,UNC166915,2.0886909550658856,0.892223926843833,12.12582989058933,0.8034334530110315
346,UNC167166,2.0573782292749456,0.9827501292973178,12.421261030422556,0.7827013453518595
347,UNC167757,1.9187211441844738,0.6575400805943387,12.884743233346626,0.712654835777286
348,JAX00242858,1.9209675449526458,0.785100581585892,12.962410133241065,0.612654950823349
349,JAX00242874,1.9256692761223348,0.8665295360326234,13.090401128400572,0.7524703910248088
350,UNCHS000152,1.9269293652391752,0.7367294001188782,13.16230633139321,0.7261871534851031
351,UNC168953,1.9293894760132844,0.8895439116323512,13.288170374300535,0.8654194353390513
352,JAX00000960,1.9455604953441252,0.759841347925936,13.533304598090808,0.7585280488108577
353,UNC170285,1.9570940728058304,0.7889933307976202,13.597603437559656,0.4296242063885675
354,JAX00000972,1.9858089517683766,0.8757003481307424,13.15075015505613,0.9808164839801572
355,JAX00190899,2.0117869561806856,0.7658526722728913,13.788518639167933,0.5516383891487008
356,UNC172447,2.0542332130073646,0.772193874859438,13.964167845117572,0.44054670582128125
357,UNC173039,2.109951302217951,0.9484752428718156,13.729991670964637,0.538087963992763
358,UNCHS000154,2.0978863738748714,0.7091724539240527,13.770088660374313,0.735348318737046
359,UNCHS000155,2.085921840449373,0.7396845495792476,13.782201981937533,0.594604542151929
360,UNCHS000156,2.012493365464479,0.7503237720076025,12.862515358664496,0.7174326560010826
361,UNC173980,2.094837331341296,0.716036813415156,13.126216846808347,0.6728454836590391
362,UNC174093,2.094921215811837,0.7351574062490384,13.11478526067117,0.633525808291226
363,JAX00242967,2.660699376739558,0.5782406169081211,13.805429191375197,0.7322972222202636
364,JAX00000989,2.6623032883017004,0.7410558628802048,13.795971434967214,0.46512434722048307
365,UNCHS000157,2.665267710159469,0.7573895120894291,13.753239862477358,0.45154381499629476
366,JAX00242977,2.680765486946484,0.5985929014582819,13.803207187431099,0.4583484658102391
367,UNCHS000158,2.6803033213027447,0.6613105439948054,13.800471375765483,0.49172040564193925
368,UNCHS000159,2.655283281963648,0.45068613190719914,13.618436047687965,0.4726383451070991
369,UNCHS000160,2.6559811238680595,0.8113131336813318,13.612314852484815,0.5943354593754787
370,UNCHS000161,2.695197315609448,0.49892087662510065,13.604492115102175,0.6597351481132308
371,UNCHS000162,2.541598639753829,0.6639393934017486,13.347688418951293,0.8441223291358975
372,JAX00242989,2.846354229788858,0.5881720211400596,13.201788592258481,0.504192146279201
373,UNCHS000163,2.904876608934728,0.5332045016493927,13.207319983434218,0.6933938220689735
374,UNCHS000164,2.9082711862142787,0.5939648566882354,13.192849251649704,0.7068200077968342
375,UNC176258,2.738739626522829,0.808613415038589,13.075148650573055,0.6669826459898534
376,UNCHS000166,2.383708419733466,0.6773282610459417,12.882128723384312,0.44804993628318646
377,JAX00001005,2.384545818718152,0.9048006071008734,12.86571379922566,0.5821245070354686
378,UNCHS000167,2.3704743181799586,0.7752795180241768,12.756940756687754,0.7831305241060719
379,UNCHS000168,2.368293933701125,0.7631323516888294,12.744486116530425,0.6269522539549587
380,UNC177767,2.353242981355379,0.8016298275553206,12.58730733710263,0.710412980866313
381,UNC179038,2.440126984186918,0.9604088509993098,12.07192267442906,0.6624650716166651
382,JAX00243042,2.980151791276967,0.5757866274272893,11.576553396651889,0.8942136510780603
383,JAX00243052,3.057337612293395,0.5052843509168211,11.462705691301608,0.7766993456683619
384,UNC182173,3.086648387378773,0.6217769071434452,11.449121704528125,0.794917267482114
385,UNCHS000169,3.1332824060857547,0.49005971371031004,11.430047787117019,0.7076347075661963
386,JAX00001044,3.1589610195803743,0.4809931092183276,11.308253061315327,0.8692714863445337
387,UNCHS000171,3.2013187014329105,0.36961906367646186,11.020004731044082,0.8750995300685332
388,UNCHS000172,3.215170069589931,0.42704129031747917,10.924681134780258,0.8786616746170572
389,UNC184484,3.255903091278924,0.457750388111568,10.900444779942745,0.9903410928744996
390,c1.loc17,3.262645545893747,0.4594886184074998,10.908862318543697,0.7662984312519978
391,JAX00243091,3.278928543687016,0.42966914471523365,10.928763495041267,0.719077581923574
392,UNC186479,3.2909472691596875,0.6466048097185741,11.50940880986036,0.9739442040761265
393,UNC187637,3.3238325549907586,0.35507287817173727,11.56860482170191,0.7379600895893047
394,UNCHS000173,3.325887709935614,0.4962807709964381,11.572482333972175,0.7273831497581171
395,UNCHS000174,3.326059371554038,0.786757546084474,11.576936351168342,0.8964516584272001
396,JAX00243158,3.2813468382366864,0.44982642514970017,11.683336643450275,0.7731672201369364
397,JAX00243163,3.270307643710794,0.6572039353607547,11.71640879558322,0.5965542325701553
398,JAX00001099,3.2250777610263412,0.594929657890842,11.874028004327556,0.6831620899859849
399,UNC194162,3.234320029672517,0.6272659300293988,11.892268066724455,0.8159359406540326
400,UNC195750,3.2324409605514575,0.6623779434700615,11.920480542339192,0.9749025111722252
401,JAX00243226,3.2346620904099836,0.5438817318992969,11.927125263857306,0.7401588836372347
402,UNCHS000175,3.0476948782575164,0.5197078917599887,12.025220792619393,0.7878377210877483
403,UNCHS000176,3.072558242221703,0.6071889264401478,11.770100220827999,0.6440225859472567
404,JAX00243265,2.8913058198929775,0.6867095077714516,11.557567961393715,0.6518568842620232
405,JAX00243272,2.933294814098417,0.6208885814680826,11.494443091478388,0.8428509605382194
406,UNCHS000179,2.945692189154215,0.5797947004435026,11.495376789181364,0.6977177934573191
407,UNCHS000180,2.9753643221408765,0.5287652031236071,11.555134677364777,0.6520495463351881
408,UNC203703,3.380797487926884,0.8304308985399863,11.8452851986915,0.7550260315638413
409,JAX00001144,3.4108946201304207,0.5841046251949109,11.87820418400247,0.5972448855315894
410,JAX00001153,3.6265911321836484,0.4394265753019317,12.133189804426138,0.6064380774255873
411,UNCHS000181,3.640280322570561,0.43710543055820084,12.148786713574282,0.6289554285464597
412,UNCHS000182,3.6508642090875583,0.392571852425571,12.16864916085774,0.7447495151794902
413,UNC207853,3.81895944867847,0.6425914079966886,12.592359200697956,0.854569740407043
414,JAX00243377,3.9343156665509014,0.36407330647095937,12.932607932719748,0.5748356344024137
415,UNC209992,3.9427055440341974,0.45520474824709,12.991823425554912,0.682305107452287
416,UNCHS000183,3.8362819005797064,0.3720730085591443,13.14106115762138,0.5444516253560903
417,UNCHS000184,4.433762615326032,0.49905249446123157,13.437859169132935,0.5635471957875556
418,JAX00243409,4.426628830018444,0.372189871792991,13.380415984918955,0.5203201864117256
419,UNCHS000185,4.433355627917308,0.705870509243986,13.414581632981935,0.5296952233224466
420,UNCHS000186,4.424845142900949,0.6018637295848569,13.424424542271481,0.7683169870638168
421,UNC211603,4.384729213802757,0.42035944191131197,13.465792451095922,0.6293852127961187
422,JAX00243419,4.383107924928481,0.15916774232088043,13.497821541367557,0.6433758061877681
423,JAX00243428,4.3814790050455485,0.3009584551754534,13.504770267886897,0.5832699344753192
424,UNCHS000187,4.381671868361309,0.21008309141404624,13.505378235477338,0.6430353122397361
425,UNCHS000188,4.382040320484975,0.30933182393760505,13.507230709486066,0.42928918549532186
426,UNC213909,4.39162848254864,0.2583937283919325,13.555632342082845,0.47981845507912224
427,JAX00243441,4.368048443494672,0.5318355689350669,13.593707198391485,0.4670881941006162
428,JAX00243444,4.313119828970002,0.4754144630680571,13.872540540270847,0.4852743181800677
429,c1.loc19,4.210676113848194,0.34077855159601106,14.640790491012012,0.39832516065487283
430,UNC215285,4.133461373505725,0.27776095426298975,15.144474430378295,0.45056955401206555
431,UNCHS000191,4.127549325880864,0.29432807334466826,15.133456324051394,0.42883255452604896
432,JAX00243451,4.120794506188304,0.3772446306961997,15.1541924838059,0.36563683603166397
433,UNC216547,4.306116311391406,0.44830145001330923,14.865336090992287,0.4435233406730605
434,JAX00243474,4.296440905030067,0.36980970824239146,14.880227436930909,0.6489732177333641
435,UNC218583,3.6809827731274254,0.3233661477615817,13.932457997302436,0.5447216151794776
436,UNCHS000193,3.6858394382747974,0.3117275496479064,13.915111629043167,0.5048064560424241
437,UNCHS000194,3.7106762665612223,0.4978136529334205,13.771092549360219,0.5524699167800359
438,JAX00001232,3.6798191830343967,0.3894255230763304,13.640420722883391,0.5815941040142375
439,UNC219849,3.631504039649599,0.48990362406320864,13.372258533516515,0.6036530729952666
440,JAX00243512,3.6344519086997025,0.3646476637379972,13.359390424041521,0.5899541607900308
441,JAX00243519,3.639232452339229,0.3707134178618917,13.298823701099991,0.6394735504691715
442,UNC222950,3.6282162563254587,0.44134751932280536,13.192407671175715,0.7081448291037059
443,JAX00001257,3.628054861484088,0.4803873835330935,13.185527422842597,0.464618545667903
444,UNCHS000195,3.627059741635776,0.28257292998248745,13.1814881802336,0.7921775991667337
445,UNCHS000197,3.626945535362438,0.500330976414972,13.177063138385392,0.6320802384393571
446,UNCHS000198,3.6292958413505403,0.6213091130791676,13.174880458750067,0.6842906228181713
447,UNCHS000199,3.9941755511592874,0.32468219116024544,12.961961392635658,0.6626455262067481
448,UNCHS000200,3.988442823581863,0.33454803781474657,12.96880017344597,0.8996952594080293
449,UNC227355,4.007935807528611,0.41774619787729866,12.94399316149702,0.6467211286991292
450,JAX00243642,4.05916111887359,0.4254725099968893,12.867354621400182,0.6536133247388591
451,UNC228500,4.134271775042862,0.4677086479686644,12.703908450281915,0.6395376290889276
452,UNCHS000201,4.167229137604409,0.3473716415297396,12.607183163893296,0.6275298469198731
453,UNCHS000202,4.186184091092173,0.23132165061442872,12.597766585738327,0.5151502747292296
454,JAX00243681,4.349124396028856,0.1993133592903188,12.53752827373637,0.7004025980790066
455,JAX00243694,4.4529607998183565,0.20141009045211,12.47450334257519,0.6491718872790878
456,UNC231492,4.453302299412371,0.32694969323440026,12.473510116375564,0.7373853374308399
457,UNC231727,4.390180447744797,0.3465971355207298,12.494449202152282,0.7407082961932303
458,UNCHS000203,4.25243520955928,0.28541545109697847,12.544391500253141,0.8501279089028321
459,UNCHS000204,4.239697751680751,0.25512403035089015,12.548301228307764,0.7154049904398305
460,JAX00243732,4.773417463187798,0.4449089552186465,12.118912541804775,0.7882607654267586
461,UNCHS000205,4.604144059441296,0.18581893797661755,12.024429661697468,0.9509859786011139
462,UNC235488,4.5972008093797285,0.23291257196950646,12.021364818577695,0.6346083176877928
463,UNCHS000206,4.595143336954607,0.3893971077406257,12.021819764872816,0.6421939265757566
464,JAX00243778,4.358588462453781,0.29289009681970735,11.893586695572367,0.8531827599235776
465,UNC236681,4.353771302807445,0.23962042674991008,11.892337478699574,0.8169339959775561
466,JAX00243789,4.338605983966772,0.3089675308061885,11.867561965159439,0.7165744370854356
467,UNCHS000207,4.320195931236412,0.35715337565600225,11.842743890986867,0.7201725284999628
468,UNCHS000208,4.312294559895236,0.32319011651902496,11.846763018746742,0.6662765144221622
469,UNC239961,4.176232613776392,0.33428166873130555,12.217862183341822,0.5918327577889433
470,JAX00243838,4.174319119422307,0.47281103110813083,12.31831049597372,0.6424734208033079
471,JAX00001337,4.174361819128308,0.2631698447045081,12.31810883400135,0.7964966927993189
472,UNC241230,4.174597747059806,0.3737182575869147,12.3176639058629,0.7075717308439177
473,UNCHS000209,4.17617294142633,0.2963218764487104,12.313198131584613,0.6618041835723002
474,UNCHS000210,4.176243087210878,0.464687000591377,12.312983068298081,0.7526898623284629
475,UNCHS000211,4.176059746672081,0.2490552736307464,12.312630690570359,0.7333049884726985
476,JAX00243875,4.175907752661715,0.24318144569262157,12.31231953647557,0.774333959285047
477,UNC243187,4.176519686787287,0.27379558371036433,12.311222635022432,0.9071071415993864
478,JAX00243884,4.1851438743569815,0.3971229650709658,12.299662789991089,0.6639442634026689
479,UNC243821,4.185768491658564,0.4569566777271543,12.297883557015211,0.7099905358452252
480,UNC244201,4.191585996227104,0.4468991661504073,12.278863095152474,0.8595426933764606
481,UNCHS000214,4.151971359798154,0.3043595439308198,11.934869612364764,0.6274796325917058
482,UNC244917,4.213067512206635,0.24455344524485184,12.000575461922836,0.6152249432350139
483,JAX00243904,4.350357370899474,0.2758684892997954,12.088197669796955,0.7211357809471893
484,UNC245487,4.3723354809581,0.2191564232392058,12.066893512230308,0.7453205640539703
485,UNC245840,4.911190379805248,0.259208441297493,12.285290723045136,0.8861508021238288
486,UNC246230,4.080488383955299,0.18810241942342013,13.463564713538972,0.6297850749327244
487,UNC246837,3.991591852879992,0.6353413103001728,13.42122110490186,0.695405099074164
488,UNCHS000216,3.79385778364167,0.40632270990641123,13.300446917051886,0.605313795043139
489,UNC247939,3.7351264916887885,0.7259232486195006,13.292235218813858,0.44854263705896996
490,UNC248435,3.6643013857662936,0.44508126910518364,13.206903117622915,0.7505030292748505
491,UNCHS000217,3.588950460386968,0.7966338510143897,13.0854871258598,0.6029333604802611
492,UNC249229,3.5859908521820216,0.4855174565519022,13.080341426182258,0.49649721356156695
493,UNCHS000218,3.585012654903039,0.4776924852508296,13.07494082735252,0.5025486574395465
494,UNC250092,3.5760588173216092,0.27763984885375886,12.912803890119449,0.6693885786304998
495,UNC250644,3.315484777542906,0.39191470996778355,12.560808850525518,0.640418614607011
496,UNC251384,3.183299094999711,0.5126026809767523,12.416959125646372,0.6183105066545871
497,UNCHS000219,3.4556901188843767,0.535463452539876,12.645729030877646,0.6137917979828593
498,UNCHS000220,3.5273532666069514,0.3761839535715507,12.907383994271413,0.5191594898133618
499,UNC252166,3.610317290924513,0.6071996605173313,14.831465662353594,0.5072949188209466
500,JAX00244011,3.455088489724176,0.5255569407126408,14.898444744910876,0.35777136674946763
501,UNC252437,3.4243061051977293,0.7405116008078119,15.220937629513628,0.3829883473682135
502,UNC253175,3.2505214766479185,0.4935899922226663,15.47899833312158,0.31143510444076095
503,UNC253917,2.945356560783466,0.731120388487077,16.560151085602456,0.31901349946395435
504,UNCHS000221,2.944215227651057,0.574106632142663,16.564573398833772,0.23791847129597224
505,UNCHS000222,2.9168630935155306,0.5026364804839285,16.738490939791518,0.25097718927480994
506,JAX00244057,2.918108357609981,0.7474903070607464,16.735574654816446,0.3472118782165656
507,UNC254389,2.9666895924829078,0.5642238126245086,16.60455423260396,0.27652078567261995
508,UNC254822,3.182296475553585,0.7800994872348945,16.354497893313237,0.1773715166080091
509,UNCHS000223,3.1121283060037968,0.4786235679072397,16.505839149836447,0.43985735691341343
510,UNCHS000224,3.113183419860434,0.6249844380891826,16.512369686863167,0.201621235831896
511,UNC255369,3.120932558804043,0.4931593787660948,16.55991037311037,0.27087273859944117
512,JAX00244072,3.1303751932641717,0.6106555196044426,16.623994936488316,0.1937191523112305
513,UNC255790,3.1318123938708595,0.5684658981580937,16.637641719788462,0.25488930173861596
514,UNC256362,3.110112315860988,0.4751336358165926,16.94908280687264,0.371735012511696
515,UNCHS000225,3.0885647503657765,0.451707223601147,17.117642202270417,0.3017753297655342
516,UNC256701,3.0846866585548014,0.6123457764460242,17.135408589283088,0.1635358251482362
517,UNCHS000226,3.084339270223154,0.4532012764297543,17.137494061534426,0.2013610430471657
518,JAX00244082,2.289367382945329,0.8753160529950179,18.702037939903676,0.1255026134088471
519,UNC257250,2.286141731796988,0.9779135601750465,18.673433180709708,0.1404665874622323
520,UNC257864,2.275087579241017,0.6572692316145692,18.602167581529102,0.13711457829066537
521,JAX00001417,2.256591053888542,0.74625832565977,18.791694859093695,0.12338336541791788
522,UNC258238,2.2289706223439225,0.7645539572200396,19.059134050722378,0.1650682211390306
523,UNC258775,2.0642055558253105,0.8787828224155448,19.001055290362956,0.10626212653143301
524,JAX00244102,2.0551539764701374,0.8230115656911757,18.98153363412075,0.07104053801855642
525,UNCHS000228,2.0040226581845673,0.869461482277234,19.56778450866932,0.11059027651858212
526,UNC259179,1.4894629076256933,0.9167338298287829,19.18761788621441,0.22702265999040605
527,UNCHS000229,1.4071581584926207,0.9142523713325997,19.068112613903395,0.19118876175843785
528,UNC259406,1.0889237110018257,0.8217413783565843,19.01991608637104,0.08893980131867225
529,UNC260263,0.8804466998469707,0.9710945324969407,17.373702911393366,0.23426730601719692
530,UNCHS000231,0.8690574585571085,0.9838380125304735,17.243671215026097,0.1602477288940716
531,UNCHS000232,0.8666142638141991,0.9972342643705843,17.196410415836453,0.21544142586087484
532,UNC260669,0.867491987997937,0.9302420903000191,17.016744426252217,0.18872691781502887
533,UNC261003,0.8640898233988992,0.950645151453054,17.40576081707809,0.1490144074914734
534,UNC261713,0.9748491059781372,0.9631939048571164,18.514321011814218,0.17961556749023036
535,JAX00001439,0.9760931754071862,0.9420828091179463,18.526033857973744,0.08987202663433286
536,JAX00001441,1.011396932200114,0.9459925817345717,18.516304335106497,0.09586851084778292
537,JAX00244154,1.0626527978315607,0.9199671779584484,18.89930211526962,0.11443855235657144
538,UNCHS000234,1.052616002315517,0.9973467097395042,18.989534414667105,0.07096161207842512
539,UNC263810,1.0032779831526568,0.9396722934163716,19.075923634755327,0.11811024538941389
540,JAX00244173,0.981875925323493,0.9430617366669494,19.097843954314158,0.16763883896214346
541,UNC264385,0.9819775321270754,0.8646503597319009,19.095055257068907,0.12796882669264786
542,UNC264416,1.0626300037820329,0.9158925563487832,19.07546032714845,0.15950716000835372
543,UNCHS000236,1.144621777190423,0.8618194173868542,18.87521133418295,0.17437125977242784
544,UNC265227,1.1298699529857004,0.948495171173083,19.93065006967072,0.17736221218581497
545,JAX00001455,1.1514946497809433,0.9625358946906596,19.984968402645336,0.14466371086416988
546,JAX00244192,1.1523067506345797,0.88563654447683,20.23152751388534,0.08471707942634125
547,JAX00244193,1.1542222664420478,0.9115337483753975,20.278886995122775,0.05611361739546439
548,UNC266348,1.1297131738751887,0.973605338752378,20.38699155282484,0.05541530371673962
549,UNC266725,1.1009740451127072,0.868552455700963,20.49308406910245,0.0763805817188678
550,UNCHS000237,1.0864596718122357,0.7951639684269854,20.418905449150998,0.05295625131739773
551,UNCHS000238,0.8831797445784559,0.9560271966444343,18.689859172969136,0.08101459491176483
552,UNC267257,0.8869141884972578,0.9926360352066136,18.750333455516056,0.15852529545529306
553,JAX00001464,0.8870068079056637,0.9621310047317128,18.750643842091222,0.08151857309285784
554,JAX00244210,0.8862325105715172,0.8969525589580054,18.75393218829413,0.17270733460351326
555,UNC268149,0.8804188321444144,0.9456352722219087,18.781898628690897,0.1723236727472739
556,JAX00001471,0.8841731784070817,0.9496630875618217,18.78353197394631,0.14241104604869692
557,UNC268995,0.877411800054233,0.9763136062038081,18.78880457941159,0.15251795956699712
558,UNC269692,0.8870051387555122,0.9410125908271179,18.932387775930465,0.11388965690503854
559,UNC269899,0.9217359501535611,0.9506665251302365,19.005051923492147,0.12901409481057863
560,UNC270452,1.2245210021678758,0.8642040209945463,20.23294788098042,0.07483032262399292
561,UNCHS000240,1.6141087630226139,0.8283212314597937,19.884759538748767,0.0658099630713067
562,UNC271085,1.8684811344801346,0.8231833431463548,19.625585815894283,0.12565186115996832
563,UNC271472,1.9399742697110014,0.9123728466478659,19.614429773139136,0.08898492596168595
564,JAX00244274,1.9757789810375925,0.8818851568662411,19.625919704028775,0.1643112770121779
565,UNCHS000241,1.9774265009225473,0.8532355519661694,19.630252251858792,0.07658486929098762
566,UNCHS000242,1.9799524576064869,0.849051255128957,19.633250548258275,0.19350989688266185
567,UNC271981,1.9915220997495453,0.9405202082323538,19.584281280871437,0.15062985612101587
568,UNC272451,2.0213804307650207,0.8589528781252744,19.25763619516897,0.14330617437474358
569,UNCHS000243,2.045858990250281,0.708038668689712,19.169149023817226,0.10752106031738443
570,UNCHS000245,1.8586061767989577,0.7864267743050428,17.90267746522659,0.15838275068955207
571,JAX00001495,1.948527825966039,0.6521776543294118,17.22745258484042,0.22273885342259392
572,UNC273653,1.9492660533871913,0.8423726290305726,17.22283188018605,0.1457377520277292
573,UNCHS000247,1.9878946434987483,0.9954535709510414,17.239414148991955,0.28841832137871853
574,JAX00001497,1.9880845654631685,0.8103579479207421,17.239522948643526,0.2430070593431068
575,UNCHS000248,1.9905916373213586,0.9121201817490792,17.240977478951663,0.24841203291515157
576,UNC274279,1.9920150513908084,0.698037364999606,17.24185151843494,0.2500519962097622
577,UNCHS000249,2.0161076953961583,0.8059414284862833,17.38763638938599,0.21074224408260908
578,UNCHS000250,2.02064123907644,0.8609031290737407,17.406683997355913,0.21891841004805318
579,UNC274811,2.0433605507482753,0.8961451754677205,17.452110606395763,0.2715788056909765
580,JAX00244301,2.047021683276398,0.7460916821616218,17.43924012154139,0.19144374308704884
581,UNC275165,2.048950374627111,0.7187395967148975,17.432398307032145,0.20554326099599066
582,UNC275738,2.057758167152315,0.908684243005332,17.39824558362693,0.5220975544283696
583,UNC275951,2.0634250674179384,0.7922945099658953,17.37309021298097,0.3187543078122602
584,UNC276290,2.0548086654832787,0.7554933220176491,17.410883620681034,0.25428502241455253
585,UNC276402,2.0552656572690466,0.7043138757318674,17.410131799584633,0.23126233762459308
586,JAX00244336,2.0576706273334366,0.7270849760058112,17.41139264817707,0.36046497779978015
587,UNCHS000252,2.0587528176133674,0.8513295369926767,17.434523604084916,0.26917581414021946
588,UNCHS000253,2.133994034227271,0.8854629715911221,17.42153168090954,0.172794945983235
589,UNCHS000254,2.1412306637544134,0.7622872553560739,17.419473555717786,0.279851567896961
590,UNC277576,2.1413096876569853,0.7874829431331176,17.42216484535129,0.3331070503773611
591,JAX00244348,2.14201686606998,0.706951549112955,17.43785323096381,0.3650302313255569
592,UNC278071,2.143890797494805,0.7603407550884415,17.472687146317412,0.16649326406027867
593,UNC278457,2.1460068806027266,0.8701488595412689,17.506155821808306,0.12563966536206955
594,UNC278894,2.1479524594626582,0.6979175553566128,17.529008957639007,0.16548574645010894
595,UNCHS000255,2.14806646190209,0.8189072692895074,17.53008902995657,0.24867945710412293
596,UNCHS000256,2.144245639797191,0.9656175606330006,17.513966815017284,0.2695968104591323
597,UNC279507,2.111644881932989,0.8127271300371726,17.693532393141368,0.14289690269880348
598,UNCHS000258,2.1112965427662402,0.6979278443285586,17.701088397524018,0.16162283132395702
599,UNC280005,2.108196897821017,0.7427304974197383,17.92655249340055,0.18019006803598703
600,JAX00001531,2.1089818801169713,0.7803777545316801,17.925683317946095,0.14814187731244277
601,UNC280284,2.139429380073807,0.6566652448704748,18.006564280216253,0.19247434270192443
602,UNC280863,2.2013083945480503,0.6776113464093819,18.21150185053989,0.17452200262270604
603,JAX00244392,2.219521479049263,0.9663264623696168,18.251218524748765,0.12552859970105149
604,JAX00244394,2.2210481372362665,0.8303469026446989,18.25267223415517,0.2332617816126527
605,UNC281272,2.2211525063116824,0.9276727497711319,18.25290035155149,0.19326099378227934
606,UNC281641,2.3196937773700483,0.8960252151709271,18.73858130393546,0.17829779305196472
607,JAX00244426,2.5396857800540147,0.6494392136655094,19.819561364967285,0.10418088932508367
608,UNCHS000259,2.5967761662857356,0.4113944261502368,20.0945544487779,0.18022522089204357
609,UNCHS000260,2.6530660234786865,0.7869284670374154,20.6985380280546,0.13046785014190734
610,UNC282861,2.6634412211326435,0.669422531188579,20.94062430557733,0.054483252193380814
611,UNC283190,2.6168174146089314,0.7692194096630456,21.128557523692734,0.10005360380532166
612,UNC283804,2.621323104685871,0.7910455455843004,21.13216893092931,0.041470742882477374
613,JAX00244439,2.621642955311245,0.5564242274226351,21.135176051002873,0.045963582723809716
614,UNC284199,2.622073991881507,0.6576028918347082,21.139381987708703,0.04728863457921848
615,JAX00244449,2.666747513753762,0.7054943546598151,21.167977749021247,0.05896263659482312
616,UNCHS000261,2.840432019275795,0.46363334375000465,21.219806109654655,0.0668263805968396
617,UNCHS000262,2.9773671904181356,0.47849925331556187,21.028188929728913,0.08314071954856601
618,UNC284694,3.0160007874619623,0.5773893190992649,20.720960481394286,0.0752424460904273
619,UNC284897,3.0311400204454912,0.8989972416126316,20.468766871747448,0.053320067573393394
620,UNC285476,3.054669098207796,0.6329387867400714,20.403534730252204,0.07991691384250603
621,JAX00244476,3.058995657124342,0.6357440230638957,20.415438553184686,0.07909573605837589
622,UNC287101,3.059955679610084,0.5761563678637848,20.41913249283607,0.05800707626333033
623,JAX00244489,3.0590304188551727,0.6726277851871213,20.417268386045635,0.05221410066639118
624,UNC287500,3.0594415794153065,0.6166531726788762,20.417322931103627,0.08282027027552785
625,UNCHS000263,3.0651041951575735,0.6261194624802718,20.419287839864865,0.08153012761109675
626,JAX00244505,3.065432559325245,0.399880716025886,20.418662240213507,0.048535447528584484
627,UNCHS000264,3.065435333625146,0.6568014176844155,20.41815308784294,0.22950030229311502
628,JAX00001572,3.0644133725759275,0.5425986525282172,20.414538478229588,0.07327386244974594
629,UNCHS000265,3.152969466152854,0.4752781556632403,19.187237284999128,0.12389336444395922
630,UNCHS000266,3.1543885966193557,0.4237765428026749,19.136585288789774,0.1325948217963107
631,UNC288334,3.155294191613848,0.42759540073144064,19.09785213921714,0.11761948919010157
632,UNC288956,3.1633369605947337,0.52435863072401,18.462376508366106,0.13806849160384416
633,UNC289411,3.0793300032337356,0.3822634464621999,18.500959076653317,0.2334917550654011
634,UNC289995,3.003665318346293,0.528230899046846,18.767974983991053,0.17035977603046704
635,UNCHS000267,2.9580251965298885,0.5106847733305324,18.96218628744282,0.08605809877911774
636,UNCHS000268,2.9808939518832176,0.4597268472372012,18.936700526628783,0.15712136770559057
637,UNC290518,3.047454651771659,0.7668278293156445,18.86288014828915,0.11694773535197518
638,UNC291039,4.17586998099523,0.28876312636420665,16.12306055100271,0.4057703159565744
639,UNC291812,4.178527818037082,0.2808534667213467,16.322846529207254,0.2548077520762264
640,JAX00244590,4.168822897137488,0.2601073891685569,16.365890443365288,0.32168396659519216
641,UNC292291,4.159581956013653,0.2609635293370187,16.41235714714685,0.2482989447004709
642,JAX00244609,4.150531963012554,0.5099744411033714,16.473050870471752,0.27365923974031764
643,UNC292653,4.2739533672775,0.34580581838972846,17.52289031011628,0.18170561525922463
644,UNC293247,4.394150339056978,0.4869045704163551,17.987427547343486,0.18179148882129256
645,UNC293808,4.4569815582497085,0.2592459353358059,18.221902261602054,0.09968230176862042
646,UNCHS000269,4.5289974988518225,0.40171764062936616,18.34709315612099,0.23757706658996716
647,UNCHS000270,4.538702007933125,0.2609493406000792,18.362524467207095,0.13440332128117666
648,JAX00244636,4.55952622640234,0.362162105593416,18.3652604350018,0.12956155577519024
649,UNC295267,4.556638552951654,0.2795557392059501,18.359980460689258,0.09712406773137397
650,JAX00191070,4.556316842204751,0.3618652273930349,18.35937196550981,0.09516260332615877
651,UNC295523,4.555521433723243,0.22377049588545445,18.357908200033307,0.19326812399368012
652,JAX00244653,4.55536765657871,0.409654818399334,18.35755652529724,0.1198279313049991
653,UNCHS000271,4.555181248097824,0.2557012085181754,18.356697697550317,0.18772282062703438
654,UNC296454,5.018405187220196,0.13382882663119075,18.137659385449297,0.14597611196305119
655,UNCHS000273,5.352189317781949,0.12426723653988636,17.78241647324444,0.1356105401679126
656,UNCHS000274,5.374849446682674,0.34811068744686624,17.7614256409081,0.12466362281315756
657,UNC297679,5.369709708297705,0.13941113227757848,17.763414507328662,0.2109614744492052
658,UNC298040,5.374994534745838,0.1222158626592722,17.719822767061032,0.12585269326614276
659,UNC298468,5.36751085576384,0.16496928779246858,17.704148665372713,0.250106920257102
660,JAX00244670,5.3672518461082745,0.15700687293604726,17.702959587779787,0.3224580531882626
661,UNCHS000276,5.365531992278193,0.3053723672568428,17.691133886483158,0.2713953242410079
662,UNC298792,5.364313513876141,0.16696764349016063,17.68227437861856,0.4405459493432634
663,UNC299362,5.360367428525024,0.23860775243998963,17.677852609357615,0.3120610136902089
664,JAX00244680,5.360059049031406,0.5004107252540776,17.67752870392951,0.10900989387338049
665,UNC300259,5.353693763587216,0.1424508420929318,17.671209891447234,0.24665611420139963
666,UNC300429,5.351800095523913,0.1962816345911501,17.66930134055474,0.18067824015702513
667,UNC300940,5.349327927076274,0.25931648722357087,17.655888437891463,0.22613693094992401
668,UNC301459,5.34653598979753,0.24652090885230024,17.640977367267396,0.1265274330189546
669,UNC302007,5.346819438822649,0.10289388334803187,17.56820090661381,0.21129494142416122
670,UNC302619,5.342451879688724,0.23439424761596517,17.51588597478826,0.21799490850505465
671,UNC303258,5.334512271422454,0.1344966693419791,17.41220070617851,0.258597336170429
672,UNC303470,5.33278492247382,0.11146454503836475,17.414276090051317,0.20254725130190876
673,JAX00244772,5.332195144761499,0.22516919806548688,17.448378462682285,0.21909652216995287
674,UNCHS000277,5.312038718962867,0.20346474734396436,17.890615213685578,0.1997747833547355
675,UNCHS000278,5.312603412772887,0.19140481175317053,17.896905723490363,0.1641664599216557
676,UNC304526,5.313320061420654,0.22822095908385162,17.90436545280363,0.09861279432799076
677,UNC304770,5.31904548873581,0.1487055835098514,17.9811990817293,0.13623197093444736
678,JAX00244787,5.319202743021833,0.25442818418543756,17.98211865223493,0.19098305791584616
679,UNC305044,5.322776252094627,0.2865931901633409,18.005380068791737,0.2203958656887213
680,UNC305368,5.38441355800569,0.17444235879959744,18.27285556514994,0.33235809632201363
681,UNC305681,5.381964604857785,0.1837171545706789,18.344415045082087,0.14608590557877946
682,UNCHS000279,5.381680298979745,0.292673022775462,18.349385977942347,0.11674801360041616
683,UNCHS000280,5.395480740082803,0.16150857384140044,18.346952080411484,0.17431076548428295
684,UNC306419,5.519753753209443,0.08199719948287976,18.441347414002394,0.09762163274463169
685,UNC306690,5.5605663631863536,0.17192731510296694,18.421305823815146,0.20390428470342847
686,UNC307271,5.630771379723683,0.21736189345245996,18.203260485157443,0.11643861386086328
687,JAX00001667,5.630622973784739,0.17461318752388905,18.18133216053411,0.18108238622616415
688,UNC307551,5.630508601495421,0.1765996888996019,18.163891766278084,0.2080011781383704
689,UNCHS000281,5.627853592651718,0.12160116102708321,18.144788850398754,0.1416883902558467
690,UNCHS000282,5.582772823349387,0.14886731942336118,17.881213433083303,0.18713073808891995
691,UNC307742,5.226091411666403,0.3045847949453152,16.805427090429475,0.2797180357988868
692,UNCHS000283,5.2606508614724135,0.24675427826334026,16.24654709405081,0.24122210103565853
693,UNC308448,5.173388281791176,0.11873987298012138,16.15590738211654,0.2189241757529442
694,JAX00244856,5.036892972173746,0.29130096180530113,16.122259413581332,0.34611767871523935
695,UNC309005,4.748695421914363,0.2795561831117483,16.14073974254893,0.2785726982273855
696,UNCHS000285,4.707412665299671,0.2120567112923691,16.041727294973043,0.2651777604714786
697,UNCHS000286,5.179241384345232,0.1787387368369415,16.989612919962838,0.2310367232518293
698,UNC309235,5.363751574516982,0.19720701911458405,16.95884804051252,0.2653532444643339
699,UNCHS000287,5.362830626127106,0.23661566982654403,16.894545127551055,0.2582035261300515
700,UNCHS000289,5.390914556607413,0.208552774059519,15.680580670409654,0.31745100591070224
701,UNCHS000290,5.106030954008929,0.18569279229059973,15.944869154646767,0.2310228106103014
702,UNCHS000291,5.079056045510015,0.26067786565278095,15.958303783820384,0.2464084735410824
703,UNCHS000292,5.049113982835934,0.21518342676311106,15.97887805930668,0.24646852548465126
704,UNC309730,4.956127404218023,0.3875034477744307,15.621716792526058,0.46548326409701635
705,UNC310436,4.712040622594941,0.18204865537193382,14.807978838407053,0.3643396799892064
706,JAX00244892,4.6759829953239205,0.32525563445594124,14.76098810662279,0.41370272100350636
707,UNC310673,4.849719385013486,0.4140559618234411,14.839109069524966,0.29360149622100284
708,UNC311195,5.479848846327968,0.20797070045150634,14.828871674402762,0.6047361416343512
709,UNC312117,5.854311665280875,0.2455083114099611,14.261316244495902,0.4483614496631266
710,UNC312831,5.351982512975837,0.1710367403412658,14.737179711965382,0.5225423284451562
711,UNC313243,5.328602181407405,0.15302954367315114,14.75383561531612,0.46337976018760957
712,UNC313543,5.306607693200476,0.23013488736267262,14.776208322997945,0.5687429151370457
713,UNCHS000293,5.300510857975041,0.2113716554687017,14.783074718734952,0.6716794492109999
714,JAX00244974,5.29098240769963,0.21273901510800197,14.78702008550863,0.35810247174091936
715,JAX00244982,5.30657595632124,0.1298988261118151,14.705789236224291,0.588678060793022
716,UNC315252,5.317877478852779,0.14349402135324818,14.647837347930363,0.36711106380632746
717,UNCHS000295,5.314334577112959,0.1974629694407026,14.648215832174401,0.4202150257646677
718,UNC316811,5.33713945080558,0.1792559058470582,14.603683846851482,0.5659025050240171
719,UNC317129,5.32556301944237,0.12033789402633518,14.553689740979735,0.5860334887868986
720,UNC317647,5.3338626663780815,0.28819759372704185,14.570440667119328,0.46562171625174137
721,UNC318124,5.334822208912783,0.3621102840633696,14.565184123046947,0.40489186165339996
722,UNC318619,5.320208902233389,0.2692545068671554,14.5492910035166,0.668588875926018
723,JAX00245029,5.319355014582015,0.14456526909938958,14.548317476411285,0.35335256437278045
724,UNC319005,5.309942404591993,0.1896659028187727,14.537751060224991,0.578478754868327
725,JAX00245032,5.296873083790842,0.16874816462239692,14.522604719166111,0.45687352133319276
726,UNCHS000297,5.29104580113335,0.3656322183548898,14.526453876363803,0.4886947944215108
727,UNC321690,5.2534860624964494,0.22005985863773547,14.567659914328488,0.44646036051605587
728,UNC322195,5.24647372020695,0.18273293771771412,14.593601762631124,0.45395518532405327
729,UNCHS000299,5.233582344709475,0.14862442513213373,14.606569656240026,0.48457723813300696
730,UNCHS000300,5.2306999064717274,0.20746745372112083,14.615195292457429,0.46271055255955335
731,JAX00245063,5.208894271066811,0.14428960025488533,14.6898201643819,0.48390884076014407
732,UNC323488,5.144953944196004,0.3046143469722142,14.881131613169146,0.5113222586339725
733,JAX00245068,5.139730398679603,0.27450637753608176,14.885000376213839,0.5530635883647593
734,UNCHS000301,5.135086163548067,0.2645667697833617,14.876485180573809,0.3080340293863191
735,JAX00245075,5.135697927132469,0.1670948250330529,14.871504913364333,0.43631810061793025
736,ICR002,5.1426079166014915,0.14114758255946622,14.838405738454867,0.5603457220086243
737,UNC327331,5.065193012954296,0.21181124997872017,14.812483900230518,0.32988023620936074
738,JAX00245113,5.062052271106495,0.24356720024139195,14.815041861210375,0.7361834875580794
739,JAX00245114,5.049327416698361,0.18032838920090444,14.826037905095745,0.47432364240450675
740,JAX00245123,5.041018002193141,0.259029831053847,14.862805095331169,0.297419122601465
741,ICR4004,5.033937190510414,0.27759522741983694,14.886571762441463,0.502123194205639
742,ICR4005,4.945701585788356,0.1721690752471885,14.962754326635832,0.641807136797644
743,UNCHS000303,4.894153608218858,0.21575543469180597,14.894640750081635,0.3077679769146254
744,JAX00001782,4.895191116384012,0.21833889962096817,14.893695235680298,0.32860538938199557
745,JAX00001783,4.896215618589622,0.16795474538275235,14.892951267006765,0.41943738652009116
746,UNCHS000304,4.899494884528849,0.29759002363464565,14.892216680135562,0.6122067083603849
747,ICR006,4.945034301173337,0.27158665582092384,14.854637899258478,0.3205043912528578
748,ICR4006,4.946262901884438,0.22414906607854482,14.854160964059247,0.6138643326648722
749,ICR2001,5.0324427503715015,0.27217039299220896,14.799443830629798,0.4765634251973012
750,JAX00245153,5.072562089817211,0.19217942639078872,14.771384218000094,0.3961309783407737
751,JAX00245154,5.078400770530607,0.165864510001692,14.766082561345684,0.3190717600135082
752,UNC333485,5.103601087207153,0.2474451296870338,14.742470751047222,0.3812928835322378
753,c1.loc27,5.1154015032807365,0.17148129613933455,14.728643581051756,0.5066092290574888
754,ICR009,5.144319630883274,0.25550840593669893,14.7218688315711,0.5305286454298247
755,UNCHS000305,5.146364557104334,0.19193667583312854,14.751655952159126,0.3571659315872634
756,UNCHS000306,5.145391265782337,0.18424936138123763,14.753201999297517,0.34886083503985366
757,ICR010,5.122864334495262,0.1712215809327169,14.82145870289878,0.5170214210544435
758,ICR4010,5.111257999280042,0.1851381054239259,14.843279125508616,0.5138682366787537
759,JAX00245183,5.082976682038179,0.16322366813671632,14.934591325944211,0.4741560449022134
760,UNC337071,5.0669088711815675,0.306713018983796,14.926332765108782,0.36717334912011645
761,JAX00001821,5.05140472847188,0.2478202652700652,14.846047329285284,0.3832005217229222
762,ICR011,5.051759040674369,0.13898996024477503,14.824267230215128,0.4510875707704759
763,JAX00245205,5.102260556257306,0.23799869510157398,14.646646719949786,0.4818707729034892
764,UNC339202,5.069320930821732,0.22476463351947523,14.719996789776587,0.5264052939042612
765,ICR012,5.033835284076758,0.15678570358950625,14.768495319370686,0.44069455571766386
766,ICR4012,5.03068269550522,0.23442380304583973,14.775518683682321,0.5960736395699259
767,ICR013,5.051129099501168,0.4058347771913356,15.225736441654362,0.4522550651819612
768,UNC340151,5.048303932311228,0.19626145606109385,15.233817630411522,0.49789271860579926
769,UNCHS000309,4.823623224978974,0.21633379815018106,15.536974225655058,0.3212811988571804
770,UNCHS000310,4.805085933308419,0.18242666860971307,15.56472276081422,0.5423687002631536
771,UNCHS000311,4.717802860234997,0.3206348805453245,15.88000940116649,0.3502693855746597
772,ICR014,4.669258563005997,0.26798944816103565,15.907810561809356,0.4055358121491929
773,ICR4014,4.676917792953873,0.21150368564151845,15.941752913997561,0.3422390321502312
774,UNCHS000312,4.622952565645164,0.1781607224568221,15.975847726300117,0.24676085085928617
775,JAX00245237,4.25007639754358,0.4682621965361526,15.179564716483128,0.39616110229748097
776,ICR015,4.314171504249316,0.3374844561169162,14.97276107195421,0.30944205375250033
777,JAX00001856,4.410888530142984,0.3255247161579698,14.724781789469489,0.39017274601167895
778,JAX00001865,4.405815736328805,0.5216180040468936,14.833705071135228,0.39908239951681074
779,UNCHS000313,4.405058628682127,0.2588336531656809,14.854596571140064,0.4047321396696095
780,UNCHS000314,4.4048959513579575,0.3678567111632826,14.858527326845433,0.32637640575990745
781,UNCHS000316,4.404705461191043,0.2365068179550449,14.866324902056249,0.5876836839558048
782,UNCHS000317,4.403918907996058,0.3286609809916289,14.901014146560101,0.5039135402919698
783,UNCHS000318,4.403858547046411,0.23286557760092047,14.903665614251395,0.4011330501930353
784,UNCHS000319,4.40386476164349,0.3095608133304384,14.903799117259496,0.3533902593112071
785,UNCHS000320,4.404098589924615,0.2649505941376309,14.9054426394855,0.3944245380785369
786,UNCHS000321,4.4078613603533086,0.42086640915436224,14.952877140876126,0.4897343341664297
787,UNCHS000322,4.402882481445658,0.4758740277105719,14.972319517725282,0.5314385603415832
788,UNCHS000324,4.269808849712717,0.33654310284004185,15.18097309266318,0.3921212813696117
789,UNC346097,4.265367126192359,0.2688791605978827,15.214419275688215,0.5152434088925394
790,UNC347566,4.254833929653387,0.23069271524508603,15.201748118456408,0.32922612054224215
791,UNCHS000325,4.251187200750564,0.3656967323540366,15.199475126708876,0.4968257075612011
792,ICR021,4.2500375786844415,0.295590302129574,15.196558028667141,0.4823781181558721
793,ICR4021,4.2487535763159485,0.3332373148685038,15.194300392130572,0.4334589430847824
794,JAX00001906,4.246694600063165,0.38915004034905737,15.190248315991767,0.5355286416060774
795,UNC349593,4.220592969368681,0.33326846868678184,15.12340037432682,0.47069985993184943
796,JAX00001921,4.079482652456136,0.43569354562345425,14.697996327182182,0.5200352625630479
797,ICR025,4.000522009848737,0.34892929719066473,14.932224109604249,0.49779385327532727
798,UNC352920,4.039938880516274,0.5015187371974271,14.97591178401126,0.4685168645206057
799,ICR026,4.1349715132253095,0.28166219933867154,15.244336885620442,0.4397864488807056
800,ICR4026,4.134975783629443,0.2908786996595407,15.244345565889262,0.319795924329981
801,JAX00001940,4.1667191089757125,0.3786129909605156,15.311945192429675,0.3885385836610368
802,UNCHS000327,4.176697276522418,0.4850141949416951,15.353042043169808,0.3987540722776225
803,UNCHS000328,4.10979909128605,0.4724467099012895,15.351146663948157,0.4560704949707095
804,JAX00245379,4.0285148360587755,0.36662019587564987,15.417225198777032,0.34499290661259047
805,ICR027,4.02565738486237,0.34990528077601485,15.417849708542917,0.3491159594480128
806,JAX00001945,4.005332760609235,0.44630270202627625,15.389514362998852,0.6935420871836985
807,UNCHS000329,3.992195312367812,0.4982442424050162,15.364994710882456,0.5758344192140423
808,UNC355453,3.978315958473104,0.3373211268119424,15.338679040367879,0.35039766471967865
809,UNCHS000330,3.975412910513114,0.3494147663636641,15.29519578822783,0.37356191045966747
810,UNCHS000332,3.9611209263835008,0.21709733373626774,14.891912977680477,0.5907780995501307
811,ICR028,3.9083354904710177,0.43517208481214814,14.983296003584883,0.38833172768403856
812,ICR4028,3.907788595916145,0.23467888371178014,14.983452690220702,0.3921191465010136
813,JAX00245388,3.9037868536254337,0.38890615711869736,14.984206491130408,0.26639922133513905
814,ICR029,3.872276597969403,0.5343130706767087,15.174705452425997,0.4574905729036308
815,UNCHS000333,3.873319291398957,0.35472831916566,15.203294006491205,0.4146143921870811
816,JAX00001962,3.876229831968203,0.6097634126692426,15.459089499072888,0.21384753574570442
817,ICR030,3.8656755774500198,0.3387863564812681,15.463643453306759,0.2999097828943096
818,JAX00001969,3.7926609732310226,0.6292419320674169,15.539645110218544,0.320988741902656
819,ICR031,3.7106974018263372,0.7025684684500357,15.617974019768553,0.3945688543020281
820,JAX00001981,3.7303320671871916,0.3061027059771536,15.703707013251915,0.4472375397816221
821,UNC361622,3.7375421217022904,0.35399200796309227,15.717866596180784,0.24238474783918593
822,ICR2002,3.742834901988317,0.30735858932336696,15.727657341718896,0.32711352269764304
823,ICR033,3.785404283367143,0.34733173212241986,15.818441570417917,0.49604441103996594
824,JAX00245451,3.792785167596776,0.5113142257029144,15.842535394553352,0.36973525578280064
825,UNCHS000335,3.867390771566761,0.5215312927861697,15.96633887166604,0.5814708492841861
826,UNC363662,3.8736381901476307,0.35749341545168417,15.976024739223249,0.38335773603927337
827,JAX00245470,3.858578319442586,0.27703879201590054,15.9699485018416,0.33913798127735617
828,JAX00245481,3.8588656868821545,0.640860704312624,15.956373863852377,0.245653738495652
829,UNCHS000337,3.8640959334634317,0.42842879277329365,15.953881672583066,0.4275785934030593
830,UNCHS000338,3.855815297380559,0.5187916514091622,15.9722127936991,0.2550934445580423
831,UNCHS000340,3.8528103551545883,0.7149390481959534,15.982360972365314,0.37745532810659993
832,UNC365663,3.805439698818873,0.6098136202303599,16.08529501654334,0.2758749394262817
833,JAX00245493,3.930761746530834,0.5100390774813336,15.91938763237681,0.3333476659916506
834,ICR037,3.9330543848691377,0.356096658467041,15.917031202581711,0.4196173894062431
835,UNCHS000341,3.946778206151066,0.3543126748706883,15.97092936362992,0.3443852580937257
836,UNCHS000342,3.9484086510813086,0.418200513058388,15.977674263779363,0.529540924557253
837,JAX00002024,3.852080107533766,0.5002760097913251,16.224559819408114,0.17052580363083122
838,ICR038,3.853928217509065,0.3610293417882817,16.228644213399775,0.2715474689109518
839,UNCHS000343,3.8751167384098153,0.5596137366660373,16.275559008833625,0.30611675641700237
840,UNCHS000344,3.8787717098634857,0.4000930292596168,16.27936893803053,0.21210250206167316
841,UNC368438,4.214325983360368,0.3391255007228413,16.620188152668334,0.24067363098188818
842,UNC369354,4.427712312259018,0.20730945368829182,16.849593089654945,0.2609860989652723
843,UNCHS000345,5.330260628314136,0.18053378844009407,17.750393857825884,0.17868673402106156
844,UNCHS000346,5.323171968263068,0.10913542094251978,17.550043713701143,0.2348436119089495
845,UNC371742,5.406399852417735,0.1386251223195075,17.600359144787262,0.24921894163055328
846,UNCHS000347,5.544374752617841,0.13662715112670737,17.665506424253408,0.18480418785266264
847,UNCHS000348,5.555083164466396,0.23982666951832773,17.669295051865674,0.18663312874602128
848,JAX00002067,5.571677072903185,0.1318030348773664,17.735960538171867,0.3120421623012248
849,UNC371950,5.602829324000368,0.2532923333530928,17.785327257265862,0.1630082376379884
850,JAX00191210,5.641991433887597,0.11874429593141927,17.872170247009308,0.12029213409814457
851,UNC372374,5.646954912257115,0.1709398537810441,17.883377045409134,0.14309610577641432
852,UNC372930,5.685479088891952,0.08165057013870546,17.95901748606275,0.1587090439564182
853,UNCHS000349,5.686502167868639,0.17510166368756144,17.960953732052758,0.10941027958823857
854,UNCHS000350,5.686070597243088,0.13370073895803858,17.96057147279157,0.09187751206080319
855,UNCHS000351,5.67848904335915,0.17496791093110653,17.962975253755076,0.12587401167347317
856,UNC373330,5.678718655774901,0.1280553813570826,17.962687980766532,0.2653882777727113
857,UNCHS000353,5.678793300358848,0.1532844588000092,17.962592401077245,0.12441694525731822
858,UNCHS000354,5.678849485899946,0.13018872767343648,17.96252108874637,0.2521061495916229
859,UNCHS000356,5.678797794612137,0.1270174899909362,17.95791769390803,0.11644511688192646
860,UNC374016,5.679055442077697,0.15901928478932348,17.925397558342866,0.1562307803111871
861,UNC374674,5.680523395922819,0.1040949114189103,17.849514496902657,0.1443064668802836
862,UNCHS000357,5.680964288514588,0.10907017932747404,17.840288150225206,0.1737328487070989
863,UNCHS000358,5.715062632831405,0.21429315639946775,17.76150921701651,0.33841950837285983
864,JAX00002092,5.742227739779992,0.14311717039631383,17.756566390137777,0.18254820080531134
865,JAX00245639,5.754649137525121,0.22963838649499949,17.848255056113658,0.2768851554322947
866,UNC375193,5.754959480722164,0.187705809863438,17.85616105182112,0.22218795307289857
867,UNCHS000359,5.75183343542426,0.17387954827722824,17.87253526643667,0.13965220087206529
868,UNCHS000360,5.737535108775546,0.1372013835180981,17.94444720431443,0.15210960315786404
869,JAX00245647,5.735204752938444,0.1443181022910791,17.92310907546971,0.1634548916439898
870,UNC375681,5.733211955482602,0.09579005778887979,17.905724090993317,0.19003512806853184
871,JAX00245661,5.729873221921707,0.1474371466997978,17.877375151161004,0.21130560053732794
872,UNC376451,5.727328139187648,0.22188579284384377,17.859877647225403,0.25480541401833157
873,JAX00245678,5.708751623875287,0.1882730432796187,17.833798821349774,0.17404609930447273
874,UNC377508,5.704323719235845,0.13391485665796263,17.827044189804383,0.12393170359661601
875,UNC378383,5.7348583848079215,0.1283289286931748,17.792834151388433,0.12961508962322327
876,UNC378818,5.7428561767444535,0.1997809732219627,17.78624062271024,0.3387698167473025
877,UNCHS000361,5.844301876712279,0.2401257723251511,18.371766822848485,0.16181432244026142
878,UNC379113,5.929688098956603,0.1368935728848883,19.093461520352548,0.17121699179270752
879,UNC379621,5.881502191797608,0.10728604266774593,19.166198120575018,0.09673007556118055
880,UNC380599,5.712963077344284,0.19164730235708896,19.25769262222616,0.13525331662243037
881,UNC380748,5.593630589110489,0.1364832411518759,18.33561237257618,0.1788079580529132
882,UNC381552,4.699153344433853,0.2915488960776572,15.05955179988814,0.27724288193612456
883,UNCHS000364,4.700348773571704,0.21845972415169454,15.083062328738379,0.5439480634160028
884,JAX00002140,4.702307256860877,0.4237449899384588,15.149437079176778,0.4048630362690961
885,JAX00245728,4.66237164295012,0.19577578386547267,15.163776607609634,0.3027415076530373
886,UNC382234,4.650775456794236,0.33829476801197805,15.166576481612083,0.4274602174484436
887,UNC382696,4.617676186365543,0.29488917974828244,15.170102776243994,0.3328561583029088
888,UNCHS000365,4.581612092657679,0.294703016400602,15.253692290135177,0.48714416522550885
889,UNCHS000366,4.577530044565492,0.17770157857301191,15.262411191592946,0.3400276062744505
890,UNC383081,4.557097745028159,0.49575196398960525,15.299452514796258,0.539941269910238
891,UNC383274,4.525939124035631,0.23959668134636516,15.358062501337372,0.43746400246288597
892,UNC383727,4.493081027592325,0.2868300119708884,15.41232400542549,0.39404616367937556
893,UNCHS000367,4.3291587098028685,0.3112770587704492,15.521197149495265,0.26289177994882035
894,UNCHS000368,4.3255601913110695,0.35494481653515647,15.52345367503267,0.36854858151485403
895,JAX00245751,4.25444488658718,0.2532252741490041,15.56117034234535,0.4155442370164986
896,UNCHS000369,4.194335467034307,0.3064017371451614,15.592048850536685,0.3966199941331857
897,UNCHS000370,4.1907284311214426,0.3959516804054345,15.593712516961887,0.29653653966077526
898,UNC385417,4.195249494318432,0.24069610361038526,15.628792162428454,0.4255472110277679
899,UNCHS000371,4.207091607857819,0.3649027097939253,15.75433423303275,0.3330310879755494
900,UNCHS000374,4.1990139888689555,0.33458154767283926,15.991068443508993,0.24445591903527014
901,UNC385804,4.198265701348646,0.34435861208182744,15.995673065789106,0.35816261055833926
902,UNC386035,4.106739285714639,0.47751956211845376,16.18001901722937,0.43744132218252435
903,UNC386248,4.074126078052586,0.46576925350042186,15.647095544402191,0.3923235548709832
904,UNCHS000375,4.365924972661105,0.21864643496010108,14.721801308242448,0.36070463140091147
905,UNCHS000376,4.443613752613601,0.30630879152800605,14.62356439438031,0.46521514051063656
906,UNC387018,4.3852422055470015,0.24358734942094726,14.409668518454055,0.6001466510737573
907,JAX00245787,4.872853011460393,0.18338563914071132,14.26777678634835,0.4940253709012414
908,UNCHS000377,4.827585415926933,0.2784815832454205,14.438820371032762,0.4089957169458471
909,UNC388491,4.9909697736338785,0.37556033550751233,13.739303298430968,0.4366120319467372
910,UNCHS000380,5.00059885147175,0.18513689470026237,13.75380718677161,0.5822734349986765
911,UNC389166,5.0196727006964466,0.22928966889227018,14.134153798158877,0.6326483313657338
912,JAX00245815,5.035642706825456,0.3054107878926788,14.129129295320354,0.5234577651335245
913,UNC389352,5.0363398995500575,0.15548496352851016,14.13509789958016,0.6217056360844706
914,UNC389737,5.032149695095995,0.24755168158338062,13.583241390087096,0.7173884170706095
915,JAX00245836,4.8930612225035475,0.21543891593516276,12.79080618957596,0.5010413659147501
916,UNC390703,4.915648091412777,0.14273400367874464,12.788477297549434,0.5300557554246721
917,UNC391961,4.957838336240002,0.1904779809483592,12.75291262319297,0.6044568390673979
918,UNC392954,4.985876676463931,0.16832650622559114,12.631359422428432,0.5655446973458285
919,UNCHS000381,4.992255272118655,0.2861915966816123,12.551343832670227,0.5513325712619958
920,UNC394473,5.086653668727195,0.22587879690399407,11.869546661742788,0.7092836075863999
921,JAX00245906,4.408970460865021,0.31986654329415626,10.402216926736628,0.7824689469774148
922,JAX00245909,4.399641474166856,0.2236305356392346,10.379245519297456,0.7356970043272296
923,UNC394961,4.394180127473646,0.21552071677255463,10.365415362440672,0.756199160914091
924,UNCHS000383,4.404078469508704,0.4288313298072529,10.347696289473788,0.8101158985859325
925,UNCHS000384,3.836807681043183,0.3629595013569731,10.245559052453473,0.9628534439332675
926,UNCHS000386,3.3629859275788476,0.5105879426517425,12.64681802637665,0.772553558992762
927,UNC396545,3.530602955008817,0.49852184864859633,13.181387157387235,0.7663890206820938
928,JAX00002239,3.619437334156828,0.511484176849817,13.53903387237915,0.43530182322080385
929,UNC396884,3.657881119643889,0.33796808511415455,13.665795323478505,0.6319157492334702
930,UNC397206,3.6796957560611645,0.39260247910205054,13.653856472669304,0.4952220268505964
931,JAX00245970,3.664814727242174,0.46030398253670995,13.655463916480585,0.6605117330739835
932,UNC398516,3.6196428279465636,0.48003319079339185,13.656159411284534,0.5742223123615414
933,JAX00002252,3.6485469566871416,0.7212708894061003,13.811244441707686,0.6030020224794451
934,UNC399108,3.6486606956225387,0.4601137752504903,13.802776417643372,0.626756184791741
935,UNC400200,3.658979794663537,0.4551196195487066,12.104979210541387,0.875483119103959
936,JAX00246022,3.6573181643482258,0.4398743173096743,11.897096384972656,0.6601572705765361
937,UNCHS000387,3.6031356393252736,0.5745425518305878,10.466377695527171,0.9474484950926394
938,UNCHS000388,3.6010582549606625,0.3729956717979031,10.468197188489285,0.9056035654012614
939,UNC401821,3.6011746716121706,0.6902090030773904,10.467244149187309,0.757455046138244
940,UNC402209,3.6020159675374543,0.3348505956833012,10.468155297472777,0.8641164984285032
941,JAX00246070,3.603578034238126,0.40521753466093374,10.47017809879253,0.7823342006374966
942,UNC402814,3.6043989995412176,0.3938223490906847,10.471326534834589,0.9551958476291458
943,UNC403880,3.608036983632701,0.3567001388365726,10.474659442740176,0.758288994001621
944,UNC404611,3.611116786725006,0.38504957623864544,10.477828761117507,0.7944780014628712
945,UNCHS000389,3.611100531284137,0.5371259352568902,10.477819545103557,0.9340990360042897
946,UNCHS000390,3.6115336089931134,0.6525207059779534,10.47770219324002,0.8764325407930067
947,UNC405147,3.6110009696453744,0.3928046919880011,10.4814096143798,0.7335848338292946
948,UNCHS000391,3.6115321958943696,0.48831840273772464,10.482100472591128,0.7551840489238157
949,UNCHS000392,3.611658673904685,0.5869432773559028,10.482040593294641,0.795304740543914
950,UNCHS000393,3.6130973116216865,0.5385559356825701,10.48380112693826,0.7945928089639933
951,UNCHS000394,3.6136127832894545,0.6376557367290672,10.48483362849197,0.7401329139166508
952,UNC405774,3.6140652455421787,0.437771623040436,10.487803980993931,0.6646182811695279
953,UNC406061,3.6082538463824676,0.39265095675032896,10.484938921156072,0.8071369354365863
954,UNC406743,3.5962647976766675,0.49224970044439376,10.482971347161993,0.8328591018796618
955,UNC407455,3.5484895178440183,0.4515890284145907,10.974246993208226,0.8486593260492914
956,JAX00246131,3.536588514385585,0.3664452733672066,11.079315058163274,0.8585083851572703
957,UNC407727,3.722515692404386,0.5501729705942138,10.973691997254036,0.844425114724408
958,UNC408010,4.246075503533348,0.2275113281076835,9.900088093382692,0.8033041839989985
959,UNCHS000395,4.251502247979261,0.6188694578977473,9.793910381694786,0.8283502454733042
960,UNCHS000396,4.05884410798194,0.31350609139015917,9.944965931741763,0.8918651880735016
961,UNCHS000397,3.853001137058982,0.36594697607664356,10.109416386538214,0.8784218642348023
962,UNC408340,3.712900605590221,0.42469097686185975,9.996572364054146,0.7690520634759741
963,UNC408563,3.5663575066578233,0.4222274801582067,9.782500935103599,0.735316809188596
964,UNC408807,3.5767370548269355,0.4793101527922143,9.802229596498819,0.7110970215976652
965,UNCHS000399,3.5897673235413095,0.5184643406003677,9.780365376442887,0.7416048619831022
966,UNC409387,3.679867792548521,0.4291368674094773,9.472644710948543,0.9144465842024851
967,UNC409541,3.6656391236465424,0.4484494930996362,9.441374647216435,0.8979279657659257
968,UNC410159,3.566269229688487,0.423845450228041,8.915943357299284,0.9380009001090186
969,JAX00246170,3.518939701802992,0.4130126159740289,8.888910513024712,0.8463581429120937
970,UNC410424,3.5001353703382847,0.5474989906985911,8.892044439166284,0.9393155181304468
971,UNC410901,3.478147815791772,0.5240939545432325,9.304231810296415,0.9021334223581856
972,UNC411215,3.43709028215153,0.49525630033148865,9.578853031247036,0.946799703723119
973,JAX00246189,3.481783653452794,0.502661922386952,9.683535875100915,0.9431027128091197
974,UNC411472,3.4906412483724125,0.3986628703162891,9.721096158917135,0.816955602773688
975,UNC411848,3.509866068324527,0.5954740521479089,9.804696732094953,0.8374148623678515
976,UNC412410,3.2792458609840196,0.40972420958220046,9.935574390833153,0.8950909737394898
977,UNC412688,3.2920068015635024,0.6380939330581145,9.978426007049848,0.9531204785112721
978,UNC412921,3.3106966027564795,0.543340247979103,10.05074487803131,0.8221158328636909
979,UNC413286,3.3320715416002713,0.4997545464248367,10.132146883891664,0.9713921653752566
980,UNC413360,3.336658386714589,0.6764081012872962,10.148978748458603,0.8584546279528915
981,UNC413634,3.351828205924221,0.6502393687624632,10.199984279718592,0.9894562215874001
982,UNC413954,3.3740120938750806,0.6417749215141246,10.276889385690765,0.7843129990860971
983,UNC414357,3.391113238111302,0.626666215889403,10.338299073759117,0.851611984168005
984,UNC414561,3.400283863423738,0.5779172145451534,10.37191760674068,0.846030085642226
985,UNC414867,3.4075364471304965,0.6109570403847857,10.399510314389545,0.7692812666295339
986,UNCHS000404,3.5907916101775754,0.5893386261692629,10.25885794638225,0.7768129378038954
987,UNC415288,3.5915755003813956,0.4064990029325404,10.263000879205492,0.9633485568940728
988,UNC415620,3.5981289003370875,0.4817544009480934,10.301808245523489,0.9293868828636516
989,UNC416008,3.6041406216218093,0.5726161519672703,10.34011605092087,0.8789077739575673
990,UNC416328,3.6124512443061576,0.40826530581970294,10.39770105555317,0.7501333868375782
991,UNCHS000405,3.6171861368447935,0.4073321543997543,10.432219415321015,0.8392067928315637
992,UNC416643,3.61660106579734,0.3495193364930089,10.438670719634047,0.8985826688101726
993,UNCHS000406,3.6166495387592477,0.39669971531701415,10.439009634706508,0.7719041717143339
994,UNC416870,3.6154421880551126,0.38742016641022897,10.444096827150133,0.7626149614925088
995,UNC417558,3.452490767740528,0.5823023721433385,10.162121204091363,0.8622859079475611
996,UNC418172,3.3789262180509922,0.4883243966096902,10.477060525486422,0.8882914105625502
997,UNC418392,3.3611842974207775,0.3711985689927363,10.614105785430638,0.8261643671190815
998,UNC418645,3.362001213934718,0.5504802595600359,10.641513226618144,0.8883247891015383
999,UNC419202,3.3513046816451606,0.4799834654324211,10.751822782583531,0.8536555988754337
1000,UNCHS000408,3.1046154313917214,0.4316735362911561,11.395925038507812,0.7270744089921116
1001,UNC420009,3.043353030857361,0.5861904080333449,12.207825300724153,0.8352520572371486
1002,UNC420225,3.0783215041215044,0.41032202201371226,12.278624103807942,0.7993684266686374
1003,UNC420525,3.0485628923813692,0.4822659521628672,12.266263289784774,0.7416019074436098
1004,UNC420638,3.06614517629896,0.47251625866585145,12.076988528033098,0.6316052061539215
1005,UNC421161,2.9908037545560546,0.4646046925042721,11.34673163556704,0.7830159531745701
1006,UNC421398,2.877944936428321,0.7588232499675073,11.182695366571352,0.7920825717728639
1007,UNC421584,2.9594906088555035,0.7204600670631587,10.578270152549749,0.8175966948733042
1008,JAX00002354,3.141486029294583,0.5693179203759706,11.299537007418849,0.7603494519549358
1009,JAX00246362,3.1724501307087394,0.5693402412057704,12.3091144855307,0.6473880887311428
1010,UNC422528,3.173315905765776,0.5692487238905176,12.480821472184061,0.5569968763452399
1011,JAX00246365,3.1730301937172953,0.5525009608201262,12.483913786020821,0.5607436441802208
1012,JAX00246378,3.1270369860860683,0.4447642704674962,12.620520790070259,0.7228950489760423
1013,UNCHS000409,3.086398827088942,0.7840923364078574,12.716130505423962,0.5275830184827208
1014,UNC423396,3.073550739595248,0.5166040709708816,12.742753160099255,0.62223631678835
1015,UNC423980,3.0669836197785116,0.6307802545243657,12.774549637748578,0.6720912644640509
1016,JAX00246388,3.066134307161292,0.7145087032712091,12.778292238823042,0.7086652927715548
1017,UNC425112,3.062051843539166,0.5487016350570987,12.824192665241299,0.729381156524916
1018,UNC425729,3.0593434739585064,0.5687644330259503,12.848457482260073,0.552892069369851
1019,UNC426583,3.060075032946088,0.47093177981696566,12.890646946126935,0.6467017772552817
1020,UNC427689,2.968301780184447,0.5410231629711273,12.651068531269857,0.5737986571483614
1021,JAX00246465,2.949882853189365,0.42640650548694226,12.601304971048421,0.5847787720579637
1022,JAX00246468,2.94616663251918,0.5561743945010177,12.591339753281773,0.6072827406146594
1023,JAX00002377,2.9461675139982617,0.6792728978314595,12.59138067430149,0.48545790845598963
1024,UNCHS000412,2.9583036214080494,0.7275580099818354,12.696285725842927,0.5049570178859156
1025,UNC429302,2.962045066835799,0.6288247808872844,13.330995431789916,0.5969259907802967
1026,JAX00246508,3.084474069031785,0.3626903756946681,14.009593864379895,0.6093459503454824
1027,UNC429913,3.1008099308128294,0.5795855784865664,14.046654169170552,0.44241435281452013
1028,UNC430594,3.0989078083866843,0.7351322357231894,14.091891613704774,0.6789938608582037
1029,UNCHS000413,3.097523931003252,0.5490059393130153,14.107384185693263,0.36390032807514533
1030,UNCHS000414,3.1011300270008633,0.572044471553148,14.143024656527587,0.6207107091800224
1031,JAX00246557,3.17302346287579,0.4967463847310659,14.952162974373095,0.4000475676008167
1032,UNC432097,3.223935785737922,0.7313298979189226,14.970927570558842,0.36936312349397105
1033,c1.loc35,3.3944703880249563,0.681068129907335,15.00278164816109,0.4004119145288383
1034,UNC432749,3.643916278389952,0.7042084527457594,15.050321981039588,0.25398402787569635
1035,UNCHS000415,3.486682942939524,0.5774809080896206,15.23456265579216,0.40289642124957326
1036,UNC433296,2.9879500406689203,0.8258813994450366,18.253082882834633,0.20141451011558112
1037,UNCHS000417,2.981491469603043,0.659926998114386,18.278608604986857,0.2322739694368082
1038,UNCHS000418,3.0129233358907186,0.41807274744966033,18.27172442298479,0.16833170306987952
1039,UNCHS000419,3.4459836328894653,0.43822489919192004,17.67941735451609,0.15576488212777398
1040,UNCHS000420,3.729325658045582,0.66435485444407,17.437867845022083,0.1526476670373466
1041,JAX00002406,3.7530022703219856,0.5288462093351339,17.385029960762267,0.24372930713341395
1042,UNCHS000421,3.936363125877506,0.3478962579741132,16.908911331901436,0.30154011486733745
1043,UNC434983,4.2369092986559735,0.45082092562347903,16.433580328359767,0.3073613774475855
1044,UNCHS000423,4.228980635289872,0.432132145648041,16.46677916108206,0.24938348059463988
1045,UNCHS000425,4.228323799532063,0.2713596212858131,16.468759500713077,0.2535044934200152
1046,UNCHS000426,4.224835084011829,0.24161801006905834,16.48636870004043,0.27060784732060034
1047,UNCHS000427,4.222005977696881,0.3426756597578526,16.497659444056353,0.16323883088189617
1048,UNCHS000429,3.807360747533494,0.309655814561316,16.837236339086303,0.2757350155197889
1049,UNC436468,3.8675636992368254,0.3910099095236889,17.16549259141334,0.24448680995861094
1050,UNC438077,3.897268177905744,0.3035831404995211,17.26244909239381,0.2439395335989964
1051,UNC438854,3.602760122523705,0.31115692615919804,17.205811115641154,0.2683116573278136
1052,UNCHS000431,3.566679690413366,0.43767366996839524,15.843673215382296,0.2998736509832761
1053,UNCHS000432,3.5659586689312164,0.41480829471714237,15.636518986619194,0.35233940753490905
1054,UNCHS000433,3.585981598676881,0.4085829982499069,15.640194548027921,0.2890808607851445
1055,UNCHS000434,3.5928716073474334,0.5968705279107236,15.641103762112152,0.533066974283553
1056,UNC440036,3.611710300566756,0.4744869252942008,15.740680200571887,0.42114025142671413
1057,UNCHS000435,3.941043706500068,0.3634924643640305,15.977542109757678,0.33331130202323805
1058,UNCHS000436,3.9499105336958564,0.43220171891590875,15.980915512953743,0.40418717481850025
1059,UNC440633,3.975155833116105,0.49269101179800384,15.986634751053089,0.4253865851991877
1060,JAX00246703,3.95728069258098,0.41814257847246045,16.174882149403857,0.36485105465630074
1061,UNC441788,3.8252679334316326,0.36459710475791585,16.328021470868634,0.21318245214517564
1062,UNCHS000437,3.9217869068611435,0.41041457094450073,16.51794318921293,0.2765087816403211
1063,UNCHS000438,3.7423555278469394,0.39499614359006346,16.606811103607924,0.22697918028243855
1064,UNCHS000439,3.426204355814207,0.7080502564759207,16.60325410620362,0.37589484021399255
1065,UNCHS000440,3.209237121990327,0.49602469135360244,17.15204374695145,0.3289273647264258
1066,UNC442185,3.157123212129818,0.448096461304246,17.069685435339125,0.2592122489725406
1067,UNCHS000442,3.011911157561144,0.5805029584998752,16.896505215844627,0.18106937720149544
1068,UNC443247,2.9285351438566067,0.7821514420005655,17.0292276993423,0.2951712759454245
1069,UNC443490,2.929307469442847,0.5862252113483988,17.024073843095493,0.23273412735133495
1070,JAX00246762,2.9655251224608037,0.5796525575527605,16.97702525165937,0.19348422101314294
1071,JAX00002454,3.053167750429566,0.33002835748185266,16.709602964372152,0.29890800650513416
1072,UNC444874,3.0659653170946513,0.5808920789655241,16.674196472059293,0.22746649856501655
1073,UNC445460,3.0870333637585645,0.5683049737517472,16.675534380376575,0.27301171779890615
1074,UNC445897,3.1032544956483434,0.3841639085258251,16.67617288925794,0.209841371587797
1075,JAX00246839,3.143155445744469,0.5437129426766413,16.67623725642602,0.2587700914709714
1076,UNC446936,3.1501223988561833,0.3753930208187473,16.670603975937638,0.33881871011772746
1077,UNC447572,3.1847939953941022,0.47460566444749075,16.677921165148973,0.36822568199129524
1078,JAX00002469,3.2598504929858336,0.8223201215382188,16.72838503369212,0.49140861606501435
1079,UNC448278,3.4115916833270603,0.4022787053158763,16.688009134787535,0.3484188358112711
1080,JAX00246898,3.580151042624493,0.40485050272527784,16.329040406318654,0.3588630163871344
1081,UNC449157,3.6167810906249542,0.3689465426269024,16.20724375309601,0.5769207760681574
1082,UNCHS000443,3.7744324694781426,0.4781502579409348,16.337673628562925,0.3268482739073591
1083,UNCHS000444,3.7796763540723077,0.359956905291163,16.33638200401674,0.23896515841353422
1084,UNC450817,3.894192260575437,0.4952332045711371,15.881234808947738,0.3222524509562189
1085,UNC452094,4.491998993519701,0.21018798791393029,15.148594830140155,0.4630741269137311
1086,UNCHS000445,4.500180893130164,0.3277831478332323,15.116385569864633,0.3571141410228155
1087,UNCHS000446,4.502422213726732,0.21426443902095044,15.11719160751204,0.4295840553146764
1088,UNCHS000447,4.546890245750319,0.26642088642133305,15.131720285096208,0.36770653250227375
1089,UNCHS000448,4.549314429782953,0.2767671271186137,15.132440703198881,0.3604227519302697
1090,UNC453140,4.550990199085163,0.28162381946942233,15.136763688058863,0.3291877347123919
1091,UNCHS000449,4.55649983873036,0.29836486612438423,15.138607084834575,0.46374129091484756
1092,UNCHS000450,4.545117300508082,0.23802765321394362,15.183903660385567,0.3637201480938967
1093,JAX00247018,4.538727215164272,0.44685577571440205,15.208177633555806,0.46382693779255185
1094,UNCHS000451,4.489687741367561,0.3124167133738618,15.413717807776266,0.2569351358428817
1095,UNCHS000452,4.479323965747426,0.24826154893501465,15.454077436273792,0.5075378869213045
1096,UNC453980,4.387824024116981,0.23660590080450217,15.78005092597914,0.23585550015308032
1097,UNCHS000454,4.4693005089445705,0.3308791074501642,15.692131665916577,0.30668901633320345
1098,UNC454349,4.521883155603518,0.33757768853996994,15.639171348790342,0.4244160288143554
1099,UNC455081,4.4862351404751735,0.3496217768968176,15.654519617931328,0.4367676569946855
1100,UNCHS000455,4.47250173459679,0.36337567535776805,15.733642066574248,0.4279560702753652
1101,UNCHS000456,4.469756188859947,0.3903115567668778,15.754633683001657,0.48060717843328643
1102,UNC455417,4.460649325955728,0.2124357436153958,15.759597361214219,0.3392088597528773
1103,JAX00247063,4.439454088636012,0.246128995283578,15.803160002840286,0.3622471285722183
1104,UNC455695,4.41821687135689,0.3611021455494607,15.843993348875301,0.32175125638070684
1105,UNCHS000457,4.41645919916391,0.37082677251628804,15.84600103536377,0.39255695319914624
1106,UNCHS000460,4.3738562831129,0.32065630755003965,15.890283158606053,0.2714052420090554
1107,UNC456277,4.325372100542836,0.636868777898845,15.929642758183263,0.5306862474889358
1108,JAX00002519,4.274363855045067,0.26138988118941187,15.966240430450625,0.20058943688339329
1109,UNC457059,4.282382969215632,0.41973799146796487,15.96157597346587,0.3813821654122002
1110,UNC458188,4.207233240128062,0.38161410182404437,15.973307403532544,0.32509960981975267
1111,JAX00002525,4.187244303891475,0.27039011761230536,16.049876446667213,0.4217059686311
1112,UNC458623,4.185897578598315,0.28040024462143626,16.053823305315746,0.41386000772004367
1113,UNCHS000461,4.1642209880444625,0.308164658215865,16.09152660545874,0.28729625443079604
1114,JAX00002531,4.11059042416764,0.3378989661419455,16.172434130622378,0.2047832722592494
1115,UNCHS000463,4.071799667176947,0.3758019569706613,16.241328132012086,0.18871275585105332
1116,UNCHS000465,4.071360170371236,0.41469008251445977,16.242154721797306,0.29435407971851457
1117,UNCHS000464,4.071382124611318,0.4951720739642397,16.24324458275146,0.4004853948034742
1118,UNCHS000467,4.071900943082483,0.28443637917870873,16.252058787468968,0.34645652680820493
1119,UNC460218,4.073924183831423,0.5102100551095297,16.26835206275291,0.4590902561550594
1120,UNC460838,4.075844715938274,0.27892781341139594,16.291981620896422,0.1927697441553689
1121,JAX00247202,4.07693722298086,0.345419588218606,16.30220492955209,0.379638274393767
1122,JAX00247209,4.077301956095653,0.5556787370309944,16.308567550211365,0.27875756629940274
1123,JAX00247210,4.07733510803746,0.43779968882981657,16.308697556323295,0.322510598551922
1124,UNC461326,4.077619444121638,0.32730134312745657,16.309063822602866,0.43487549759983385
1125,JAX00247218,4.079101792450047,0.5208845026667341,16.306878115407926,0.33595479359150887
1126,UNC462268,4.080484016247738,0.29143951745476476,16.303277798788486,0.3211545653204461
1127,UNCHS000469,4.041480168378939,0.35757616966866107,16.341635046826923,0.2967749934439573
1128,UNCHS000470,4.030726110374417,0.4168569902183324,16.353927190401464,0.29909940543639724
1129,c1.loc37,4.000947479976276,0.3365477273276812,16.393050185868333,0.26177251163770227
1130,JAX00247266,3.90861802923132,0.4930485037797379,16.626322557032154,0.22748452453436924
1131,UNCHS000471,3.8976142527212687,0.3878459018630537,16.69482171301047,0.24198703393782917
1132,UNCHS000472,3.8965301227517557,0.8341197909384875,16.70373633950885,0.2608900760478093
1133,UNC465365,3.8887607150559234,0.2680351263816862,16.837028707663194,0.22295005331677423
1134,JAX00247292,3.8980135080098535,0.4007862785493585,16.94719437837557,0.2579185644971022
1135,UNCHS000475,3.899636982100219,0.41697732814263366,16.956828585848143,0.13504726400545347
1136,UNCHS000476,3.9013693079566565,0.44290262110848744,16.966335368452064,0.267510261351642
1137,UNC465785,3.9045535373657003,0.29132560176288985,16.981779163447754,0.24393412628500497
1138,UNCHS000477,3.9265627107754426,0.30502969241252115,17.05965599979777,0.2485661090645944
1139,UNCHS000478,3.9331350656625546,0.2922585374297757,17.071701928868833,0.343277994175096
1140,UNCHS000479,3.9368634558045414,0.4615109798032827,17.07867952150127,0.3462778191879028
1141,UNCHS000481,3.868782980380729,0.45440626895429737,17.14380839721798,0.34780297145868105
1142,UNC466142,3.827583756889908,0.30975338407174785,17.188317475644453,0.25098838223790554
1143,UNCHS000482,3.9180678271852685,0.5835085209546846,17.13365447997967,0.25834779741466235
1144,UNCHS000483,3.8091954660233114,0.3564993207391276,17.15128640473108,0.3220670862597859
1145,UNCHS000484,3.8120258554399697,0.33915781002160666,17.155960195403622,0.23890727053873953
1146,UNCHS000485,3.814894821796088,0.4296459908859787,17.15378161520198,0.3428437423767018
1147,UNCHS000486,3.815205473732476,0.424771730042791,17.153530668856774,0.1374157321280141
1148,UNCHS000488,3.815420362280747,0.4028543274224872,17.15336449336519,0.3062507579060891
1149,UNCHS000489,3.815978489113377,0.2755187964801713,17.152885341376532,0.4961460626811327
1150,UNCHS000490,3.816750066197528,0.38319468127921946,17.15216207854496,0.2292586018083417
1151,UNC466554,3.8171447785575765,0.28135114139478434,17.151798160770568,0.170331138964443
1152,UNC466794,3.9164670951204243,0.3253684408556035,17.20386751457795,0.19250997745154588
1153,UNCHS000491,3.993277055320732,0.3947616334406121,17.405454530737643,0.162693098998082
1154,UNCHS000492,4.023807612210021,0.49275780143909714,17.76165878791653,0.14655075258746278
1155,UNCHS000493,4.025991616488,0.5269969638394401,17.86064558263729,0.16474052101718986
1156,UNC467207,4.648424588304124,0.2940593226975427,16.871693677993107,0.38768868413033464
1157,JAX00247348,4.8945882963842,0.28069147244063564,16.471807052333816,0.3866168708321678
1158,UNC467761,4.83458850110128,0.3584727694507507,16.7975907870009,0.21584596343671328
1159,UNC468109,4.809604790189951,0.22936398314892203,16.753212677570446,0.19978695620107995
1160,UNC468308,4.774584661385006,0.1893472082614875,16.701498910570308,0.2860898809411052
1161,JAX00002582,4.777427143953901,0.32183917017526503,16.6983119022791,0.30224899644966496
1162,UNC468545,4.782454667566981,0.19470777645831577,16.681340256555814,0.280245124571949
1163,JAX00247383,4.8139410327630685,0.19566230459267014,16.587709956929757,0.34595334877309775
1164,UNC469015,4.846972573091989,0.2623921882318369,16.627964870204096,0.1692289499077406
1165,UNCHS000495,6.11608678741959,0.13535495908815265,15.456739947763253,0.3515957640078141
1166,UNC469219,6.201461981448119,0.15786559843101447,15.420083396479868,0.3839763729286118
1167,UNCHS000496,6.773963087520997,0.08962302703888589,14.820236263416746,0.3510422479308489
1168,UNC469448,6.670403362037632,0.06916120176099878,14.810504421469659,0.3395657639254929
1169,UNC469748,6.603505003518876,0.09174113435201581,14.823014358464661,0.34653612630923136
1170,UNCHS000497,6.506896848438828,0.07119146597714449,14.831698564240696,0.4372144003236682
1171,UNC470039,6.45855639500769,0.07957427077819605,14.927626461255159,0.3560077135224197
1172,UNCHS000498,6.458558528456024,0.0891174844082929,14.927798351089905,0.4217550796843378
1173,JAX00247420,6.469889675693821,0.11899766921511519,15.269625641430821,0.3445904541589277
1174,JAX00247421,6.472160972204165,0.11610592632123316,15.316281049711279,0.5138750793337269
1175,UNC470398,6.472578877395108,0.14685635176401457,15.32440942054518,0.3938181899523573
1176,UNC470578,6.491104151745958,0.08908222185975698,15.669566475560714,0.39087531253444735
1177,UNC470729,6.513422648212327,0.10479922626562523,15.957359250390482,0.39407168455016744
1178,UNC470914,6.514564944697668,0.12407672353431187,15.95342637935778,0.2660647872286143
1179,UNC471090,6.516466429967977,0.06539990697501313,15.949191842615392,0.359231314551762
1180,UNC471327,6.5189742040288365,0.09409389585522764,15.945303785137185,0.333510711097765
1181,UNCHS000499,6.519066206836442,0.0785659704875546,15.945035450801242,0.42218790177106197
1182,UNCHS000500,6.519379565078452,0.06969002978399581,15.944164098146757,0.3756031191459315
1183,UNC471746,6.531456348493066,0.2004143382961555,15.931324288087353,0.22813222157515625
1184,UNC472065,6.540153373719022,0.13419198865008639,15.9223513031925,0.566901234893321
1185,JAX00002608,6.540302431650616,0.08316257214592213,15.922200022033394,0.24386333266516244
1186,UNC472399,6.542087899738817,0.06562417607346646,15.916928714345886,0.2868299286901634
1187,UNC472554,6.542835518658649,0.060064396044617566,15.914688116290563,0.37972457582870267
1188,UNC472726,6.54410102011434,0.09066472387716001,15.9111821406932,0.316770221138051
1189,UNC472864,6.5446752829379875,0.10628765004328132,15.910089167053684,0.28275936275299174
1190,UNC473155,6.546171111983313,0.07733978322777454,15.907134748784074,0.35657285628866214
1191,UNC473267,6.547069289707451,0.0626959635309991,15.905124259218155,0.2711437134627335
1192,UNC473434,6.548103001697882,0.09154412637206877,15.903106233705103,0.41896399030843273
1193,UNCHS000504,6.5484777993099215,0.0653447189154944,15.902938976892074,0.21133158683485878
1194,UNC473598,6.547852111895281,0.08398067513610585,15.900144442303372,0.47855590932658815
1195,UNCHS000505,6.548027178250095,0.07034530273900555,15.89985351248265,0.5157410742044244
1196,UNC474004,6.549206498515332,0.13017117345956447,15.897894531168959,0.3221010918792696
1197,JAX00191379,6.551193480343727,0.15218075655806426,15.898756908425412,0.5688736783751159
1198,UNC474350,6.5622826578583044,0.10812439774342979,15.899490448698316,0.4625943661370434
1199,UNC474632,6.572322454207779,0.10396710583337541,15.900616320781182,0.39747792727150366
1200,UNCHS000507,6.628632429744812,0.07949741367248772,15.89467045580841,0.29196796404563796
1201,UNCHS000509,6.6278894452239,0.1377624263045697,15.31610464967116,0.344621137883458
1202,UNCHS000508,6.62150617942234,0.1267916945514361,15.256786005999857,0.5444837256510617
1203,UNCHS000510,6.507971210753112,0.09931909122888498,14.654376353225416,0.532694202441537
1204,JAX00247505,6.5931075533637795,0.07738128029350559,14.48820093496397,0.46868731737626945
1205,UNCHS000511,6.539927142807528,0.0954640867907749,14.376024808529337,0.561455218932315
1206,UNCHS000512,6.101285701048937,0.1032662138470984,12.907251296450568,0.5465241239789957
1207,UNC476660,6.028421408319218,0.10004528322966139,12.738773731976607,0.8955247929299686
1208,UNC477018,5.973906229790373,0.17679825487576703,12.668306922342481,0.6066930124042336
1209,UNC477390,5.884420629543911,0.12610119197174546,12.575688973153774,0.6326739982070223
1210,UNCHS000513,5.761430935659064,0.16670530025779703,12.455493336701693,0.6823033086072714
1211,UNC477777,5.76627742897972,0.14934004009868895,12.361641613436404,0.7837097942542435
1212,UNCHS000514,5.821140643596209,0.18087923853100116,12.250408609598708,0.6968774008541704
1213,JAX00247565,5.8868829130187805,0.16402147318159496,12.131142689353055,0.8373404228531593
1214,UNC478124,5.929780680763088,0.1267083933404354,12.059510822313541,0.6750891185208214
1215,UNCHS000515,6.110287742796345,0.08048474055410294,11.806478286987613,0.7836785716090908
1216,UNCHS000516,6.1426105603595715,0.11841988223333968,11.80796671789426,0.7374468660931449
1217,JAX00191390,6.144319899866787,0.12420344982517864,11.813355416087234,0.740892891663778
1218,UNC478568,6.156101605901313,0.1732125651539678,11.79707920368287,0.701948792869759
1219,UNC478743,6.211454769131251,0.0805019914884604,11.705610423501184,0.6849168900682866
1220,UNC479354,6.178224940773589,0.11333457627073258,11.598404664910277,0.9545945991200043
1221,UNC479707,6.102694490665726,0.09653965664433185,11.361657211613647,0.7776800172704398
1222,JAX00247595,6.097429182929545,0.06623146060868404,11.335218529565964,0.7898990179637537
1223,JAX00247605,6.1002976851787025,0.0820855191899419,11.346792434367899,0.7012283542940092
1224,UNC480235,6.100677631538247,0.07721173483486451,11.34728631142707,0.6361894120621867
1225,UNC480797,6.272284736465281,0.09748775854044628,11.310581424866541,0.7254563392220159
1226,UNC481045,6.331775888858374,0.10382837579907087,11.303120930968362,0.8461511831518986
1227,UNC481370,6.398279294943222,0.10334028009810134,11.316873595324978,0.8307975764140273
1228,JAX00247624,6.424417384000662,0.10284992423438233,11.342849610266057,0.7444945002620063
1229,JAX00002664,6.426337402884656,0.09719957275355111,11.344405611088177,0.9439429493169101
1230,UNCHS000517,6.441653236343427,0.08923977753074033,11.360498396519006,0.8871528036085395
1231,UNCHS000518,6.336134255495153,0.11001984139887432,11.763856038517133,0.551202055142461
1232,UNC482006,6.1070132893955815,0.09309084217314119,11.243551205829135,0.8172267988878672
1233,UNC482255,6.071868424431614,0.10801822990240546,11.395201188169494,0.6530407815210054
1234,UNC482602,6.016693435582965,0.07078584112181782,11.628604677348903,0.8867771347781945
1235,UNCHS000519,5.987844471181688,0.07699522439448556,11.607652120902458,0.8449321907933721
1236,UNCHS000520,5.984175546112965,0.1437355238922937,11.604923903169038,0.6855879927875571
1237,UNC483273,5.979846574841758,0.14171367311067434,11.580106226861972,0.6568051621678084
1238,UNC483623,5.67897590239977,0.18078042715311896,11.247295756472568,0.669128724169411
1239,UNC484527,5.354133582284021,0.18973588982307155,10.495768273514386,0.7716083906180187
1240,UNC484960,5.2475804577634335,0.19038047378125345,10.30323898569759,0.7252265353542561
1241,UNC485336,5.166238464868911,0.19055096136704405,10.238040665777362,0.8864887608390867
1242,UNCHS000521,5.154477260227395,0.2525843249947129,10.243966693424,0.8752513579468724
1243,UNCHS000522,5.160290314969188,0.2611368472507828,10.232249738378869,0.987938480182309
1244,UNC485895,5.190756961759462,0.3961026733850895,10.249046062946718,0.9286286638430465
1245,UNC486310,5.3333732963558305,0.15002970298969326,10.335428763668688,0.9608373603200796
1246,UNC486654,5.430980211232054,0.2682016422823529,10.295446940448755,0.7968566162735469
1247,UNC487441,5.78489934676918,0.09705539199132657,10.133915101835555,0.7399013929450049
1248,UNCHS000523,5.792234980876174,0.11522450895796044,10.119097207367076,0.8777591655825361
1249,UNC487589,5.7782441869719605,0.158044965624764,10.178484819352661,0.8617907072893185
1250,UNCHS000524,5.763416695017213,0.10905070092808127,10.78329614853601,0.8903967647621694
1251,UNC488354,5.540555418752547,0.16497720643849276,10.848675757939645,0.6877868484801096
1252,UNC488654,5.363153408444532,0.1519157792012026,10.925659561728025,0.8198167752579557
1253,UNCHS000525,5.3302851816979455,0.17128436482096632,10.930528375649146,0.9382444756472278
1254,UNCHS000526,5.290266494585239,0.12040185574043762,10.928402503607686,0.8945268555802145
1255,JAX00247813,4.8699575495104455,0.2119716779146992,10.91289513629522,0.743167068589543
1256,UNC489248,4.694467714812845,0.36327572425235755,10.671331459551766,0.8677312821400214
1257,UNC489481,4.445896564719305,0.20327672182170356,10.433773932543318,0.7792024236079842
1258,UNCHS000527,4.3320697707699765,0.33682839969179224,10.41763734387996,0.9068125175951629
1259,UNCHS000528,4.326868810531778,0.2687189648041919,10.3911688113335,0.994033415825794
1260,UNC489921,4.237003290983921,0.29480030106986277,10.299211907305562,0.9749367763966841
1261,UNC490250,4.101883676649095,0.3417519641654169,10.531422682890707,0.8431049301866856
1262,UNC490585,3.9875007179764452,0.33711057281275414,10.883602210422396,0.8988093711853844
1263,UNCHS000529,3.9967804590123706,0.5702771494158323,10.929756839430866,0.7401003078221959
1264,UNCHS000530,3.998975963984776,0.3781071252371121,10.940285402906511,0.8899502014814087
1265,UNC490855,3.9989433337213995,0.4245121261342311,10.940579216247443,0.9883402805944914
1266,JAX00002707,3.9991447671775404,0.39059084802753763,10.939837099738497,0.7969285160190009
1267,UNC491278,3.9985582424708355,0.4366141940197438,10.939748013086728,0.781715578785825
1268,UNCHS000532,3.996193090055158,0.32010261773498155,10.9386373392947,0.6900738496854708
1269,UNCHS000534,3.988129604030064,0.4273945574100631,10.934894504340491,0.8632737484222325
1270,UNC491954,3.963230271817338,0.4761600879483272,10.92360243586404,0.7236300576934492
1271,UNC492314,3.947565623465607,0.3652755479198775,10.998320736999858,0.6738212839642366
1272,UNCHS000536,3.9426560914591846,0.4496448948002425,11.02142456713068,0.815216431822692
1273,JAX00247902,3.9393794783254634,0.3999279707770091,11.036344014253245,0.9436299389054589
1274,UNC492646,3.931823508019079,0.3922489707216251,11.070970716163856,0.881632507920633
1275,UNC492821,3.9231716844587936,0.31973124798985775,11.101047220469809,0.7380601115096485
1276,UNC493060,3.929389600748891,0.47412225877709413,11.166531559321811,0.6666350662396068
1277,JAX00247915,3.9383803806258584,0.33463067761012744,11.252530581043175,0.8546667243987702
1278,UNC493884,4.020687617515023,0.44378638236543977,11.340360450672733,0.6330074817644415
1279,UNC494410,4.121103727089803,0.4432054271410437,11.793134060356579,0.784371123196295
1280,UNCHS000537,4.142585554537618,0.5621931671625878,13.107805127420761,0.804087326423012
1281,UNCHS000538,4.152389127917559,0.5641619169574391,13.67108370875917,0.7201544745335832
1282,UNC494697,4.170362981351673,0.4986582998783286,13.738934177962847,0.7186345238362577
1283,UNCHS000539,4.178510966738713,0.29842301400139754,13.612866036096193,0.5193049375939182
1284,UNCHS000540,4.178548633575701,0.3347486510323259,13.60838442073873,0.531371882067043
1285,UNC495553,4.552715560078923,0.48810196205299194,12.64610935685505,0.7626156323931718
1286,UNCHS000542,4.6155200362009055,0.26042563421736276,12.60612913478235,0.5523897007339703
1287,JAX00247953,4.618528745568483,0.21113008183165644,12.593205261090361,0.6210132637096483
1288,JAX00247954,4.618173383624253,0.43808970933454,12.593209572341038,0.8239142065512813
1289,UNCHS000543,4.465605238951866,0.24287967503571822,12.777542445276595,0.6573867679743995
1290,UNCHS000544,3.0837899440980436,0.5249686342158999,13.963481675355752,0.4523940036864081
1291,UNC495671,2.67506831893661,0.5024861498301156,14.427473688535656,0.446644569119771
1292,UNC496279,2.3891676186894983,0.7249528455008499,14.35738435729536,0.5870974164217977
1293,UNC496336,2.357106523203356,0.7606728329470415,14.383334543631236,0.44243022722807157
1294,UNC496797,2.1336644272355443,0.8014083479724998,14.778096059929567,0.41716235401469504
1295,UNCHS000547,1.963519080585229,0.8806895728506461,14.59096788504371,0.5544034875696963
1296,UNC497379,1.981713784600288,0.9276030422874294,14.42037715837705,0.40200578037841667
1297,JAX00247978,2.0011465842476355,0.6980075670869387,14.409129173668362,0.6796586593471922
1298,UNCHS000549,2.0333534292678905,0.768948680217173,14.380584277311982,0.4950602556659345
1299,UNCHS000550,2.0388348356741517,0.6713085036827555,14.374250893791668,0.49410631849420633
1300,UNC498491,2.0600260786741273,0.7843121209702686,14.39084468486476,0.575124655073255
1301,JAX00247992,2.0605153303015413,0.8401998302980513,14.384495646089363,0.43716157661105953
1302,UNC499505,2.0882508926674745,0.7662671381738534,14.29617558066684,0.3739304734703033
1303,UNC500236,2.098598245340554,0.8353412071005145,14.286890988975756,0.34108940895550843
1304,UNC500690,2.0890950456996507,0.8710605044761979,14.256869411444768,0.38022986531593556
1305,UNC500979,2.0877406249137493,0.7295529866662365,14.252735746656072,0.5597609915007031
1306,UNCHS000551,2.0630066166309007,0.7422131396293803,14.304254314888794,0.4834272128810861
1307,UNCHS000552,2.0953727455030275,0.7652758937102357,14.308400986338938,0.4627110400520191
1308,UNCHS000553,2.2703193275426656,0.8909881923965263,14.471246990488453,0.5639095878992935
1309,UNCHS000554,2.370118536765631,0.7166574864321789,14.998140327838655,0.5625554914959662
1310,UNC501434,2.6086298536961294,0.46618098825876675,14.990593339005954,0.38363387607982374
1311,UNC501856,2.608966000338796,0.7042524956176673,14.947334476506057,0.3732637782390649
1312,JAX00248050,2.6076792011799625,0.5438739186641939,14.934830316306034,0.5253466417019763
1313,UNC502074,2.76619113321658,0.4605962498527216,15.152706193269523,0.40778750171078515
1314,UNCHS000555,2.775236669612923,0.6366347736947713,15.1587834281313,0.5809830885953969
1315,UNCHS000556,2.705025024820543,0.45509777645119154,14.977272133165798,0.45350238563985756
1316,UNC502226,2.602334287993699,0.8306808243078551,14.820096392764071,0.5252942898527629
1317,JAX00248072,2.5641114623099384,0.619624442119319,14.778446178976992,0.3170960867200024
1318,UNCHS000558,2.5634123043219006,0.6711376763314004,14.779123226255706,0.5933724434131192
1319,JAX00002762,2.563346401839226,0.67679132260075,14.779245490923586,0.4870623885628238
1320,UNC502453,2.5632547810594133,0.6750847722079978,14.787472225458032,0.39018393251421835
1321,UNCHS000559,2.5928092412827937,0.6328324637716717,14.7180013385223,0.3513369061085278
1322,UNCHS000560,2.4174039614626963,0.8578933844027968,14.505907823482175,0.599799546615511
1323,UNC502670,2.420234319287829,0.578085395794328,14.503302637103161,0.4886381872965941
1324,UNCHS000561,2.420994031337841,0.9578029673118807,14.503496595869592,0.39863584202895114
1325,UNCHS000562,2.475302354372843,0.46784173632178405,13.188658810311608,0.6263950420849099
1326,UNC502861,2.3965990548822447,0.6130268335820623,13.187534544000755,0.6465080212037362
1327,UNC502964,2.3489150567145316,0.5972485445257305,12.45954246538463,0.5940996995205942
1328,UNC503061,2.348231412948735,0.647081855111007,12.449130755258466,0.8332737716746387
1329,UNC503321,2.348347325392524,0.687763083987486,12.430338889752647,0.8026104013810598
1330,UNC503417,2.349236452034802,0.9200754213653922,12.421386539667992,0.6115361313829539
1331,JAX00248113,2.349558777382299,0.841967725617409,12.420139924803152,0.6121431454722808
1332,UNC503702,2.354848759886636,0.6906638223474854,12.402618039514891,0.5901902190004529
1333,UNC503938,2.3616241007925964,0.6249111670904004,12.389130404695152,0.5614261572437382
1334,UNC504151,2.368995476422924,0.6934624080297399,12.37717297497602,0.6549368736512932
1335,UNC504343,2.342603797536185,0.9885779265694612,12.382880270732812,0.6432935711427583
1336,UNC504450,2.322080116491861,0.6057933420754575,12.382383240631043,0.7549086854611455
1337,UNCHS000563,2.3286603934238883,0.8832714455240823,12.38196957882019,0.6144834433015595
1338,UNCHS000564,2.345000861222843,0.7844567250192174,12.326492474228644,0.6540829886430884
1339,UNC504677,2.330768687939326,0.8205528841945557,12.285811061070262,0.5286230882285491
1340,UNC504993,2.303873150632171,0.862530310189688,12.271783927502383,0.6513479343270226
1341,UNC505220,2.275421266055673,0.8481250763696045,12.25597620651115,0.7095057872289399
1342,UNC505341,2.280895006379069,0.6735665179682983,12.234166701626918,0.7725568568815104
1343,JAX00248152,2.2805919816403275,0.8415792355993973,12.233507148886702,0.7967484779430926
1344,UNC505646,2.2859579431269594,0.6655571104390585,12.201397406130582,0.654967071274649
1345,UNC505877,2.294999947315773,0.5930076971380858,12.181973279656177,0.5782972413475821
1346,UNC506099,2.3030008057826308,0.707314973712702,12.211360932692514,0.72571931019021
1347,UNC506203,2.2339077153924336,0.7957191094591913,12.001482968053551,0.8878699416065162
1348,UNC506368,2.413195476771989,0.7242580690802629,11.411225717560455,0.7431898396275914
1349,UNC506607,2.908271659869115,0.6210059715148438,10.576118235468584,0.7657333312575372
1350,UNCHS000565,3.1458807033511675,0.3800982890233024,10.153868939565882,0.9725725931600662
1351,UNCHS000566,3.9712231983560287,0.4848458732382708,10.970368023182573,0.795080392353475
1352,JAX00248180,3.81036596511035,0.31267221744843204,11.226402960667428,0.8916923754691066
1353,UNC507122,3.6396486230546543,0.31861272383128625,11.34071441436663,0.7539817974127729
1354,JAX00248192,3.6853228814900376,0.3963062603840143,11.432499025996094,0.8394134975184045
1355,UNCHS000567,3.8350255798616217,0.468283424072371,11.595948021011054,0.7965255736915595
1356,UNC507551,4.025122341482074,0.28961335752644235,11.532829768175816,0.6487666791039272
1357,UNC507751,4.10483492242065,0.2835885934406213,11.451107701230967,0.9850294372090849
1358,UNC508122,3.994621121782302,0.2531645526167813,11.27774719759077,0.6151433353512598
1359,JAX00248207,3.9913518624425706,0.42744623348231686,11.272803803515671,0.7805293161239788
1360,UNC508264,3.95050147999018,0.3626060926147746,11.212275237782478,0.7981992678406151
1361,UNCHS000570,3.937764237397232,0.3555807016811459,11.194732119827904,0.5870573545549599
1362,UNC508517,3.9760965175978527,0.3646382346035456,11.19492638957854,0.8307080945466065
1363,UNC508749,4.128911498502703,0.38596751473466556,11.216320762842997,0.7206072973861546
1364,UNC508878,4.137499701464776,0.2720024606769509,11.25831536452938,0.8911298320397674
1365,UNC509094,4.162991338630036,0.28827157772780804,11.312668501196868,0.7025823023175544
1366,JAX00248243,4.129994936082539,0.41024170831744977,11.211453816985568,0.7612707147619097
1367,JAX00248251,4.122875456951306,0.5605784831595986,11.187447391273281,0.6997753522374899
1368,UNC509651,4.1214581615004136,0.31362987386485536,11.182396871990704,0.999358397865081
1369,UNC509809,4.100689305830656,0.5239021745872106,11.188085258435649,0.9060514695189754
1370,UNC509907,4.239989349069901,0.35929892684467146,11.002116706635661,0.9334723228236484
1371,UNCHS000571,4.083778534577505,0.22958001679362985,11.74265849857693,0.6330114542929176
1372,UNC510223,4.032926352573895,0.6002118123106377,11.228716233158138,0.7182961650037151
1373,UNCHS000573,3.761270814487034,0.35008157017808594,12.235400437273256,0.993559706225931
1374,UNC510316,3.4852339634858254,0.8319857435212423,13.161868480913427,0.6723487578763973
1375,JAX00248271,3.299975309023921,0.38528407879626375,13.513625130500714,0.6065547965277701
1376,UNC510637,3.2681816718497885,0.41441253834133923,12.870452997802431,0.5255887474410188
1377,UNC510748,3.319749465601035,0.5216491341951409,12.653162983622678,0.5491360150619068
1378,UNC510853,3.418183719065837,0.3392346620185284,12.608089038536036,0.6591033519612224
1379,UNCHS000576,3.56595130419646,0.47760712994110077,12.099547417852136,0.711775369244532
1380,UNC511312,3.889930835757241,0.25630207129831994,11.78464261825411,0.6978000794659426
1381,JAX00248287,4.067438411828562,0.37681846777267053,12.490711951331605,0.5411922470938193
1382,UNC511433,4.069670682774813,0.27708060970681286,12.509776815291389,0.6285363454885128
1383,UNC010074671,3.9873428136743314,0.49187337524205693,13.264220235276753,0.5412007508265249
1384,UNC511891,4.15064807269232,0.36499346371698305,13.49470316998395,0.4961697004333425
1385,UNCHS000577,4.147290097314908,0.42653702098028534,13.512152503857124,0.6583622794082111
1386,UNCHS000578,4.143569160473362,0.24165219351199158,13.526769400494913,0.5168415793172438
1387,UNC512093,4.1317506126681565,0.4470089182196718,13.573643306055828,0.7296086306225261
1388,UNC512234,4.108397919010258,0.38384747082672427,13.664255432924847,0.6318462437100638
1389,JAX00248297,4.102603851352342,0.24819906672046294,13.68615576938305,0.43831283513910124
1390,UNC512421,4.083871501702561,0.19408405955502014,13.755717390012933,0.6608587348549301
1391,UNC512562,4.05892134218243,0.3837767825695576,13.845501812129896,0.5212180806210239
1392,UNC512702,4.032020233712956,0.3894217288940246,13.938969618350939,0.4076048360698441
1393,UNC512930,3.9985351551110853,0.34940714502773884,14.050833911631798,0.39539902300918806
1394,UNCHS000579,3.989473154902271,0.38605368609977275,14.080678022898155,0.5153718124959158
1395,UNCHS000580,4.018966336620224,0.32410517176754156,13.764193311515328,0.4853676129153147
1396,UNC513116,4.00012342031755,0.35839396637338716,13.819980092608148,0.615266753007693
1397,JAX00002816,3.997544178652106,0.5462193472634639,13.815239279936122,0.5044291571046567
1398,UNC513219,3.9913194955997824,0.30584838127045805,13.805235223172986,0.5748816278691758
1399,UNC513383,3.973757317963191,0.3705004586311692,13.779848798670628,0.5707823099734302
1400,UNC513650,3.9591888786669642,0.39330355173129317,13.761458245676522,0.5553113591654659
1401,UNC513848,3.9470918565552893,0.364657284474382,13.747848528901613,0.7583125988187011
1402,UNC514105,3.931801843486255,0.5644332105459878,13.86056409820253,0.646050041842931
1403,JAX00002820,3.919430671429609,0.467597881265263,13.947414898471607,0.6811049461676107
1404,UNC514382,3.9125597049755925,0.3567122598288053,13.994426705068236,0.6307793036742684
1405,UNC514629,3.888694130395834,0.27617368888993415,14.156711218495502,0.5170583547174052
1406,UNCHS000581,3.8774544052987494,0.46926393942276634,14.175984690942869,0.5785483403125116
1407,backupUNC010074862,3.8517760646477655,0.4229218635826279,14.239820157658869,0.4485637063314624
1408,UNC515038,3.843207414803146,0.388074800517836,14.268592620491063,0.5268129432395956
1409,UNC515205,3.83095778125562,0.5374940064135842,14.308079136606466,0.4734961876065843
1410,UNCHS000583,3.8047312895728282,0.4067056214889265,14.330209515364913,0.43625075138335806
1411,UNCHS000584,3.6337198770174837,0.5031103171230372,14.37042135416823,0.35623806356790677
1412,UNC515549,3.627231212823517,0.42039303151647767,14.395100126218722,0.5033633433260192
1413,UNC516206,3.5859330488763135,0.35639400904254137,14.531085729084225,0.4793663955055718
1414,UNC516358,3.565605353684532,0.4750543647591149,14.657216790835719,0.3229359896995922
1415,UNC516522,3.5678022576635158,0.5284619684449823,14.758435047162493,0.3938157137117287
1416,UNC516877,3.5076117336830066,0.510194690415469,15.254544989549686,0.27844900364278086
1417,JAX00248344,3.507867894598803,0.5194548314393314,15.274968342075226,0.3150984162579425
1418,UNC517197,3.510441589990478,0.5872336636017691,15.313300236794703,0.507207256069731
1419,UNC517414,3.5428062218816194,0.5042643634080517,15.40581835371313,0.31826247706688326
1420,JAX00248357,3.541244635484418,0.3725703562655094,15.461279513474437,0.3933748460082652
1421,UNC517564,3.5412163253590734,0.4832404297605312,15.461820955071971,0.47243419651045665
1422,UNCHS000585,3.5509538265416722,0.42745609329205775,15.6378209089753,0.3453317254170912
1423,UNCHS000586,2.1740983069673803,0.9014649598195656,14.473075215762265,0.4421837145502767
1424,UNC517961,2.133545220535325,0.6895711675454281,14.679736181607723,0.23972246045873227
1425,UNC518187,2.049331235899899,0.8295356199114752,15.067001919926952,0.610443712398851
1426,UNC518325,2.010170740825288,0.8826916977099546,15.170470180865323,0.47843581207872976
1427,UNC518544,2.0020275947806567,0.8269747423449608,15.166024574341463,0.26319496512454676
1428,JAX00248375,2.0000227324626394,0.8405065748246571,15.167196271561124,0.35830554520509067
1429,UNC518753,1.9871268338756636,0.9824525704709406,15.175131089006072,0.3180536999953091
1430,UNC519145,1.9662363832374012,0.809943908761425,15.188633600542516,0.4055329114823206
1431,UNC519296,1.9523307847650813,0.7838092601335646,15.197723225640175,0.40032533318559477
1432,UNC519475,1.9208803607707523,0.8396930455678118,15.2064316041442,0.5023197482536866
1433,JAX00248386,1.8998257447392461,0.7495100769412988,15.208282178184618,0.5904366133312635
1434,UNC519575,1.8971042321750247,0.9154766196223567,15.20826533402601,0.6554072521958497
1435,UNC520232,1.9305355374294777,0.7647776746563619,15.409392296675605,0.32917627175069397
1436,UNC520366,1.8775221527396297,0.8637787812478925,15.42121938214109,0.44424804570074417
1437,UNC520787,1.6920477236619718,0.9108262121023133,15.703957206456153,0.36684238734406166
1438,UNC521042,1.6796372582793992,0.7841576658563296,15.717144086014287,0.451786039724805
1439,UNC521336,1.6579199426696505,0.7806098453233947,15.74164765674027,0.40141175721204164
1440,UNCHS000587,1.6506665195286132,0.8964138197584149,15.750558413981253,0.464505225632921
1441,UNC521498,1.6495367295865435,0.970443418237985,15.751969421080958,0.3888530540946476
1442,UNCHS000588,1.6477101230530025,0.9209440542194888,15.752239681035007,0.3696713805466017
1443,UNC521970,1.623390321739862,0.7469374699935019,15.752365494826108,0.5023187703576305
1444,UNC522210,1.6114761351618654,0.8362257200138464,15.75025438506782,0.5244226863022967
1445,UNC522478,1.5971656472706854,0.8960546202448862,15.746979260184617,0.4099659760253651
1446,UNC522694,1.6710242976459995,0.8249388064369887,15.33893069602118,0.36571763698658266
1447,UNC522839,1.6828568954388174,0.9550498209288077,15.897746212108586,0.39761159284523684
1448,UNC523568,1.6435151715163556,0.742134891502125,15.964351244525005,0.3030182219087218
1449,UNC523881,1.6249849881885439,0.9456446764458083,15.996920931742125,0.24359375472430053
1450,UNC524208,1.6029704673499054,0.930542606312902,16.032670522642775,0.39265801805491773
1451,UNC524471,1.5893853926177144,0.9802343223892465,16.055937902418464,0.23694996896255605
1452,UNCHS000590,1.5868376024354802,0.7358821943685726,16.060384183602764,0.2478057888370154
1453,UNC524732,1.5741449457714225,0.9160703242476903,16.083022289226847,0.24651953837511797
1454,UNC524947,1.5581931848294062,0.7844079376444659,16.112638520493647,0.3561093283152463
1455,JAX00248439,1.557663326952479,0.7611820606004087,16.11367694216392,0.2586318191285558
1456,JAX00002871,1.544974354275837,0.8652049935904154,16.137039454862588,0.22976099004362094
1457,UNC525221,1.5344493052880352,0.8312865540614501,16.156278927517633,0.2909230446975831
1458,UNC525766,1.5047398752888057,0.949503008515434,16.24684629808735,0.2473219303351911
1459,UNC525955,1.504924348377699,0.9615225641296541,16.268781755788496,0.2912248949429608
1460,JAX00248460,1.488527012110353,0.668093316352502,16.285732566203023,0.532301435835964
1461,UNC526214,1.4882851057125208,0.9435621517729917,16.28600434403461,0.3433508231225184
1462,UNC526362,1.476080889439345,0.7716467084485359,16.335441144247397,0.2984548939926035
1463,UNC526893,1.4580941467049797,0.875901841875912,16.472712948797607,0.38680628585202836
1464,UNC527371,1.4037840451160264,0.9031798317486689,16.98915034662582,0.2671836585880595
1465,UNCHS000592,1.4028885355132843,0.9047049574268671,17.00157661643425,0.3124688169223115
1466,JAX00002883,1.3985201092823445,0.9856783617150435,17.07221421537338,0.12248943492548424
1467,UNC527937,1.4162588337708257,0.8733379569193666,17.30659404710036,0.27695487912534583
1468,UNC528356,1.4479196847835283,0.8912195937318217,17.363347247661068,0.3074679301634078
1469,UNCHS000593,1.4500950973713316,0.8190017769647416,17.360017989324888,0.25101236622656087
1470,UNC528437,1.455950895524893,0.8709624557551854,17.86878855056034,0.12918298853436141
1471,UNCHS000595,1.4871940044977237,0.7441916943767599,18.060905009886028,0.15590233587044522
1472,UNCHS000596,1.734709754069172,0.7505073832767456,18.39731485339439,0.1415318945624428
1473,UNCHS000598,2.0879058975656335,0.7896739951810274,17.492543050702125,0.20112277832610473
1474,UNC528742,2.089406996844673,0.7772669644773601,17.506550256809987,0.1672877850988576
1475,UNC528903,2.0930891114460337,0.6451114652703016,17.51549681809115,0.10830327827759509
1476,JAX00248499,2.1039159895869943,0.6772124248620707,17.519904813471385,0.29503407439081974
1477,UNC529444,2.056950076270141,0.6785226612310498,17.43249296450017,0.34833372801367013
1478,UNC529906,1.9960425107517494,0.6737527242065802,17.756349922561867,0.295395863280057
1479,UNCHS000599,1.9413282025807348,0.9191202714647567,17.99757154228041,0.12619234626800796
1480,UNCHS000600,2.1485567431434447,0.77629234300568,17.411216543328464,0.17229056248697117
1481,UNC530110,2.177271614869369,0.7999758525174471,17.454873120489765,0.26840493943017396
1482,JAX00248513,2.257099025081743,0.7174068981765924,17.56835409147152,0.2456835780228047
1483,UNC530480,2.253903585265334,0.9365842792520792,17.57203246823724,0.2779624187112157
1484,UNC531436,2.2328692932319427,0.826455804251027,17.45106004933814,0.24174090625438036
1485,UNC531500,2.2316557177932737,0.6085780458005045,17.445402931660055,0.2983376504309812
1486,JAX00248544,2.2456552700582506,0.7941088544715666,17.495168285312502,0.12751046649602013
1487,UNC531718,2.247008337617899,0.8506012539398586,17.495400411834908,0.21196840511524295
1488,JAX00002909,2.24750647414794,0.7486985189909031,17.484231208136634,0.31607607514713004
1489,UNC531839,2.2479541104639793,0.6815402867099303,17.472561422018543,0.16749665910491388
1490,UNC532315,2.2419856303808956,0.8468860099317174,17.428326678924805,0.23601994413230518
1491,UNC532412,2.2402224861971263,0.8385758477606319,17.4136265333791,0.2837933854999522
1492,JAX00002914,2.232468981322654,0.6851937276789487,17.349596882289916,0.31242969632619083
1493,UNCHS000601,2.1462510681285494,0.6326827440045885,16.656983978046355,0.2594548351736792
1494,UNC533184,2.129587916611399,0.9012447921281382,16.461810191508448,0.24847985761638824
1495,UNCHS000602,2.1309819239279477,0.8897975295400747,16.459272497932943,0.4630990647781411
1496,UNC533491,2.1280329836777128,0.8769695975935875,16.416422769373185,0.35401611657656584
1497,UNC533757,2.1462106388758,0.9250366921619071,16.31507016096907,0.20787326721941657
1498,UNCHS000603,2.1467664795807195,0.7688141507027739,16.307185187936966,0.4552953239477937
1499,JAX00248580,2.0549115351557248,0.7057378292493737,16.317786797394092,0.3447331191761945
1500,UNC534089,2.0840501193731598,0.9077546507051384,15.02275573710972,0.33099982774732234
1501,UNCHS000605,2.136404753009856,0.7126417541377266,13.592806085605389,0.4877969647857238
1502,UNCHS000606,2.119281950664117,0.869529049365178,15.118415314983395,0.498413750780343
1503,UNC534504,2.0785636515640817,0.7214219581663384,15.01712038384926,0.40391794296506445
1504,UNC534538,2.0524459620487505,0.9810143545412208,15.005069949401786,0.40420372408997063
1505,UNC534913,1.8878631792017586,0.8287022982816042,14.987534161924032,0.3605236529317145
1506,UNC535173,1.883318184084601,0.872352189008124,15.095993063581773,0.40578229663122156
1507,JAX00248612,1.8824744157966506,0.9634667461186963,15.113651370995512,0.38042908381725354
1508,UNCHS000607,1.5506335234708786,0.8833907239028933,14.748365477504649,0.5670558057909162
1509,UNC535648,1.5514734254420546,0.8498616214961946,14.708543738095841,0.49287716766318007
1510,UNCHS000608,1.554776242880962,0.9225625558605156,14.671077203230197,0.5689818596215801
1511,UNCHS000609,1.5526548412742613,0.90726759645536,14.724207986776719,0.45955403697686215
1512,UNC535822,1.5491934354502064,0.7803626269297836,14.767631662643225,0.5757204260472337
1513,JAX00248629,1.673973160757214,0.7725573475894899,14.850668797139633,0.32690918320925
1514,UNC536233,1.796536897188389,0.7571723046127802,15.203273386807496,0.5102341666806014
1515,UNCHS000612,1.9511536623392658,0.7712245760910229,15.371735139997782,0.2131676948647843
1516,UNC536663,2.0490971515703222,0.590301575185473,15.387437209763448,0.4532565547725189
1517,JAX00248648,2.0346749465513767,0.6566819271574852,15.46641699568795,0.33973014788569716
1518,UNC536810,2.0178403008162604,0.9336848754635599,15.565743103481282,0.51387022938741
1519,JAX00248660,2.169445286609971,0.810791466633711,16.226794944073845,0.46096203342977
1520,JAX00248662,2.2278160692894744,0.6520394316725144,16.322431169847732,0.37694428107947997
1521,UNC537525,2.2795164483825374,0.7676237587445921,16.644002472991588,0.2933498085274172
1522,UNC537771,2.3402396355722885,0.607481900215345,16.735677375786736,0.16815890762615712
1523,JAX00002942,2.3500782435553447,0.7445564626261673,16.712269761406105,0.1761607324327193
1524,B6_rs31362610,2.3501592769264334,0.7965591797648486,16.712078359062843,0.2672411383972961
1525,UNC538011,2.3540095984967593,0.7962755399478354,16.7149373618322,0.337211148962652
1526,UNC538335,2.3580887437426554,0.9455265608111892,16.705354736792515,0.3108444295652312
1527,JAX00248686,2.3591676758276208,0.8837123161721734,16.704457345020955,0.2171579933401307
1528,UNC538532,2.3621900968744285,0.6489556235017729,16.702657064607365,0.35561734770264836
1529,UNC539111,2.3741912230657363,0.7148690169814593,16.6969965954886,0.2270223756054444
1530,UNC539298,2.361625069026104,0.7996819101689899,16.697094535151564,0.27192480468973473
1531,UNCHS000615,2.2717183208096685,0.5611813937758867,16.84010055232511,0.1827846868222024
1532,UNCHS000616,2.2629995346646865,0.6280826562015208,16.85773587142853,0.21731882264023158
1533,UNC539732,2.263447792673105,0.6313466694061122,16.85766537815607,0.17847798546263968
1534,JAX00248723,2.2632805099578945,0.9695734013096357,16.850191617658766,0.35199232212303905
1535,UNC539910,2.2651318846831145,0.8117670397352532,16.855573464275267,0.2143988606578844
1536,UNC540376,2.0843486346532245,0.8552576382500495,17.719241005996537,0.12305004501110528
1537,UNC540628,2.0317192499692283,0.6481549433521839,18.080927200211136,0.22170045052642312
1538,UNC540792,2.02116821622144,0.9834642185735483,18.24168767408537,0.12331593687783933
1539,UNC541211,2.0327763476357177,0.6680174541993541,18.75378530771195,0.10539781752894094
1540,UNC541620,2.11924895467655,0.8046167422353653,19.350131110271377,0.0963012563042931
1541,UNC541737,2.170256165889896,0.6489821578367024,19.53255757155557,0.07841870426602689
1542,UNCHS000619,2.126777445232392,0.7695721964102448,20.846208978102368,0.06029888951711152
1543,JAX00248765,2.1155765835655984,0.7313039767658673,21.43968001562257,0.06152694223612407
1544,UNCHS000620,2.2289972970070266,0.8679843508481441,22.950005565572837,0.015157806682601336
1545,JAX00248770,2.25675929405611,0.7700952219774568,23.11475708269495,0.037623578569467984
1546,UNC542228,2.251999550193432,0.9260355756446808,22.685702524722046,0.01820732210395484
1547,UNC542313,2.235751518249799,0.7706870883331065,22.4130748290695,0.022274122290759518
1548,UNCHS000621,2.33200636505876,0.8363920686015065,23.34615095472259,0.024766665299833228
1549,UNC542508,2.5122572106809002,0.5261090503007166,22.311040206465577,0.06294750810139865
1550,JAX00248792,2.516234558755059,0.7217767192308506,22.256989937494154,0.04580980558815076
1551,JAX00002972,2.1573188463198676,0.9491413057692321,22.425906412324366,0.03487947372169001
1552,UNC543407,2.146362082121641,0.7927701063904249,22.68492758910429,0.021162938385993216
1553,UNCHS000623,2.1437873414040496,0.6573311840949908,22.808683200437827,0.025547878525992246
1554,UNC544165,2.0231937793134875,0.9025571688930162,22.84651604793339,0.03045057269546888
1555,UNCHS000624,2.034662194366092,0.9388171016015862,22.7806937541784,0.039858244216920545
1556,UNC544678,2.0412865476969273,0.822901719846917,23.03088474170454,0.015964338723460442
1557,UNCHS000625,2.040272523927797,0.5583243727601448,22.980286903092747,0.014720333578151962
1558,UNCHS000626,2.0403146413832474,0.7515965943750984,22.980378039391326,0.02667446790202208
1559,UNC544906,2.040430288725929,0.8657460822605654,22.980713809201006,0.018545297091025325
1560,UNC545184,2.0403369700648,0.7520570567724444,22.987758771058452,0.015952637269019295
1561,UNC545603,2.040529566772875,0.8409101931610179,22.99488103769818,0.014332596088457572
1562,UNC545949,2.040693024560369,0.8826827458638893,23.000454793175777,0.022215256639724616
1563,JAX00002992,2.094826193933841,0.8817983996385435,22.94130154480581,0.018449446613947918
1564,UNC547234,2.0984725961479853,0.8306663427414094,22.90220928617441,0.014620310972620468
1565,UNC547351,2.1054990555612676,0.6267600663470776,22.81259047937101,0.01899925436739156
1566,JAX00248853,2.1053764738435348,0.9045965292963742,22.814234010598057,0.026940880333229264
1567,UNC547697,2.1051599871193503,0.8221605786832479,22.817384537365115,0.020728408216315875
1568,UNC547859,2.1050753609711137,0.643503706386199,22.818520423535347,0.012332068328755394
1569,UNC548263,2.1021077230232095,0.8914186782803433,22.823541025208897,0.061616039006539135
1570,UNC548541,2.0993179489196336,0.8254207668169907,22.824981049677945,0.02813734131066314
1571,UNC548872,2.0957464637476733,0.6867927396171483,22.824864729090905,0.026664705674624416
1572,JAX00248878,2.0409560631483146,0.7018963154787191,22.825427449178278,0.021046141985201067
1573,UNCHS000629,1.5088207150165545,0.8919417731793712,23.50525953679221,0.03212797834113893
1574,UNCHS000630,1.526489371063235,0.8991604432405891,23.186135060723927,0.011711159552321396
1575,JAX00248899,2.854282588935348,0.7219022104875155,21.641389260300684,0.04248745454836347
1576,UNC549896,3.441710695094116,0.5093369998139711,20.916745835141,0.08867608070004028
1577,UNC550060,3.490144570057282,0.5123889856628941,20.83316162618098,0.05345665479516377
1578,UNCHS000631,3.506214089021114,0.4176690106502202,20.76513843458065,0.053188776249438095
1579,UNCHS000632,3.5068398428738874,0.30847359543588576,20.76165134759276,0.06480159290205867
1580,UNC550476,3.5096414941185685,0.5498347486127076,20.744678735683692,0.04484688248721413
1581,UNC010078808,3.5154392037381967,0.655003530383116,20.714801811724328,0.07486165770874198
1582,UNC551425,3.5234966173156863,0.5404242602751255,20.668712835424003,0.05671757912282629
1583,UNC551663,3.53732408473752,0.3510694692477758,20.64802076285423,0.0940488541508623
1584,UNC551990,3.5543167997598175,0.5999953209137813,20.62583864225212,0.08279168713677132
1585,UNC552260,3.565449525450049,0.3719574080201402,20.61107139270689,0.06616147046780739
1586,JAX00003017,3.5666653640685126,0.5880338852372252,20.609461228368446,0.05148306712742679
1587,UNC552818,3.592820770089702,0.3265298965220037,20.57239098967102,0.07319529150566374
1588,UNC553082,3.603052250242399,0.37656484853533273,20.557511624818744,0.05542935484694865
1589,UNC553601,3.6302264444364027,0.5170841987539964,20.516978221433646,0.17169925292390698
1590,UNC553849,3.642535181880021,0.48165091443988334,20.497782165219633,0.06652649676829611
1591,UNCHS000633,3.6464771570003904,0.40699327458621104,20.491601464697396,0.06252421239820265
1592,UNCHS000634,3.6486929610041443,0.592990946443928,20.488112080224255,0.0760396891927885
1593,UNC554095,3.6544269923074353,0.47871599205300613,20.4790171896218,0.0988566592843837
1594,UNCHS000636,3.6722189629506374,0.416177017530118,20.45021649569526,0.03514885145836575
1595,UNCHS000637,3.6738905877273282,0.29107226506164935,20.447462452614673,0.05891789242748678
1596,UNCHS000638,3.675851866721132,0.3904013480485603,20.44371745939452,0.10117452352638048
1597,UNC554590,3.6516946710996763,0.4160764426063478,20.27528052605794,0.0398991853412707
1598,UNCHS000639,3.272870722370726,0.63116850313056,18.57102392225329,0.11154756269205077
1599,UNC554949,3.25348853317837,0.40511713238821945,18.480033190292488,0.22766110889094104
1600,JAX00248988,3.255285863648851,0.5828659660863057,18.479673474168976,0.10336727871299628
1601,UNC555538,3.2560997966088507,0.4771196873889681,18.479465430191794,0.1880400331788794
1602,UNC555788,3.257310748002965,0.46321139604577644,18.47911218717536,0.15732289460088514
1603,UNC556156,3.2596800457863537,0.4089663640506154,18.475610936066232,0.16785560421495718
1604,UNC556336,3.262056592787303,0.398569811897068,18.201786894243014,0.10950700221381689
1605,UNCHS000641,3.233801814201115,0.602836304916619,16.813780525087623,0.19501708179300214
1606,UNCHS000642,3.2331450790416056,0.44059782150628285,16.74340270423795,0.32520857712695217
1607,UNC557096,3.233045593795623,0.4980414775245003,16.731530608128423,0.21559182687704206
1608,UNCHS000643,3.225599872712337,0.48987607781848874,15.89291912889098,0.31709827728693046
1609,UNC557806,3.2377874960916415,0.46299696994804623,15.747800623040348,0.30101443583213333
1610,JAX00249009,3.2600688588722733,0.3764462185619568,15.492344078271799,0.4816275526050246
1611,UNCHS000645,3.098414069656883,0.46110739548916646,16.84803799329211,0.20863830391082547
1612,JAX00249034,3.0728558383038944,0.6815808746169614,15.96982945235095,0.3640404898814572
1613,JAX00249050,3.0731139231663747,0.43769884731089487,15.971964820812445,0.29911710037269423
1614,CEAJAX00249056,3.078643559989132,0.43940081481531246,15.9585362794312,0.2909787991583598
1615,UNC559715,3.079533732993468,0.6402189902963739,15.958953647941826,0.4984632427010782
1616,UNCHS000647,3.0505101849194034,0.5384320755031045,15.931688798069672,0.531192527070942
1617,UNCHS000648,3.1216214124733597,0.5477980403988463,16.361286723730927,0.2783386274593645
1618,UNCHS000650,3.1257889395558323,0.5439454742611696,16.371438607929804,0.2773734639189766
1619,JAX00249092,3.0978671020243382,0.4958924465267513,16.588145893652836,0.31170271985559045
1620,UNCHS000652,3.08999796786793,0.6646265364184155,16.58645741241571,0.1605195128709099
1621,UNC562450,3.090508511185135,0.5278934760207452,16.571919145007996,0.35221589933214437
1622,JAX00249105,3.09793198416628,0.7636648524819646,16.5201596713473,0.3505857840177683
1623,JAX00249121,3.0858579855785138,0.5348033179362737,16.590541437298725,0.2345260586119303
1624,UNC563452,3.082402177451513,0.6303134140811091,16.611900460955894,0.25655888462361076
1625,UNCHS000653,3.008808210345478,0.5847516532461466,16.69857772550131,0.176453365339287
1626,UNCHS000655,3.168268005964819,0.5922190348149238,15.887793314467217,0.4579993419092156
1627,UNCHS000654,3.1704043332572382,0.44726519069595494,15.876503905075197,0.4393148043199857
1628,UNCHS000656,3.178872425847203,0.5469348373288784,15.827469305358363,0.22482500467504726
1629,backupUNC010557791,3.179025655444775,0.5567522720178387,15.827482968913273,0.39230527726748726
1630,UNCHS000658,3.181551722103677,0.5318265566713499,15.827175689960086,0.3630878020881028
1631,UNC568061,3.354445081945869,0.38540314805794856,15.349839449308092,0.3383222800757553
1632,JAX00003100,3.4017002886853334,0.5068708691899807,15.252948366408873,0.3635140135002204
1633,UNCHS000659,3.487758233462955,0.4717519585790061,15.022002365710023,0.5135849353888473
1634,JAX00249219,3.492420172527545,0.4537951922752936,15.010362738425329,0.39743715031530924
1635,UNCHS000660,3.4934118462676906,0.5748621653809819,15.007898469647671,0.6407137157749527
1636,JAX00249221,3.4975449300188757,0.5783185787839796,15.052173521085933,0.4546839272277514
1637,ICR042,3.577260463307084,0.34080896037280994,15.635493496883782,0.5244760267739553
1638,JAX00249228,3.579482967678814,0.532423266775364,15.634062380429668,0.28365671920955554
1639,UNC570893,3.583671487327365,0.7129686313385909,15.625626876732667,0.4394822806366218
1640,ICR4042,3.585440761113432,0.36979554100364714,15.620357111862177,0.3556192666134662
1641,UNCHS000661,3.5902022496579775,0.5176513070717674,15.605967403452723,0.3216953615119386
1642,UNCHS000662,3.590776472365178,0.40561619289916273,15.604207653249432,0.2592281811608491
1643,ICR043,3.59602905778479,0.7254159420958592,15.588235571181258,0.4760697733978806
1644,ICR4043,3.5960328899775504,0.5817211232028932,15.588202256095428,0.5637162625387176
1645,JAX00249263,3.64877494356233,0.4292237746075909,15.581704134990105,0.35866729460567814
1646,UNC573481,3.6670469183554815,0.5615219305241961,15.581732840668337,0.3993472623353918
1647,ICR044,3.6826255419973677,0.5764942242438653,15.592111772552698,0.3401425843880746
1648,ICR4044,3.6870009564627253,0.6306176920030973,15.595126584927357,0.32736008444283565
1649,UNCHS000663,3.691106611979194,0.44193011866798004,15.5976316724134,0.34681533295161965
1650,UNCHS000664,3.691194151086165,0.23076610086178137,15.597159287930936,0.43528969134968737
1651,UNC574402,3.6909822086640816,0.5813135641488383,15.595978224286682,0.4161654287943115
1652,UNC010084304,3.6655216209640002,0.5133349142126824,15.547191574505632,0.43823955137409265
1653,ICR046,3.665443530029279,0.38874507647759765,15.547615856729635,0.26051499914419185
1654,JAX00249302,3.5634006643190332,0.671321385412612,15.754118959111565,0.26378221845413546
1655,JAX00249318,3.337313053641765,0.3887003192451227,16.155511716510773,0.28759374955940287
1656,c1.loc45,3.3038757593374157,0.6255952481597165,16.24706607289113,0.315586561726053
1657,UNC578793,3.056254463190271,0.3315670674615693,16.933602413548215,0.23688204695598902
1658,JAX00003163,3.152059353483537,0.6035943525431823,17.108750851575223,0.38231920080519294
1659,UNCHS000666,3.282134918303882,0.3932720558879134,17.17628721008191,0.16595294960016588
1660,JAX00249353,3.2390300352365102,0.5534762824811804,16.878987630114352,0.23561951461090203
1661,UNC581980,3.2428776992232997,0.550277180166922,16.789927444038995,0.27125758694680235
1662,ICR051,3.2536740467094205,0.7565867469145388,16.76149951557045,0.2516451058460327
1663,ICR4051,3.2076036709897835,0.5576493597464657,16.73188931156824,0.3759266102054628
1664,JAX00249409,3.193847936513521,0.5461838296298913,16.73533417179692,0.24631476843024402
1665,ICR4052,3.193903465551557,0.3712447139726011,16.736316419431887,0.23256816777734216
1666,JAX00003188,3.207383612365902,0.5856571616953568,16.76412708186649,0.2323548867034806
1667,JAX00249420,3.223409202990524,0.7578080023969869,16.794872070474185,0.17130207658406543
1668,backupUNC010086952,3.2234426727900427,0.658892084984164,16.794940610093136,0.351735207958638
1669,JAX00003198,3.1497431769987543,0.6939219980805563,16.644473687929576,0.2943720812240309
1670,UNCHS000667,3.243175312328958,0.7157355113774795,16.40466205573648,0.1894808908984164
1671,UNCHS000668,3.251673466979355,0.5292291937887416,16.393724158690475,0.30131657211118307
1672,ICR055,3.332183341781729,0.4300168482084777,16.39023574066323,0.26790178260280595
1673,JAX00249481,3.380961108808606,0.33334511216516427,16.37962176305382,0.257769213220394
1674,JAX00249493,3.571811122631516,0.29456308623593536,16.367067127040627,0.22714436458110907
1675,UNC589868,3.6121802029510945,0.5354865293922254,16.36860293982204,0.3882532024982067
1676,JAX00249518,3.642769168859104,0.4375271730961672,16.42956181055615,0.29231934359245815
1677,UNC591481,3.6492480493113817,0.4480532549420311,16.439309645912545,0.3523955276488082
1678,ICR058,3.649203756305269,0.31997332984838817,16.41846246620389,0.3957053599590074
1679,JAX00249548,3.6436989295107196,0.4568629344948102,16.413157214472903,0.22530894573778323
1680,UNCHS000669,3.637136587207351,0.3863143642235102,16.40996606058684,0.3617806032827439
1681,UNC592611,3.607687970066081,0.4728967433466422,16.517263777107473,0.3294646113468027
1682,ICR059,3.5593575838383913,0.4451951872375524,16.27533157694529,0.36925150790421657
1683,JAX00249559,3.55176760595441,0.4038943358037743,16.219208214082755,0.3023513661673065
1684,JAX00003243,3.5498285857142946,0.3242038376315782,16.219112075953035,0.3721753574934185
1685,JAX00249609,3.5527561862313632,0.3726898084321083,16.197743068373484,0.30858248478491984
1686,JAX00003252,3.553757052835863,0.469307589624743,16.19504495570277,0.4181205336471344
1687,UNC594903,3.555692988670444,0.5759934801092096,16.192756941708694,0.28717487477976694
1688,JAX00249627,3.552415505314684,0.288956126135391,16.20013966639999,0.18866829318966957
1689,UNCHS000671,3.5517532367027798,0.4793734077315996,16.200208045524732,0.3694329434293663
1690,UNCHS000672,3.5516743990292525,0.46445144696409396,16.19992058935827,0.29323545596497685
1691,UNC595722,3.5510542472570705,0.32094612357245206,16.19756796845286,0.27522064946104274
1692,UNCHS000673,3.5497574627438553,0.4960362932046848,16.20239498693718,0.2952215430876361
1693,UNCHS000674,3.5481232149459174,0.38428715907500705,16.200599746414355,0.24388409800303346
1694,UNCHS000675,3.4932044281354138,0.6514107114502797,16.221660697169227,0.5549733476021836
1695,UNCHS000676,3.485459655733848,0.4278529272761538,16.245751170722087,0.7734847677646861
1696,JAX00249676,4.232833767026705,0.3487886091486704,16.446817025197333,0.284152310793385
1697,UNCHS000677,4.309757256231251,0.3802900115845155,16.365998404673974,0.2861215780543698
1698,UNCHS000678,4.386932350463667,0.3954528732365387,16.31752155124377,0.40237164419944743
1699,UNC596831,4.193840228684394,0.29139614723354446,16.59904456474328,0.21969633596785115
1700,JAX00003278,4.389518385585234,0.2522770109491475,16.554253622703527,0.25157205958034307
1701,UNCHS000681,4.8586211138117505,0.2208014750464247,18.3137706222833,0.15795427122362757
1702,UNC597735,4.858796719324118,0.29561881528764794,18.314753712824086,0.1595161621553981
1703,UNCHS000684,4.999301634347603,0.16476614087754485,16.48428739532642,0.39727517564800485
1704,JAX00249717,4.8965834169518985,0.1615975694873984,17.031069133695382,0.24322849375893216
1705,JAX00249745,4.779619605470543,0.22420706458163997,17.774942011023313,0.13172036645807247
1706,UNC600255,4.765981204832315,0.24360177165464755,17.84038659960288,0.08976040919981015
1707,c1.loc47,4.744650876043124,0.3592275646837404,17.836194353855944,0.289061683347301
1708,JAX00249763,4.7268680671102175,0.156020090452191,17.826991319751414,0.1372912630872436
1709,JAX00003301,4.7226837001430795,0.28566644624260634,17.827791122053895,0.19731870671450738
1710,UNC601980,4.656077831128414,0.3320549235186211,17.875838160870444,0.1830451081340124
1711,UNCHS000685,4.670600871314036,0.1788791620817695,17.879779110609434,0.18240532391737796
1712,UNCHS000686,4.832285519038805,0.16883821636385274,17.825399421930342,0.21324789533230673
1713,JAX00249790,4.906451385587388,0.3782362077209076,17.775756520305322,0.21901871734283276
1714,JAX00249800,4.9845609741453245,0.41106415441029126,17.704977541952076,0.13164280076335866
1715,UNC604430,5.016910412854713,0.2721066575630123,17.678008058274145,0.177649186882309
1716,JAX00249822,5.102451005784133,0.2290528860747081,17.722485884039315,0.15091793560292618
1717,UNC605533,5.118307527860452,0.14259140016389216,17.730432307542287,0.26743489340089693
1718,UNCHS000688,5.119947480255178,0.19558693800061522,17.729441381206925,0.1683665942237135
1719,ICR062,5.137930861656514,0.22153967862954502,17.4797562389399,0.15519951746763896
1720,UNC606275,5.15224909702988,0.2898057861560127,17.484634301540382,0.25515263650861986
1721,UNCHS000689,5.203298785401785,0.14396129114507153,17.334987454613383,0.2763048934518471
1722,UNCHS000690,5.2078381505916695,0.20150909032899256,17.32809841356925,0.3022488164968626
1723,UNC608264,5.122138192649345,0.19069308791724948,17.204316763970382,0.23419586392265024
1724,UNCHS000692,5.098918779547148,0.18979166892976418,17.214015968117565,0.3039368429954687
1725,UNCHS000693,5.066832693184551,0.3460267840794052,17.263144451751486,0.2080818352368842
1726,UNC609906,5.075430063278418,0.21405062785161455,17.25656915342779,0.299945450692667
1727,JAX00249911,5.446889975475187,0.16811169895293843,16.896950464079055,0.1882651186860399
1728,UNC612303,5.7375994410742805,0.12230171284230817,16.830137435784764,0.19560109457073288
1729,JAX00249923,5.744923616937967,0.11911568495618552,16.818585430499525,0.2813486347669761
1730,UNC612760,5.81691345506465,0.13419175148771237,16.761916368732273,0.1293737042427126
1731,JAX00249947,6.292105217092967,0.1580343348292603,16.519340428903206,0.3434263377350995
1732,UNC614659,6.3028790667849535,0.07968651954232021,16.51751528284376,0.19615832089675864
1733,UNC615565,6.242735844600247,0.11256580541711307,16.57108935786755,0.3195457145369371
1734,JAX00003399,6.274522309138092,0.0755764986586292,16.56755062236425,0.22458798422893553
1735,JAX00249968,6.487543105157783,0.14310294239482035,16.412037149210846,0.4920812505150269
1736,UNCHS000697,6.5114641923248655,0.06405072549959721,16.396772815103304,0.46454201555293756
1737,UNCHS000698,6.564578142391156,0.12946635513856272,16.343289912940236,0.3909472179009925
1738,UNCHS000699,7.082841641773257,0.07309971690720264,15.593248694078284,0.3256923136666024
1739,UNCHS000700,7.099134324681927,0.10630107544970427,15.570763963437457,0.4441240911408824
1740,UNC617219,7.090709584815613,0.09109436771361476,15.57338639923114,0.25035091154332795
1741,UNC618599,7.02177284487334,0.06966468819878967,15.560194628040108,0.49826300808321633
1742,UNCHS000701,6.993337716881797,0.05231786358083292,15.517356121680677,0.45628875956933923
1743,UNCHS000702,7.000271597442861,0.05720829594080248,15.434004500584706,0.4006244679915807
1744,UNC620215,6.843633992469222,0.061915018889501475,15.272604685462511,0.3523037649867665
1745,JAX00250022,6.4069529020744085,0.08940297718694772,14.98204234511877,0.394177310760126
1746,UNC621376,6.342939078294194,0.0658790786717263,14.978139684713597,0.6289219470845911
1747,JAX00003439,6.342232183697661,0.11085231336015565,14.973532152689359,0.35386318797178257
1748,c1.loc49,6.47141771806082,0.19583680413528526,14.820614123407722,0.43322034905965723
1749,UNCHS000703,6.542438030695848,0.05902985046314139,14.735261605091637,0.41500873106336467
1750,UNC625632,6.5704039657794056,0.0744128197653029,14.750959349541517,0.37815276959744265
1751,JAX00250056,6.615236529427648,0.0717359444649618,14.89328480958352,0.5426674862352647
1752,UNCHS000705,6.628702689230522,0.1227960511675508,14.92182487154787,0.46187512825852867
1753,UNCHS000706,6.6293268902823,0.10436200034329876,14.922051858516852,0.42684633167209085
1754,UNC627036,6.594032299692344,0.1270202996526611,15.030713898951035,0.5454391902674508
1755,JAX00003471,6.571310963442102,0.1799324015430354,15.07125627813889,0.36601583694842504
1756,JAX00003475,6.546955040439116,0.08282033178756289,15.0496348320994,0.5231562202847204
1757,UNC628685,6.523227673285419,0.08062847053461433,15.022592005251227,0.3461677926219345
1758,UNCHS000708,6.51220454709096,0.15003613405254837,15.01459840023881,0.30781595883162016
1759,JAX00250086,6.533757668677026,0.09553169710776972,15.114967529547812,0.49489200611770284
1760,UNC631399,6.677149117642102,0.08852343644911415,16.008397243140053,0.3522416938781605
1761,JAX00250102,6.701380958059872,0.078134557400196,16.003186563943473,0.3766823859965697
1762,JAX00003501,6.781118502760592,0.09212818047171181,15.969938424255588,0.46353772798335247
1763,UNC633506,6.792516223860275,0.10599217948730025,16.00020207095008,0.30539046298961037
1764,UNCHS000711,6.833720506069767,0.06247393358390718,15.978057175230333,0.2868336127527601
1765,UNCHS000712,6.8344183018434705,0.11772912108323189,15.979558713773258,0.3911590176604398
1766,UNC636247,6.860231717155102,0.10853751138672076,16.021436970735294,0.3178953422151171
1767,UNC637091,6.873869547668619,0.07491412542451129,16.042225009982758,0.25816137366628367
1768,JAX00250150,6.875658537784602,0.09019842491291163,16.043727227320005,0.29311209663580556
1769,JAX00250166,6.906380018359869,0.06408452326387094,16.058956603000752,0.2884856545470884
1770,UNCHS000713,6.907872170548444,0.04080710467552492,16.06343535045312,0.24287319693515294
1771,UNC639433,6.908019398806573,0.06285438050208117,16.06395248754552,0.3593407080169473
1772,UNCHS000714,6.922025101177951,0.06629492742468374,16.064210388995207,0.312412976026314
1773,UNCHS000715,7.410575488439235,0.0634876719496921,16.10696614122685,0.2579583863611226
1774,UNCHS000716,7.434556557760288,0.06796567924159204,16.102901838648677,0.23489260833350722
1775,UNC641785,8.010269284193328,0.03310993308748606,16.132643281569017,0.26058279909536003
1776,UNCHS000717,7.98247120278279,0.05363049220767643,16.193970268791645,0.418499024141661
1777,JAX00250200,7.982305501846213,0.04700557781488901,16.19395838148739,0.2699957594808725
1778,JAX00250216,7.216081521668684,0.04591976438707439,15.860837778409177,0.4372911393661205
1779,UNC643528,7.1864541571681,0.04888095826781818,15.893965138031945,0.27587643389694616
1780,UNC645531,6.941682025898899,0.062399035572431,16.1696665103741,0.24860278145808068
1781,JAX00250248,6.934266747349284,0.11774972646030225,16.175538287511017,0.4136489746509765
1782,JAX00250253,6.87144956115435,0.08841943587439655,16.219740719599486,0.2594925986924787
1783,UNC647072,6.69973094307511,0.06038067000283186,16.32508791923624,0.27254510517657043
1784,UNC648423,6.543794612690135,0.10260979813436355,16.40060140382934,0.2494644733865392
1785,JAX00003584,6.459361288833406,0.06899823349874085,16.02275242368205,0.4377729470536179
1786,JAX00250282,6.462252110786267,0.07317957962508483,15.98794266463051,0.37820886048131874
1787,UNC651262,6.524427309253497,0.0759997117029301,15.677935845576485,0.4600265863335787
1788,c1.loc51,6.554056987992908,0.11077396980517522,15.65654296915227,0.4977017224895571
1789,UNCHS000719,6.57557528395796,0.14241661257333155,15.640584700368436,0.5357493954951039
1790,UNCHS000720,6.5765312184985305,0.11541751476895433,15.64091815369079,0.2598486095039798
1791,UNC652639,6.574935800888625,0.07179817970545853,16.255115743472516,0.46786586420392445
1792,UNC652774,6.637378282945065,0.06576805691185916,16.34481242394031,0.262841757116666
1793,UNC653041,6.6423562250570285,0.07353082833922228,15.996092048187165,0.3919223593320072
1794,UNC653165,6.644900169939774,0.11461836366783731,15.75844700396783,0.30617531644257084
1795,UNC653383,6.660842661698098,0.07926948330894854,15.435419462786967,0.4121370789847205
1796,UNCHS000721,6.705071981129777,0.08391542792093647,15.460097299039944,0.21904182049953375
1797,UNCHS000722,6.755637057314743,0.09505118631634012,15.476226453341042,0.30900644195623284
1798,JAX00003607,7.084054506267876,0.06240494337761666,15.733929976299805,0.42548984799878364
1799,UNC653694,7.117710344461557,0.07746319841605875,15.716381334694688,0.39809848111911017
1800,UNC653805,7.118887086724953,0.06425720769390272,15.6873298537148,0.2721029591674682
1801,JAX00250381,7.118661455395113,0.08022219775523302,15.626070625712828,0.46407407178741517
1802,UNC654157,7.115658732285738,0.08455309991159199,15.580203307322108,0.22497976883942233
1803,UNC654436,7.105295347158744,0.05039782834171233,15.516518175431202,0.47489394627748177
1804,JAX00250387,7.100396148259506,0.12794251164136328,15.498196433315798,0.3489296860967676
1805,UNC654625,7.095111243897236,0.05021036599124644,15.482149465897464,0.3097490967077999
1806,UNC654826,7.15703808535136,0.04772205514126372,15.430769486205918,0.3439611398406623
1807,UNC654978,7.205920686498757,0.05947400551096498,15.40419695528135,0.3942111633079907
1808,UNCHS000723,7.239563705494675,0.049614793794218466,15.393700548270544,0.39778603065354057
1809,UNCHS000724,7.3452567012791405,0.0629575588639477,15.071257293229792,0.4885010298333119
1810,UNCHS000725,7.579189572977384,0.04289258760935043,14.744459763834357,0.6628763874510719
1811,UNC655256,7.587073963542025,0.0742816673160248,14.562011610441004,0.34312938577894464
1812,UNCHS000726,8.636708456691167,0.0096248419181616,13.984412597832033,0.6836696708153388
1813,UNC655421,8.556838854290845,0.013007450355711528,14.0322800492238,0.5094395337186263
1814,UNC655657,8.561654384319809,0.027754131749709848,14.019562893633974,0.43100304163010494
1815,UNC655907,8.725282736371582,0.01468565691924809,13.928809396300494,0.8142658421838141
1816,JAX00250410,8.83226196235114,0.016202220868500695,13.85352493900109,0.6466760595597844
1817,UNC655991,8.847190489148488,0.0263594592849552,13.840719266079759,0.5537061538528194
1818,UNC656180,8.896297043046161,0.028524786006908234,13.768112660500947,0.43098028370915825
1819,UNC656365,8.870788077861562,0.0172923487880646,13.722283898481464,0.5175373714568549
1820,UNC656481,8.831005663979568,0.018040682312529425,13.70521866511558,0.7243754670724615
1821,UNC656698,8.753536042532687,0.02105146378870774,13.632047427628777,0.646772394153135
1822,UNC656936,8.782583363886033,0.03284808076436409,13.582346674220162,0.6863159043349474
1823,UNC657187,8.808567930374238,0.023839595219441016,13.540491742552604,0.8190336068644881
1824,UNC657492,8.804933924039688,0.017907283483694664,13.345156792396892,0.5053350894765682
1825,UNC657626,8.77411988085396,0.022017867945582546,13.107142699360793,0.5434917057867866
1826,UNC010098122,9.330028915290995,0.007684983343041399,12.353190571848017,0.6684998545261668
1827,UNCHS000727,9.172150052221696,0.009029021185024477,12.357544249154671,0.6097092050322251
1828,UNCHS000728,8.972714409298305,0.015987453951380202,11.939340556257093,0.7449111480801778
1829,UNC658126,8.729801992226385,0.02418125414042599,11.977241127492107,0.6972978963666787
1830,UNC658688,8.775858454158879,0.01230227930025166,12.003538271506613,0.7181882516783366
1831,JAX00250473,8.776312557370602,0.014205803634935493,12.00365747028036,0.6966129953050266
1832,UNC658850,8.791490346068713,0.01766635040981082,12.006779492017586,0.7791581932056092
1833,UNC659220,8.805257879960664,0.021979959371772495,11.988892009572282,0.5856872652293129
1834,UNC659763,8.860071457494769,0.020771661542614193,11.952497062606426,0.6457814537583455
1835,UNCHS000729,8.908946855896602,0.01642843494515686,11.910903224434833,0.7093911551688525
1836,UNC660238,8.923019849624552,0.027336688575530954,11.903215932089324,0.6973877947921884
1837,UNC660383,8.98093392361011,0.016491488614190697,11.927352056374957,0.8159275720064793
1838,UNC660770,9.030580618619751,0.016594335814157753,11.818690347892925,0.8877572650664312
1839,JAX00250526,8.996015489365845,0.01297557377492445,11.640077511571917,0.6941506249159595
1840,UNC661198,8.978596329596257,0.0275822829227612,11.59247371189872,0.8314557707067877
1841,UNC661499,8.62367085519304,0.0280465484380727,11.764668668198965,0.8581677456222222
1842,UNCHS000731,9.438216328402632,0.010645769037348343,14.59055246038065,0.5460546941977057
1843,UNC661934,9.357815249205942,0.01007960372747537,14.713567312714076,0.5493992261758927
1844,JAX00003651,9.32626135675082,0.014649919268460376,14.427208717970416,0.5055748464325972
1845,JAX00250556,9.256501821252641,0.01641472871200337,13.554437755990193,0.694582515922132
1846,UNC662596,9.103504595786262,0.012938944638388888,12.407690318222876,0.6347168047705785
1847,JAX00003653,8.583368505351245,0.01601217371685646,12.517010190330211,0.637981698738969
1848,JAX00250573,8.535405707859127,0.021726974414531027,12.064312703949554,0.6235380065482926
1849,UNC663025,8.51762680434922,0.02399399880131483,12.060660765161629,0.5645866772342526
1850,UNC663552,7.727410056894769,0.07003178270312148,12.063756648550907,0.8139676669150624
1851,UNC663918,7.601607627552767,0.04585490589179177,11.90124295716214,0.6897222786352015
1852,UNCHS000733,7.436011344927465,0.04036281501011209,11.78333740304879,0.8062714584959232
1853,UNC664379,7.406961145434707,0.02848078920383738,11.762335518907548,0.7363881018347865
1854,UNCHS000734,8.053588633308436,0.029956203480471982,10.72076531213952,0.7639264377749295
1855,UNC664649,8.029304865977792,0.07388991410413973,10.71214470045993,0.7414007412633067
1856,JAX00003662,7.8957802895749865,0.027750209958173396,10.64994868465692,0.8774836188027371
1857,UNC664984,7.8712991313805105,0.03013258073533315,10.642416725516568,0.9748406774505842
1858,UNC665178,7.546341151793968,0.059255072677466804,10.498243648239395,0.8696356149483644
1859,UNCHS000735,7.328031062734226,0.05422665781033165,10.447834825160271,0.851446730458445
1860,UNCHS000736,7.127704189939777,0.08127697921869659,10.674890944849494,0.6499183504432423
1861,UNC665495,7.115782667815893,0.050283629820557216,10.658059823375424,0.8007437186382158
1862,JAX00250627,7.100596943793562,0.05854301092926747,10.648552167067919,0.9096629176276718
1863,UNC665901,7.08481557340906,0.05762779341387687,10.640249026008178,0.9159818976729369
1864,UNC666369,7.023593644585617,0.05977433278808553,10.615116513107978,0.9614494756546809
1865,UNC666736,6.970336817578982,0.06147119354951212,10.59630941468231,0.8645089292240097
1866,UNC666941,6.93430570826763,0.056417542851593006,10.583741032865873,0.8619206132327085
1867,UNC667141,6.910241953524292,0.09645401524550908,10.574404366854196,0.9341636968879922
1868,UNC667574,6.817357871033664,0.07974213329217787,10.54187231239166,0.6487184013871972
1869,UNC667661,6.795311180664157,0.08989239899915441,10.53472104550201,0.9522393591414792
1870,UNCHS000737,6.761142223746219,0.09665943283841368,10.521099050384464,0.885211472793377
1871,UNCHS000738,6.746423127593971,0.09508808644966592,10.515513165052653,0.9852679030840726
1872,UNC667964,6.725085889284401,0.05067933068204335,10.506028054169292,0.9084758719233506
1873,UNC668095,6.692393539984096,0.12536673582427052,10.486280276458956,0.832287079730385
1874,UNC668252,6.64177501318818,0.07917138648860857,10.423341917486141,0.9501271193600155
1875,JAX00250687,6.6158579136654225,0.06772708084168555,10.421078959541546,0.7966659655985582
1876,UNC668320,6.601256808958851,0.050922477845928765,10.41822927257249,0.8954075462087333
1877,UNC668547,6.594915175429378,0.09098062124350464,10.612739184713064,0.6828308405517682
1878,UNC668704,6.60476469703417,0.09557862957871155,10.708420492189362,0.8933949382651313
1879,JAX00250703,6.578864950676689,0.07928404358577433,10.705299865943743,0.6931584453038354
1880,UNC669197,6.499843065099412,0.06782797715498598,10.694950431919779,0.7418103968969043
1881,UNC669458,6.459260507846466,0.12777303804721393,10.515342898509061,0.8115386595368778
1882,UNC669669,6.337606473075766,0.09984133624189044,10.693956018047174,0.7012137567313961
1883,UNC669839,6.357136665216331,0.1394098111398653,10.67082981586077,0.7808494362521032
1884,UNC670094,6.36189440368571,0.11970447745393341,10.673231183652888,0.8284567162201507
1885,UNC670323,6.295194655445812,0.09749432982451615,10.632132829111924,0.8939145500124579
1886,UNCHS000739,6.2633680960702804,0.13747918465501704,10.611066032086455,0.9898232739178248
1887,UNCHS000740,6.248085290463905,0.08071118985405205,10.60086826051679,0.7527788712971574
1888,UNC670616,6.237100774700821,0.10634503219253215,10.6107862874062,0.8028426133643829
1889,UNCHS000741,6.1065255407436325,0.12642140345182734,10.515956764351813,0.7904639571367049
1890,UNC670892,6.100906505537523,0.07074542489642478,10.512205103392034,0.7794418589580783
1891,UNCHS000742,6.100872441456886,0.14163970101415752,10.511972500172533,0.962818351450997
1892,UNC671186,6.100128924400451,0.19353778010113498,10.50796760041544,0.8892670825412455
1893,UNC671332,6.099348505920261,0.10723591725748749,10.505846675166822,0.7995736382606397
1894,JAX00250762,6.0974424880103015,0.15264115837494274,10.503433646796566,0.977162102094039
1895,JAX00003699,6.097679691372377,0.16370046443551234,10.502942572204574,0.8202199379714512
1896,UNC672049,6.2110246974966685,0.12688948089550164,10.3114755976369,0.895562064497121
1897,UNC672230,6.25931653192265,0.1675056488038213,10.320569949141145,0.9286581983778146
1898,UNCHS000743,6.273522793718939,0.10375652712106442,10.317805978862225,0.8908806655795922
1899,JAX00250785,6.219413214567339,0.057155796061062004,9.477176912304458,0.9613597879307021
1900,UNC672894,6.062129544203344,0.25583452942721935,9.537081612294742,0.8807605824592688
1901,UNCHS000745,6.054428421343573,0.1371189955223314,9.490859409617315,0.9178076556855512
1902,JAX00250797,6.054295323726819,0.10627501548424911,9.489905399299687,0.8961720605957346
1903,UNCHS000746,6.054218715365778,0.10914896770955575,9.489599659366604,0.9552580094187075
1904,JAX00250823,6.051857148570434,0.07997768462244481,9.477538941250032,0.9920484951644339
1905,UNC674092,6.051768643434343,0.13877442239965246,9.477437154309428,0.8586023707728873
1906,UNC674249,6.0346789677050765,0.11393690565799182,9.467615085300395,0.9160506116520901
1907,JAX00250849,5.932793794699137,0.10167657367660954,9.425906149120237,0.844685543248382
1908,UNC675172,5.925033080868843,0.10557380104984004,9.422545539534894,0.8465386461069765
1909,UNC675423,5.922375164656614,0.1870682389043803,9.42096301239576,0.99539717945766
1910,UNCHS000748,5.908405280002853,0.23714466619271143,9.419354703855788,0.8530365388360812
1911,UNC676471,5.91708974227231,0.14679295171804876,9.386889617196175,0.9769726093767517
1912,UNCHS000750,5.914559290410807,0.1472096469421581,9.336832045127721,0.8611641822156711
1913,UNC676907,5.904730769195794,0.07713983507555998,9.33636246708761,0.9086304865296548
1914,UNC677249,5.872735707940819,0.21643966442723203,9.33429902971352,0.9587416020764384
1915,JAX00250880,5.863419542829206,0.12263337163284783,9.327861185513711,0.8547550550492208
1916,UNC677810,5.864676038322841,0.1863925902895133,9.3269601290026,0.968349806908153
1917,UNC678353,5.886577316832245,0.14821581441962078,9.327055269382754,0.8121559811286625
1918,JAX00250903,5.888159801948859,0.09490141810399,9.326977453868267,0.9943517237543242
1919,JAX00250904,5.888347695575021,0.1076380290640833,9.32697351761044,0.8675593337434351
1920,UNC679641,5.894034720799937,0.16666374343429036,9.287678909187889,0.9428615661759816
1921,UNC680045,5.892998871831651,0.12269226462694845,9.27484850468636,0.8761365173877446
1922,JAX00250937,5.906051385092724,0.08527831197911466,9.29027803984809,0.9346120840832064
1923,UNCHS000751,5.907825089970402,0.10296337737033531,9.291877223081201,0.9087138713281819
1924,UNC680505,5.912427860690968,0.11906616735968471,9.297372738530385,0.9485655333694156
1925,UNCHS000752,5.913321752965885,0.10934431871226707,9.298642080282434,0.8069864381262944
1926,UNCHS000753,6.61662191639698,0.0874429084128833,9.153514360901,0.9463544508460051
1927,UNCHS000754,6.86217046029833,0.1036518062001154,9.109891866224189,0.9165683581992365
1928,UNCHS000756,7.396792269272055,0.04407637152948389,9.755965351749182,0.895114783396342
1929,UNC681990,7.398804051608295,0.05629618188713656,9.753422855301551,0.9851275107798989
1930,UNCHS000758,7.392691251692668,0.04069905839065954,9.775227301199266,0.9613714710927657
1931,UNCHS000759,7.396375497492045,0.03719841455788649,9.754090499705399,0.8625873189995041
1932,UNCHS000760,7.389154148810576,0.07866131718894566,9.742127288274332,0.9336184334736609
1933,UNC683222,7.285251581901321,0.04066959235610063,9.709372646393149,0.9451826980043845
1934,UNCHS000761,7.287513525344821,0.05780274727819214,9.709222283428517,0.9124923151917809
1935,UNC683713,7.396409790791267,0.03627888069762335,9.660953275621296,0.925895453014003
1936,UNC683922,7.410484078177888,0.032343499349332255,9.700028740743619,0.9620477717663409
1937,UNCHS000763,7.24962669172146,0.05151247208948975,9.730277645927345,0.8426720211882038
1938,UNC684565,7.234273824277125,0.044704659872583166,9.720953528424388,0.8868747077854329
1939,JAX00251026,7.219342499863387,0.054955393358986485,9.710191629389556,0.9984570839195885
1940,JAX00251029,7.217338112672223,0.07186695265422736,9.708662427703985,0.9065379858836559
1941,UNC684957,7.207366977821039,0.045608808925805815,9.71200338512881,0.8600117087897713
1942,JAX00003792,7.1899616864952804,0.13388652586588862,9.724105716716394,0.757039410768868
1943,UNC686266,7.394290739487587,0.09626645898115127,9.853899808767437,0.9410283430107464
1944,UNC686835,7.385225583154124,0.034986891855641945,9.85648712795387,0.8973482372906428
1945,UNC687422,7.361355622993187,0.04992483721837504,9.869787316755037,0.9898769772782501
1946,UNC687785,7.3578512825065445,0.06393891812843441,9.869370964605423,0.7844694468005344
1947,UNCHS000765,7.358798593790652,0.053888226504437094,9.868415038701642,0.9072251586540487
1948,UNCHS000766,7.336214436576483,0.04826321514867994,9.949392880173036,0.9459682396980006
1949,UNC688978,7.3748729351652855,0.06857696562836543,9.931665356440135,0.8087066122580637
1950,JAX00251109,7.29620639347695,0.040823162517352546,10.049442628442876,0.8533528757684885
1951,UNC689713,7.29590426148593,0.03829985118210146,10.05778244654698,0.9166631373728226
1952,UNC689986,7.29427157272994,0.04695921149704819,10.07844214055035,0.7546209868776353
1953,UNCHS000767,7.294224780272316,0.08665513357480892,10.079452214787352,0.7742749299367393
1954,UNCHS000768,7.294115519322986,0.05385348477428208,10.08650336822302,0.7910048140857238
1955,UNC690271,7.29339110439787,0.03856008589100954,10.099642367129263,0.8762520998098274
1956,JAX00251123,7.2925288804885895,0.06047604996699105,10.112762915157873,0.9773572067880492
1957,UNC690829,7.291513390855471,0.12039185808839192,10.18775681741181,0.795638363718526
1958,UNC691339,7.2895577946333106,0.05011356664043712,10.253673456383694,0.8782156258477783
1959,UNC691648,7.286117521469805,0.043296212635930975,10.184796764157682,0.8712058782973715
1960,UNCHS000769,7.299533502566646,0.11234585444192642,10.16979194339092,0.8943171094787373
1961,UNCHS000770,7.297919791323011,0.045804977411840316,10.171299999257144,0.8087288335055883
1962,JAX00191731,7.297760630184257,0.06010278862636468,10.183327504421413,0.9463594140134262
1963,UNC693267,7.297192293638773,0.040854819974199784,10.188749155897085,0.965067697295106
1964,UNCHS000771,7.296399829648635,0.054685540749357914,10.195754504019533,0.8601742853838774
1965,UNCHS000772,7.29539569089161,0.0771841096806222,10.197732823852903,0.9871913989005873
1966,UNC694097,7.294712991015331,0.04767628285359137,10.21571471130801,0.9295367057403376
1967,UNC694544,7.297888221931771,0.038277221158509116,10.220553923668831,0.8165471631934637
1968,UNCHS000773,7.298802054969428,0.0306004151442989,10.2226288052384,0.8374383562750755
1969,UNCHS000774,7.2976075390738515,0.03706727532179297,10.22671729062904,0.9848724969218802
1970,UNCHS000775,7.2968781465342545,0.049119811170591776,10.22735124484393,0.905941015689186
1971,UNC696192,7.28722420427016,0.08919770355576902,10.266595186988297,0.7435834864888284
1972,UNCHS000777,7.285233019301359,0.05353737041628008,10.27873630292288,0.9849278802480564
1973,UNCHS000778,7.284849747723229,0.03149441706169853,10.281037594934105,0.9160607322934133
1974,UNC696705,7.282813432845842,0.05006421388604746,10.295062358000678,0.8418757666155038
1975,UNC697391,7.190835514935543,0.07805358132498255,10.453564192431486,0.8319198981320427
1976,UNC698050,7.094663285444312,0.053474626916556925,10.41084638152347,0.8750391947305226
1977,JAX00251228,7.0941649114340635,0.07460470781466767,10.416233769614564,0.7680227133859414
1978,UNCHS000782,7.093416386249828,0.06961446420373567,10.419086517677215,0.8581553322120418
1979,UNC698410,7.090045813113193,0.05035630021184227,10.466458435945697,0.8360940235115208
1980,UNCHS000783,7.077769978667675,0.06396811019393638,10.590983691999327,0.804005856913044
1981,UNCHS000784,6.878040480343316,0.10925209723353138,10.37155788142013,0.9319851043054854
1982,UNCHS000785,6.8524387040774855,0.08169652358583263,10.037956381961521,0.8073028200496288
1983,UNCHS000786,6.8349666639421685,0.15661039457967627,9.97939781384298,0.9032700722021972
1984,UNC699866,6.586356691762148,0.05078383281037526,10.060902634883178,0.9134398768770872
1985,UNC700850,6.217782243544434,0.07296242296687837,10.199040311095132,0.6875278261868489
1986,UNCHS000787,6.178580952000175,0.11975284853467322,10.24944848854534,0.7958818280451683
1987,UNC701705,6.192261441679193,0.09997264709473686,10.254531580835419,0.8710464405870763
1988,UNC702069,6.214257433968214,0.17891414329436878,10.224558894620031,0.9302855752337905
1989,JAX00251338,6.22018934015432,0.15128040438371368,10.226693642428017,0.9042065184763765
1990,UNCHS000789,6.1559304375505235,0.20780784256212131,10.171875439198402,0.8151871078570525
1991,UNCHS000791,6.320751965478848,0.09813027526533986,10.036517492745588,0.6993022742790183
1992,UNC702963,6.320479381715586,0.08276002018046504,10.036047925490266,0.7153553153479586
1993,UNCHS000792,6.320188075562328,0.1486912816467956,10.035617223929876,0.9964417930301956
1994,UNC703322,6.319151883770246,0.12909599025645396,10.06067865201976,0.8554448657600487
1995,JAX00251362,6.311933723532775,0.06920643722311569,10.052755421882466,0.7578097053991213
1996,UNC703927,6.3034203609895485,0.1622743649745641,10.04391839871164,0.8983994089380114
1997,c1.loc55,6.297716172918172,0.0729901163442903,10.024354656732612,0.8912009624863461
1998,JAX00191749,6.295771792399137,0.1491100416354056,10.01816373546967,0.8034472940290024
1999,UNCHS000793,6.293958407069113,0.07188773360717297,10.015095275197382,0.9534051053411109
2000,UNC704723,6.293342201634005,0.0909813204798789,10.013144497738722,0.7872966393160215
2001,UNCHS000794,6.2955636094297915,0.07030788675553112,10.016808325001193,0.8747015129747434
2002,UNC705778,6.450413054331875,0.12437445887291858,10.11325451338189,0.9753002735971301
2003,JAX00251395,6.483888933721573,0.04509744925175336,10.187445017398204,0.7247212712881868
2004,UNCHS000798,6.557558767968203,0.16127976385410894,10.274743852668962,0.8756785747294231
2005,UNC706090,6.563394200221865,0.10024119455407626,10.277969801698418,0.9444165792485251
2006,UNCHS000799,6.574988504207113,0.0848161835249537,10.281442687243953,0.7670122227608788
2007,UNCHS000801,6.540734369842312,0.07738372116632808,10.16101810107898,0.7784271655082087
2008,UNCHS000802,6.538806667346307,0.10095128587515155,10.161282779122303,0.8074005585786852
2009,UNCHS000804,6.5712144267026815,0.1234617190174963,10.172489363293607,0.9641783340734394
2010,UNCHS000807,6.583144288701533,0.09829816092064024,10.177133718928417,0.813752625495203
2011,UNCHS000808,6.589164798094316,0.09498354866904955,10.180382096946687,0.8625658115091932
2012,UNC706622,6.65696954524833,0.05016641600951627,10.165205922991163,0.9565874866605225
2013,JAX00003916,6.656743269042636,0.06650171642898511,10.165239543983489,0.9004277732696115
2014,JAX00251417,6.691374968437685,0.06931893649290356,10.405077272116614,0.8182054655332918
2015,UNC707026,6.72588440115419,0.10938489588955415,10.434936006440921,0.7518747137181715
2016,UNC707616,7.733253634460198,0.03639458087032188,10.747109469032694,0.6670951098193554
2017,UNC709209,7.796805067208425,0.0214561563836445,10.808626248083328,0.8355340154702289
2018,UNC011347842,7.824412505536429,0.051092106854410284,10.86497251879291,0.8728081188022273
2019,UNC710514,7.822585196464843,0.04918380389451472,10.938799493818124,0.6873844426656077
2020,UNC711145,7.814037950207876,0.0248672289656489,11.025461837953117,0.7827640712487242
2021,JAX00251532,7.807055221356677,0.030944880114967654,11.136788954446729,0.8868772099643001
2022,UNC712273,7.734860848962853,0.024017381743274783,11.17881304777302,0.841247816149542
2023,UNC712761,7.309581913326838,0.06401445511598268,11.303751495842334,0.7258735622043152
2024,UNC713154,4.914053109512906,0.3053672437911309,11.722952093203958,0.9896200690024406
2025,UNCHS000811,4.925950085457998,0.18409456376664948,11.766509732241502,0.8960783321530595
2026,UNCHS000812,4.9313454218315655,0.20799682746153317,11.786578815422672,0.7392576302629728
2027,UNC713780,4.951682579099497,0.2829970354906132,11.968355740887546,0.5427688642451277
2028,UNCHS000813,5.071278000453731,0.1575242529488772,11.940836665494317,0.8769666387711078
2029,UNCHS000814,5.079189074760052,0.18617111616670562,11.950422803940455,0.8808901030234879
2030,JAX00251572,5.0719699345420395,0.15261570240093236,11.956332841101585,0.8732842125779241
2031,JAX00003956,5.013611072705089,0.19362745449233384,11.996007290396165,0.8076706395707263
2032,UNCHS000815,4.935701320080398,0.3272702370307135,12.12030261787595,0.6711102966879718
2033,UNCHS000816,4.924740670949632,0.19781975556260248,12.116611524661948,0.8079288616047215
2034,UNC714632,4.873041546813283,0.26512380746551234,12.228418440021187,0.5885511189288058
2035,UNC715006,4.6170182054772795,0.30946870594053205,12.601068355428197,0.6413748836570703
2036,UNC715622,4.250383092508855,0.3277888829138527,12.16160105160725,0.6736423998597052
2037,UNC715902,4.477026556444798,0.2351266294616216,11.932980030288036,0.7956493185280611
2038,UNC716055,4.552296734848369,0.1809819787478072,11.799504053255077,0.7887069110695667
2039,JAX00251641,4.696119964617765,0.2787772679606868,11.751951161630586,0.7848080728708479
2040,UNC716895,4.712531605893446,0.23893164592277125,11.75630902517446,0.6848698480059654
2041,UNCHS000817,4.808701778925297,0.13047418455981366,11.74756647942263,0.844574255039682
2042,UNCHS000818,4.797281066131063,0.2824555122863216,11.75185193689299,0.8943616758841143
2043,UNC718377,4.708607906793304,0.35469101699620104,11.793560638380086,0.7034239728722835
2044,UNCHS000819,4.701150661387601,0.30655823203303717,11.794638851825994,0.9058193773239819
2045,UNCHS000820,4.826507703688776,0.31237610563202584,12.168312077775,0.6994727621401248
2046,UNCHS000821,4.807972643172434,0.3059611111891333,12.174512215536197,0.8194550415410862
2047,JAX00251685,4.739658216501766,0.25451892713894675,12.183480979989326,0.5306504436417695
2048,UNC719247,4.565104040813139,0.1899579436653338,12.197265149702162,0.7311739836158193
2049,UNC010729195,4.529306986412166,0.18511011777425315,12.076667136909009,0.7572275691650785
2050,JAX00003993,4.5568754440105295,0.31952973067384033,12.115669800768046,0.8685073670602473
2051,UNC720677,4.366852360996745,0.3091254048715013,12.138611256022614,0.6687454088740411
2052,UNC720990,4.870744882447525,0.31748566417001656,12.003747403563466,0.6209845603374272
2053,UNC721192,5.278204737698616,0.17078489819371637,11.86359011934178,0.5108433570182002
2054,UNC721751,5.2442578559944195,0.25460752133203995,11.685000713821637,0.7506563719936762
2055,JAX00191778,5.252217298491814,0.1784505305544156,11.694413681153947,0.6170798675228876
2056,UNC722178,5.255115724693496,0.1446082302392769,11.697067237197189,0.7477563841576509
2057,UNCHS000823,5.248893428071142,0.1363299505604849,11.557390586795691,0.8161911743125664
2058,UNCHS000824,5.247745261854561,0.29445138671480525,11.530299068897193,0.7749202275609758
2059,UNCHS000825,5.249004232132165,0.1853451577736407,11.533463925547267,0.8510650181107137
2060,UNCHS000826,5.4189330058729865,0.15120117344112669,11.860708163046638,0.6489024594413494
2061,UNC722840,5.299425081713252,0.23966626932552582,11.888724087184073,0.8014980772724207
2062,UNC723308,5.229222464752411,0.37038898170031315,11.953082907386715,0.6250069715810057
2063,UNCHS000827,5.165153943896712,0.185944078293389,12.013712278421053,0.8403624161554436
2064,UNCHS000828,5.152128197331194,0.23059486246615996,12.01783388876538,0.6390204438793792
2065,UNC723639,5.126182551663987,0.18255595860330548,12.01205630558502,0.7546390070697168
2066,JAX00004020,5.1002778715969725,0.3298199470867112,12.010864675567746,0.7597177304222587
2067,UNC723854,5.076229156743921,0.28345307393186875,12.011264797117292,0.5553114354771538
2068,JAX00004022,5.005249393770555,0.20961664682987405,12.024205890045778,0.6612511404335073
2069,UNC724213,4.961670254205728,0.2768236640837837,12.066854923580877,0.7752225866489004
2070,UNCHS000830,5.204225554152799,0.14501682853630565,12.571977151570536,0.5904595098942553
2071,UNC724674,5.186227663250975,0.1108777464349044,12.581606860655484,0.6506950656417358
2072,UNCHS000831,5.185699923649054,0.28955969520494645,12.582396033448049,0.6459039844310923
2073,UNCHS000832,5.183468639256944,0.15035580276364066,12.58495942954255,0.5836656298436506
2074,JAX00251840,5.168966642743271,0.2054933529798916,12.609985546474945,0.521328923769939
2075,UNC725712,5.330594125153084,0.11683826766558798,12.63191735447981,0.6595754748072332
2076,UNC725998,5.489260168832516,0.18594657435382103,12.642319224625908,0.7330727660219152
2077,UNC726590,5.727539820270522,0.12313927116200919,12.604713637202394,0.64989546756016
2078,UNC727152,6.222700641300662,0.08826296221397957,12.200860261866183,0.8563879106944335
2079,UNCHS000833,6.31128812552879,0.11580272515424476,12.218576821159331,0.6839660139342991
2080,UNCHS000834,6.311400624961607,0.2302218712577493,12.218647692330705,0.8560290862897463
2081,JAX00191794,6.313965130104862,0.2205757756919242,12.219769477693035,0.6017834021556665
2082,UNC728003,6.382714885159203,0.15356965580110118,12.345938771622514,0.5671902484804878
2083,UNC728238,7.37063312687178,0.10046648948732016,12.568825776532776,0.9054546106120547
2084,UNC728789,7.354755526044983,0.059555812310115926,12.594074681198208,0.7372563848854384
2085,JAX00251909,7.351019070609482,0.04774352261186462,12.593916286799868,0.592785695253031
2086,UNC729151,7.273237788078404,0.12435881527867017,12.599549305393566,0.7338368362814441
2087,UNC729540,7.101938297884772,0.08434213927539333,12.630194067083949,0.6243238695896869
2088,UNC730430,6.858540826591252,0.06324063605056583,12.566594753366417,0.7404035133991452
2089,UNCHS000836,6.849206563210373,0.09246397589537238,12.54256872603787,0.6375362685734645
2090,UNC731078,6.771566658215534,0.08841190731202783,12.474350643741445,0.5639821219402561
2091,UNCHS000837,6.72536120696509,0.08238161597096821,12.176654362753425,0.8014591528832231
2092,JAX00251959,5.691203319887791,0.11407558073104855,11.662366984469827,0.7781057584968454
2093,UNCHS000838,5.691623653455736,0.17399112867518718,11.643418020742047,0.8378763286077062
2094,UNC731706,5.70990714069535,0.17994373869060507,11.62494589212497,0.7480783471362186
2095,UNC731988,5.74893057024974,0.09778871607553934,11.623830038440701,0.7360204143360808
2096,JAX00251974,5.7472517633596,0.13811391034697232,11.62746910343526,0.5961160207500857
2097,JAX00251985,5.748146556970823,0.0858809555791178,11.681167771907894,0.8301584584437639
2098,UNCHS000839,5.749869141047384,0.23800287679602428,11.701716384203564,0.7035113832218917
2099,UNC732898,5.750699753147501,0.1583400548075595,11.709446536926407,0.7120186888672986
2100,UNCHS000840,6.311141475795921,0.17353791041445732,12.491295975934008,0.5511295343486227
2101,JAX00251995,6.203950067003916,0.10331594475623133,12.873786749481951,0.6751788176468431
2102,UNC733491,6.184489267739309,0.13190310096729913,12.94677959266096,0.6467408673344902
2103,JAX00252004,6.27290223821592,0.2122257067458496,12.932932561652933,0.4767343880953855
2104,UNC733960,6.3614595211199685,0.12068560801182951,12.894333392004455,0.7191512408163796
2105,UNC734536,6.701967209382246,0.08743125484282123,13.338551212851826,0.6679663267875092
2106,UNC734946,6.658641693528807,0.0774979346042745,13.655493193421762,0.631740614971539
2107,UNC736075,6.821022458358584,0.0772394000810636,13.301868141585146,0.43432114057260973
2108,UNC736591,6.924757156283022,0.058065059026301304,13.198318036783803,0.6282039179678646
2109,JAX00252053,6.963294579343483,0.06929160402647554,13.158873204780548,0.5700742878618941
2110,UNC737192,7.000852305137869,0.06000363522450855,13.08452596796792,0.578180491983901
2111,UNC737644,7.052061939194118,0.07119211620186375,12.964960625291951,0.7897721459109139
2112,UNC738265,7.098627735480022,0.06380034308794427,12.819147109276628,0.5166909178786383
2113,UNCHS000841,7.121500072367098,0.04196864197240122,12.710855522784414,0.6507444784056241
2114,UNCHS000842,7.122127701974705,0.07623981524369013,12.709409445694064,0.6109512798816371
2115,UNCJPD000166,7.122665245650751,0.052663812110967496,12.70278454418667,0.701380738835211
2116,UNCHS000843,7.122591964130152,0.05082355521650913,12.700343215491557,0.650474704887085
2117,UNCHS000844,6.982528969908344,0.09259554493785359,12.631942710177782,0.6508902877949838
2118,UNC739188,6.879500841877871,0.07270495911852128,12.554372266284417,0.8748983242194766
2119,UNC739718,6.230963483966434,0.10801639442044395,12.385743033775952,0.6933068725359296
2120,UNCHS000845,6.415924522819978,0.10259996140273725,12.3992922833163,0.5140316545115294
2121,UNCHS000846,5.449154097516839,0.28882876677909125,13.269347331134668,0.709017678237145
2122,JAX00252106,5.723683804365464,0.1418079503995009,13.399538115227642,0.550053107638056
2123,UNC740698,5.906297451170303,0.22142861102534678,13.504205237084307,0.7940453287923672
2124,UNC740835,5.987575534247753,0.08857317783405586,13.629842667064167,0.6105356381194138
2125,UNCHS000847,5.997541586436455,0.11338870910556843,13.644213642101704,0.6192214583703445
2126,UNCHS000848,6.207530411310245,0.12807773026906227,13.598235971971462,0.5596381437963406
2127,JAX00252121,6.2172487004570485,0.13522764495496764,13.641924881188288,0.589378210489194
2128,JAX00252125,6.2302537637169735,0.09142711874863728,13.689290337615603,0.6116702629597078
2129,UNCHS000849,6.380290463801202,0.09974232590063427,14.876865131517661,0.4246032826636463
2130,UNCHS000850,6.382304988064561,0.18626213048501605,14.923639298614034,0.3168306130441548
2131,UNC742627,6.946404185905976,0.08249730855851266,14.771773326092216,0.48187188639992934
2132,UNC743346,7.247915087797082,0.06314154603349588,14.784990232955806,0.5315899320860671
2133,UNCHS000851,7.258195202220577,0.036591321915928995,14.762712254607777,0.42243475840940686
2134,UNC743640,7.258443499427813,0.0500624086688193,14.76211219116135,0.4247286268039577
2135,UNCHS000853,7.25553869259852,0.06662402184827398,14.760361121910591,0.5064751251793698
2136,JAX00004144,7.235364604350252,0.05276348614284247,14.803350885205191,0.42401556677223806
2137,UNC744008,7.231200744520265,0.03871396638518642,14.811565173464942,0.41530935274310005
2138,UNCHS000855,7.026719988285549,0.03424428025485109,14.745970796682286,0.4986522972968107
2139,UNCHS000856,6.803650255951652,0.07419883526807054,14.700789892097873,0.4090513762263913
2140,UNC744683,6.775803697288893,0.07944330632197878,14.626236892697534,0.4202621110661961
2141,UNCHS000858,6.774415196132622,0.11375594080189283,14.6229955604947,0.3675490496057318
2142,UNC745175,6.796629935975034,0.09590033279679044,14.58168518650291,0.4194403175158637
2143,UNCHS000859,6.8097863550362945,0.07127667522040983,14.556698640508785,0.5562839810051625
2144,UNC745540,6.815867185732259,0.04917050843911466,14.544973722760915,0.391082039402533
2145,UNCHS000862,6.796723416385021,0.09275174881497733,14.605729096721689,0.4680940445205797
2146,UNCHS000863,6.768035287867406,0.2271776479027825,14.643572276949271,0.4359802041883528
2147,UNCHS000864,6.770338213006198,0.07780055989620419,14.71544512832429,0.5782261537817551
2148,UNC746854,7.090405273965871,0.037239595312929585,14.653988263328074,0.402469126175716
2149,JAX00252213,7.220221396920806,0.05280199285776094,14.642372924737174,0.3750843307450234
2150,UNCHS000865,7.2238897243203155,0.04676148275160605,14.64216289801493,0.4261812401752853
2151,UNCHS000866,7.252752290923581,0.041947935520767254,14.748820858359068,0.3054608634209847
2152,UNCHS000867,7.3148576233436415,0.04204084158016204,14.969298762874587,0.3113949549905913
2153,UNC747767,7.340663308633566,0.02567753888281681,14.964060181069271,0.8433215546958667
2154,UNCHS000868,7.345889034862694,0.07085681281854794,14.958818165540379,0.7727539221043698
2155,UNC748270,7.452398412767252,0.08738405649952959,15.04777819722085,0.37598189729068826
2156,JAX00252231,7.548482302214097,0.057873077242681,15.108900723123043,0.4172519791022943
2157,UNC748635,7.555306576249677,0.048627678906605964,15.108652134382055,0.40694213770288623
2158,JAX00004182,7.586698826951988,0.04590460020233889,15.107448256452017,0.36901231811929297
2159,UNC748964,7.602912954174371,0.03171692037428273,15.10672285659075,0.36870081040486763
2160,JAX00252242,7.626935098727699,0.04976881481776168,15.105510300832066,0.38786765906991055
2161,JAX00252243,7.6599889721812815,0.044352221453772385,15.103604681279876,0.4320500743819723
2162,UNCHS000869,7.665875730749349,0.08464168560673908,15.103251682116706,0.2675806731800956
2163,UNCHS000870,7.67184604990166,0.03508113849869932,15.10287762234043,0.3668482579367993
2164,UNCHS000873,7.679617086825829,0.10490865520499072,15.102377116158777,0.38121249354514714
2165,UNCHS000872,7.681187007179233,0.060589011793628696,15.10227459210273,0.3356457782791228
2166,UNCHS000875,7.702621964208902,0.07486122457761603,15.100548850857876,0.5516769571655347
2167,UNC749434,7.709800915284177,0.03553695991465134,15.100344871341576,0.3553165439680599
2168,UNCHS000876,7.709425682350229,0.06931295499110622,15.114955200319173,0.35059881308786695
2169,JAX00004190,7.701603762195418,0.030307155683806004,15.553856262476302,0.3493544490695318
2170,UNC749738,7.701425878909504,0.04491520607868681,15.586168298551684,0.339102423685598
2171,UNC749948,7.957748200684819,0.050028972742999854,15.908091340665578,0.2705749363228488
2172,JAX00252264,8.02072982139066,0.02302055566623893,16.019645319944402,0.5247953436575422
2173,UNC750579,8.186736592096167,0.022743873783610813,16.379296308512266,0.21763830026921643
2174,UNC750740,8.316025069969328,0.03859791928003259,16.411850591679013,0.26922180641252824
2175,UNCHS000877,10.046311487181356,0.009772059842144767,16.310909871200238,0.2962628968169985
2176,UNCHS000879,10.340358997738804,0.00845347601360459,16.5332993984307,0.2726995426715989
2177,UNCHS000880,10.333934974977637,0.005677109007742108,16.619785947655373,0.21083933781243486
2178,JAX00252296,10.414518648236708,0.005584702020826759,16.875463334145252,0.37167660967485594
2179,JAX00004202,10.425955927244786,0.005310054138021945,16.913200285863468,0.409667998875415
2180,UNC751654,10.42411623892508,0.005217183061464638,16.968669849424714,0.2823066996368163
2181,UNCHS000882,10.430376193306756,0.00545760225331893,17.172321855532346,0.27802789068781136
2182,UNC752248,9.225311868166955,0.011462681494422818,17.691995888910697,0.20758793063649378
2183,JAX00252324,8.91770269385961,0.019398410030574787,17.344258289390382,0.16424163453657117
2184,UNCHS000886,8.88289532426188,0.022380877323517404,17.426123220987847,0.18874086348327615
2185,UNC752561,8.63853560172447,0.0155527344305275,17.77468023952133,0.2986736532381411
2186,UNC753406,8.678718833152516,0.018042315539297117,16.517919813373965,0.29350825851273826
2187,UNCHS000887,8.79556080268594,0.014419171987033493,16.187756600585317,0.3339600947271743
2188,UNCHS000888,8.713058261326296,0.01611090507306525,15.985848944522331,0.5818194160803536
2189,UNCHS000889,8.653471728687464,0.02441523362716783,15.807365478037354,0.25949602284242335
2190,UNC754029,8.645569354625422,0.023492389194717887,15.806774481438197,0.32560880307613377
2191,UNCHS000891,7.732847811201054,0.03666662327782812,15.826610709107626,0.35252332795851976
2192,UNCHS000892,7.76402202455597,0.026140683141527878,16.261882259297863,0.43950357509536675
2193,UNCHS000893,7.635758500346128,0.023702784116468437,16.41362943547074,0.5887114278009811
2194,UNCHS000894,7.606246042027578,0.03711962283130011,16.38699492237606,0.24824976490512687
2195,UNC754930,7.089471657383683,0.07071736652873963,16.523078550681248,0.2902511725383652
2196,JAX00191847,6.909598435743192,0.07766965038518196,15.95605075715639,0.2716722321442892
2197,JAX00252429,6.908307219689277,0.05907114063063751,16.228495990837473,0.4694939291973592
2198,JAX00252444,6.9195011928973145,0.14645929915448228,16.430316229118944,0.3681247410346083
2199,UNCHS000895,6.92162257247287,0.06430266452261434,16.444919501706636,0.45589197562402645
2200,UNCHS000896,6.921813361491104,0.07889058718514551,16.45107318054488,0.3077359571042836
2201,JAX00252453,6.910547930571283,0.04878041179330623,16.48258935735612,0.20312295301491506
2202,JAX00252456,6.909359723747684,0.04961979096494598,16.482840742740336,0.3615246872658979
2203,JAX00252465,6.874240538897993,0.12521096920727598,16.365140832582483,0.2585770696702924
2204,backupUNC010733471,6.8665300527161435,0.06856827099954638,16.33687009762025,0.4232844883795513
2205,UNCHS000898,6.845225252062619,0.07936192113745563,16.236264834691383,0.39072334272659787
2206,UNCHS000899,6.809886528534662,0.08876354782612172,16.144650788543686,0.40792139525464854
2207,UNCHS000900,6.809449861079429,0.14564133832040468,16.14137306712746,0.4951902006866067
2208,UNCHS000902,6.808081394591454,0.053092077182793525,16.11312625198275,0.42564797985209446
2209,UNCHS000903,6.807841829847803,0.046099739651312664,16.10742052256137,0.3338560138264249
2210,UNCHS000904,6.820406960220225,0.13701794257507174,16.14811349162801,0.24220876142005363
2211,UNCHS000905,6.863904146337518,0.0746126320570357,16.280992774783726,0.28375217792238494
2212,UNCHS000906,6.902812857392064,0.05122285250104603,16.38665916278319,0.2617312096278585
2213,UNC760131,6.902524518658538,0.04833542030297124,16.372459466455894,0.2785013609002517
2214,UNCHS000907,6.90354302763717,0.057388242990882556,16.38120373266952,0.27912105201567927
2215,UNCHS000908,6.90365443834753,0.07637824526031867,16.38209172438087,0.30242465667235213
2216,B6_rs3659238,6.905903878322533,0.03456288832900442,16.396839423065785,0.5446367724313235
2217,JAX00004261,6.905902230144193,0.06649842822835594,16.402603834900674,0.29667656114424973
2218,JAX00004263,6.90591392956685,0.08388255248396913,16.405190907730685,0.6213508622055484
2219,UNC761563,6.906058051987202,0.13462829993059613,16.438334978728562,0.37147644459658247
2220,UNCHS000909,6.896423995809528,0.04891889474350067,16.52222742962249,0.3007693512614293
2221,UNCHS000910,6.896119947027728,0.09081495657938779,16.525018311231406,0.445044723386067
2222,UNCHS000912,6.894437642555658,0.09398650857403751,16.54061031375386,0.31014392969347937
2223,UNCHS000914,6.902601282648902,0.06439435691654054,16.559458953109925,0.30576837059886136
2224,JAX00252523,7.108007185191809,0.08792893407001603,16.244423862468693,0.34737403657256166
2225,UNC764041,7.118105792073493,0.09464745476092506,16.231186149270115,0.3568760601671438
2226,UNCHS000915,5.660169888265727,0.16635917350590285,16.50679828798502,0.3523220210717574
2227,UNCHS000916,5.465575628390525,0.13866872350198373,16.485545924004782,0.22896949611748763
2228,UNC764506,5.45846247113559,0.26163265086862036,16.48529348166153,0.22956896466524887
2229,UNCHS000918,5.45163613363593,0.25573790528025203,16.492473593365048,0.1746197161750358
2230,JAX00252538,5.4389673471614515,0.16382758855553947,16.505119582599264,0.2665163759995283
2231,JAX00252541,5.420183936768808,0.2306820639814396,16.534916599234293,0.3168044644849147
2232,UNCHS000919,5.243201055410509,0.16922157844453437,16.81416294146925,0.22469756017172055
2233,UNCHS000920,5.234328817485448,0.26773118311248895,16.82530872122493,0.3009795514257179
2234,UNC766527,5.206466081587223,0.17454531592347547,16.881789848072458,0.21359282639245508
2235,UNC766998,5.0780868732204,0.14522524146663435,17.385374084991327,0.14032673150975206
2236,UNCHS000924,5.0758947626788995,0.1908214099247763,17.404605466717612,0.1440936736956152
2237,UNCHS000925,5.074093719918892,0.1738775264165253,17.45544172859877,0.21490129432601549
2238,UNCHS000926,5.069922740317452,0.21074967706167586,17.49955517651074,0.2012874604829476
2239,JAX00252580,5.056235130815821,0.2309885384604311,17.624543881029695,0.3034401443157917
2240,UNCHS000927,5.0467016454222176,0.23970004018712104,17.72612207024872,0.13255323570162353
2241,UNCHS000928,5.042559329842334,0.21452444066982074,17.747990737354485,0.25505475899611674
2242,UNCHS000930,5.0512454007166525,0.19746949345369436,17.758997135776553,0.1987076303608178
2243,UNC768262,5.099663437182244,0.26922297106359416,17.81198752319324,0.14635696850193136
2244,JAX00252599,5.101685296512414,0.29716151967269927,17.81081355813012,0.14024308876714475
2245,JAX00004314,5.120664340337953,0.17820657965106115,17.800713981876925,0.1688070910941986
2246,UNC769626,5.131129439901997,0.16694201573343928,17.795167398832064,0.17850219994501976
2247,ICR072,5.132170368913648,0.23380531138303332,17.79637446259312,0.12135556994557112
2248,ICR4072,5.1335999559696575,0.2568788375420232,17.797544747180382,0.1971992274787519
2249,UNC770116,5.151041173667181,0.27491466315564383,17.796267840404198,0.21743125387499918
2250,JAX00252642,5.017835757359762,0.12606618418070703,15.794440011179631,0.22724516050408045
2251,ICR074,4.91840375818515,0.2873518289716453,15.572814284335891,0.2855605249497675
2252,ICR4074,4.919932218984741,0.3804968182228952,15.571045307000077,0.4721167469965306
2253,UNC771487,4.920608587829975,0.20262987503034943,15.572138749662827,0.35390677120174896
2254,ICR4075,4.9167377710023175,0.17571845646800333,15.61019979257253,0.3617528800926044
2255,JAX00004337,4.921583799478412,0.2146593399659794,15.605726537504324,0.31518125432907246
2256,UNC773571,4.919946282315777,0.19983415597538737,15.59832662591225,0.2048675755118102
2257,ICR076,4.919822844928149,0.32701858561222924,15.59814670847095,0.26190930887911695
2258,UNCHS000931,4.919517337537172,0.2958382542820016,15.597727343421411,0.3152906910449738
2259,ICR4076,4.919513362241105,0.24208074780389274,15.597726549498702,0.43540110608935095
2260,UNCHS000932,4.919003508367496,0.17486476874650964,15.597398945498753,0.4247075888159644
2261,UNCHS000933,4.922244042428247,0.2205959488469382,15.629256839760274,0.2651029396517428
2262,UNCHS000934,4.923085561164044,0.2696520137887785,15.635622485669046,0.36917812068964523
2263,UNCHS000935,5.083698436149007,0.21685658575477407,15.900543206058046,0.2058457545702178
2264,UNCHS000936,5.260277347634656,0.1740724997343698,15.461168274497822,0.5115315616593871
2265,JAX00252701,5.270892259676657,0.09135830870827104,14.97777608938054,0.41211816504322846
2266,UNC774504,5.384516321219962,0.2706891453754908,15.127718493224165,0.33732215620673794
2267,ICR078,5.693759377452352,0.222674860097092,15.610482517883383,0.459202248844684
2268,ICR4078,5.756062655052574,0.11856408613547131,15.684097995687353,0.33391166369843656
2269,UNC775718,5.82195456661384,0.13756048249725358,15.730811880277315,0.39221841838600946
2270,JAX00252734,5.863618379194122,0.11591038893183378,15.76022331186573,0.3147602515919271
2271,UNCHS000937,6.015825605206373,0.18477503874477233,15.884132546227875,0.2842513554699844
2272,UNCHS000938,6.024731092171805,0.10078509039011355,15.892947981573116,0.2930177653556123
2273,ICR079,6.043002243074852,0.10275686824083238,15.913812043577991,0.45855293714412476
2274,UNCHS000939,6.0411622155602345,0.12641853217805007,15.913602798726743,0.3776976742830342
2275,UNCHS000940,6.040387701377767,0.20587228453621179,15.913581852299103,0.24342036682616144
2276,JAX00252751,6.040140407794979,0.1039575851296208,15.913560791737837,0.5250346273417588
2277,UNC776673,6.039253287187648,0.10079873955910339,15.913689666986329,0.3292909927153253
2278,UNCHS000941,5.792284040495815,0.10434518047397859,15.599922871701892,0.4741757452605198
2279,UNCHS000942,5.756505254621061,0.17505634467502534,15.484723516356553,0.3122781046624157
2280,backupUNC010737916,5.631845685233657,0.11463600590009106,15.281024589847448,0.47829062258428284
2281,JAX00252784,5.622747369256103,0.24676985549000752,15.293690170049558,0.3189378907401303
2282,UNCHS000943,5.576452169193999,0.15480978021236158,15.362489005831549,0.4509068455492974
2283,UNCHS000944,5.574200639281344,0.1119988751593417,15.366081060370561,0.5534618702180711
2284,UNC779275,5.573990711126044,0.13475507880048676,15.366314975799241,0.41509354613526245
2285,JAX00252804,5.514859044315926,0.17679894861376047,15.468102038030338,0.32861190619936675
2286,UNC780397,5.490684456015515,0.18952897613191602,15.513486723288224,0.3066568733115656
2287,UNCHS000945,5.47984330193799,0.21335212319238375,15.527917084850287,0.3166780564233337
2288,UNCHS000946,5.478845497902512,0.20180613573307027,15.529899572839895,0.30789999562274906
2289,JAX00252821,5.465986966780292,0.28057514736654743,15.546698117289907,0.39644756581272117
2290,UNC781464,5.463628113799814,0.1689827099713367,15.549729436320604,0.44033046070481313
2291,JAX00252829,5.456692352669052,0.12735700191111735,15.557518164278918,0.35808204129523674
2292,backupUNC010738940,5.452137624458146,0.21948573507497945,15.561869923308222,0.36854873119613935
2293,UNCHS000948,5.407792040647564,0.23135691805601732,15.606151046020841,0.3109329016716664
2294,UNCHS000949,5.349491309048062,0.21301741600246857,15.66712858190931,0.3825969449342258
2295,UNCHS000950,5.059392002643335,0.13466452307115268,16.007012133707804,0.3890784100253684
2296,UNCHS000951,5.348557825600437,0.1809933843701607,15.603381378625727,0.41422477558560233
2297,UNCHS000952,5.482056259749243,0.13753411351486095,15.495055347323614,0.3940812352319415
2298,UNC782601,5.47204020221443,0.1939290668352227,15.51411681713057,0.36229350761639656
2299,UNCHS000953,5.455211048421688,0.18136108096806808,15.280245120190784,0.29196144861156703
2300,UNCHS000954,5.4455313603211835,0.2579550929157302,15.091121365978324,0.5377745488065311
2301,UNCHS000955,5.434826953185393,0.1616045778734373,15.086805404134566,0.5739816612747541
2302,UNCHS000956,5.429495586894063,0.1610645174692607,15.084624744382836,0.3022542187186842
2303,JAX00004404,5.404459232947829,0.10940457438932927,15.073787248578583,0.41203248400093534
2304,UNCHS000957,5.370989657059454,0.10587018691858852,15.057699142053252,0.277722176991493
2305,UNCHS000958,5.364293049959542,0.13604466665906803,15.054039859334125,0.41053902164336276
2306,UNC783353,5.351806316870352,0.2762325037810124,15.047010333103117,0.3749381418023821
2307,UNCHS000959,5.345212528281763,0.14203018131140588,15.043116753990262,0.5144224679985611
2308,UNCHS000960,5.339996334241732,0.1257067534218247,15.0399998667815,0.22461512329257116
2309,UNCHS000961,5.296885902372878,0.27645832649687674,15.009930646219573,0.41367141570690497
2310,UNC783803,5.299312161664147,0.20594773671421704,15.010314383844843,0.2909841132257214
2311,UNCHS000962,5.405671337566446,0.27513836714605533,14.919250434550804,0.3441092683004725
2312,JAX00252860,5.462236477817214,0.12070355657413928,14.921866006094433,0.4724723760865934
2313,UNC784253,5.462549354954717,0.13117937044740358,14.921771926250813,0.5216102648369911
2314,JAX00004414,5.511178996926901,0.12335006813690741,14.906284310680576,0.30776071096821545
2315,UNCHS000964,5.518443379148721,0.15227461351861393,14.903808562340146,0.4304710400066326
2316,UNCHS000965,5.598296687098809,0.16297463764887932,14.853429132388328,0.4563391293660018
2317,UNCHS000966,5.34849521963406,0.21697472994485434,13.736181698100381,0.35860072658738723
2318,JAX00252869,5.360740734006413,0.21912802652694321,13.728783262446086,0.5117480038979348
2319,UNC785146,5.388846514577153,0.12641338277474712,13.71148857281537,0.5483918235067662
2320,UNCHS000967,5.422184045079348,0.11829265614711706,13.694456886742728,0.8005991701081115
2321,UNCHS000968,5.430273340542499,0.2024251704835772,13.690324812641165,0.7165791541283537
2322,UNCHS000970,5.43967660866133,0.2231443509031265,13.685486206501764,0.5189983088072696
2323,UNC786052,5.605373756056224,0.09507639237114358,13.593732424917107,0.41630209638911964
2324,UNC786420,5.703391700470547,0.1783568063675824,13.532431828100698,0.5818978953617572
2325,JAX00252887,5.703259740603471,0.09243691293090521,13.53233601566194,0.7143707364290545
2326,JAX00252891,5.691600649431393,0.16545722720389816,13.523640022914833,0.6359639611360571
2327,UNCHS000971,5.683565379908941,0.16113476870234916,13.517402798471267,0.5564684868871778
2328,UNCHS000972,5.6823525436263935,0.1345229014740309,13.516250909726978,0.5343283968530957
2329,UNC786916,5.681303579422547,0.17060809187321238,13.515495298996484,0.46755041398004316
2330,JAX00252895,5.6793147596299605,0.16270351135413522,13.514004445099772,0.5445128805267825
2331,UNCHS000973,5.679931271006353,0.15574468532835062,13.505367923698486,0.6571631554465514
2332,UNCHS000974,5.6800490439966325,0.2195569382336436,13.503929964209647,0.6729578953673933
2333,JAX00004437,5.6807977024473075,0.10960781326511179,13.494923057760161,0.5539488396115768
2334,UNC787219,5.680873911887375,0.12767802389410718,13.493980026891677,0.5770869960830465
2335,UNCHS000975,5.681628436912206,0.26640864948378973,13.483825889974696,0.5378116170707392
2336,UNCHS000976,5.681741547978618,0.15782171193676134,13.48231056778127,0.4629697698415954
2337,UNC787537,5.682329857526383,0.10544518006134736,13.47379314552245,0.5036460848689809
2338,UNC788163,5.592515907402458,0.17143991132498,13.324871756793527,0.48121982050124085
2339,UNC788609,5.51912897113516,0.17411498329828407,13.194782691182127,0.5019920109636032
2340,JAX00004447,5.514721402460054,0.18229134071837738,13.183209733000012,0.5167290559474214
2341,UNC789029,5.450156033401981,0.1453018733301669,13.008912580069136,0.5420216079112089
2342,UNCHS000977,5.346707641904459,0.27524206288011555,12.731907083715896,0.6262190091247428
2343,UNCHS000978,5.340888001141366,0.1596500934839547,12.716335258710615,0.6558693684055801
2344,UNCHS000979,5.328047658344531,0.16120607587375113,12.682844222324547,0.4124373179702947
2345,UNCHS000980,5.153330680611816,0.2387591540862211,12.7648458739136,0.8005053765541628
2346,UNC789712,5.151354745562685,0.15547928723554438,12.760196587194741,0.7633513097792196
2347,UNCHS000981,5.149721671446059,0.19094026229497588,12.732594814641743,0.631741116017345
2348,UNC790025,4.9304635427204175,0.2669037718055236,12.908878881430383,0.5886814677256449
2349,UNC790834,4.821492321938422,0.2914450738274257,12.090022490492629,0.7001695307926877
2350,UNC791131,4.8847183055768255,0.24658097526312694,12.066624681855274,0.7260592637080543
2351,UNCHS000983,5.033282767259607,0.23965167232486634,12.26827482023964,0.5812585696467961
2352,UNCHS000984,5.091958219636581,0.26908576481087776,12.327869523444633,0.7173413216736492
2353,JAX00252953,5.041472956540247,0.13802241629014764,12.511708321211245,0.5180198573358702
2354,JAX00191917,5.009132588632383,0.16372687377626918,12.70181083838088,0.7353003613757494
2355,UNCHS000985,5.127477924829691,0.3164366021060298,13.566110361012534,0.5444964499135999
2356,UNCHS000987,5.583771189219533,0.36553685929911145,14.164948492967369,0.4061668963466719
2357,UNC791840,5.599860395002452,0.16621397430712664,14.172854708968089,0.6578626194612145
2358,UNCHS000988,5.612610632120777,0.13077771672692304,14.180727302088599,0.6004383923456127
2359,UNC792051,5.620874871503247,0.15556393587563952,14.164624491124869,0.491172649522204
2360,UNCHS000989,4.990692139819657,0.22548606868259707,13.703202338096844,0.813200394467574
2361,UNCHS000990,4.815799787258811,0.16687904118052174,13.554776535344217,0.5167285537770387
2362,UNC792649,4.783626870540729,0.24730688912195947,13.477950837605704,0.4622605015727262
2363,UNC793417,4.73565019373973,0.25258663284744004,13.361688438395504,0.6042630342827264
2364,UNCHS000991,4.733087763080221,0.30920557849265823,13.355939619884111,0.4583763312836947
2365,UNCHS000992,4.7344570402296995,0.42060355214935774,13.352864424997279,0.6481403005067181
2366,UNC793779,4.746225158652123,0.34321935725008534,13.330478872815547,0.6451913188887166
2367,UNC794531,4.775184048890196,0.36978600986995974,13.276138504809978,0.5819832033445503
2368,UNC794882,4.865862093985243,0.24165267707131474,13.450359389032656,0.6359097036200488
2369,UNCHS000993,4.984663135487381,0.2614652770648743,13.521794512803126,0.6147578080541032
2370,UNCHS000994,4.995801572988512,0.21168814122725338,13.530355557873236,0.5447557286357119
2371,JAX00004492,5.0065260996475445,0.15976900141611972,13.538956901364827,0.538515346286181
2372,UNC795154,5.0352852112691835,0.17949617909996396,13.588672397001801,0.4236587678719718
2373,c1.loc63,5.124147514829247,0.16265908728991238,13.485348780928007,0.40530126242352704
2374,UNCHS000996,5.169230962639631,0.1644202283386213,13.435771490196885,0.4660697633609507
2375,JAX00253029,5.406210796822052,0.22681218641271134,13.189574875639437,0.6729996185135623
2376,UNCHS000999,5.409091503655418,0.34622776886297146,13.186589113970513,0.557392102350094
2377,UNC796606,5.456851297120011,0.2222562794176188,13.14685356712289,0.538914710368308
2378,UNCHS001001,5.473406603172407,0.10431207477414857,13.135895499948674,0.5860761414317156
2379,UNCHS001002,5.481583780042683,0.18796060726679312,13.130567957621906,0.6628733564762417
2380,UNC796811,5.491787824466428,0.14453980518902962,13.088214730993059,0.702048700916249
2381,UNC797153,5.5064174992787684,0.09259669663203011,13.025478264928324,0.6328909441312192
2382,UNC797558,5.518193370070094,0.11499708846574255,12.984515969960057,0.3981626794095452
2383,UNCHS001004,5.528878225436756,0.1915620817140801,12.951425659332244,0.7933568845461905
2384,UNC798040,5.531228925527557,0.09884262423324347,12.94412513092334,0.7050574265076366
2385,JAX00253063,5.538453474223161,0.2864911078728767,12.921507935377804,0.7178730420829129
2386,JAX00253067,5.539293458638895,0.12440993709609127,12.918884602424896,0.7676395433518283
2387,JAX00191930,5.5425500644801104,0.11669786810624791,12.90868300398688,0.5394809561047963
2388,UNC798825,5.552633385323816,0.14314466180965954,12.877084749045252,0.6327390606971056
2389,UNC799168,5.536271704481123,0.22251204687736267,12.678812656560694,0.5816740394887445
2390,UNCHS001005,5.531495737405521,0.16133675409916737,12.503013471147824,0.82410890650561
2391,UNCHS001006,5.532907635738638,0.18003462165727022,12.497985584473327,0.6913977287450032
2392,UNC800539,5.56145774209358,0.23061900884764988,12.402035724287316,0.6625883424897465
2393,UNCHS001008,5.561631179778487,0.12972647828759212,12.401440417822187,0.7027677344665948
2394,JAX00253108,5.5692926619694845,0.1581273465217045,12.367007458814896,0.7313944422118589
2395,UNCHS001009,5.5789721302862745,0.12681210442788382,12.345390499923496,0.632733814215445
2396,UNC801098,5.581011780679091,0.12870629842856401,12.343722100754576,0.5024258342768848
2397,UNC801623,5.683510988112175,0.12129784828020465,12.283055377410165,0.6054627011725351
2398,UNCHS001011,5.721994206626732,0.0949343627821009,12.25224587339926,0.8091829627180788
2399,UNCHS001012,5.928723767086012,0.13833465873451456,11.994170967627952,0.5921463600466012
2400,UNCHS001013,6.128826559014215,0.08375713337026222,11.940086100106782,0.9079245963437056
2401,UNCHS001014,6.289764586239016,0.08242825716941242,11.886639354742329,0.6849267398495772
2402,UNC802565,7.052648322699042,0.07916551084479198,11.081837809819945,0.7348629155814437
2403,UNCHS001015,7.068488140577529,0.07570143377976032,11.03034133817141,0.7021330199727568
2404,UNCHS001016,6.994630191186388,0.05675293496952513,11.225669835859208,0.8685016362166048
2405,UNC802880,7.02339800159325,0.0520048761266348,11.101925518644748,0.6729474054517124
2406,JAX00004552,7.028097628651722,0.04518832461358725,11.091572717892177,0.7672150403321311
2407,UNCHS001017,7.084632982766152,0.0433297859040636,11.006124906432433,0.7629534404876018
2408,UNCHS001018,7.1300378976570755,0.036023820728646176,10.950880283023025,0.8052086839403814
2409,UNCHS001020,7.133629145727355,0.04190838754901735,10.950827093011867,0.7732433848684912
2410,UNC803809,7.400576067103884,0.04876799692929593,10.961785349554702,0.9298165593444334
2411,UNCHS001021,7.650628087831592,0.024434998499001714,10.566656097844088,0.80852438556433
2412,UNCHS001022,7.687983108723529,0.03724131424424497,10.51292242222803,0.8436548148207542
2413,UNC804306,7.846048051409753,0.03672021014010426,10.480653603170367,0.7816220961367354
2414,UNCHS001023,7.814025324437807,0.04290371306088925,10.559404299478956,0.8193520307725717
2415,UNC804718,7.812109859230986,0.04247364842246857,10.564355755171164,0.764524826089126
2416,UNCHS001024,7.941499011773885,0.03799447269904351,10.380721413844412,0.9260067965861054
2417,UNC804981,7.954263770625857,0.022459033319021326,10.374551689802274,0.8764640121756153
2418,UNCHS001025,7.957223579274341,0.044313064909842874,10.373543642840787,0.9435090277976419
2419,JAX00253205,7.958922021875878,0.0265720788937366,10.372834504096318,0.9076462221636525
2420,UNC805608,7.97954861985545,0.03291700718666465,10.366107990197406,0.7862381635818231
2421,UNC805911,7.99233917230481,0.01778545587965623,10.362371139241759,0.9292438560624963
2422,JAX00253232,8.221148983794365,0.01973323675388067,10.351574056029904,0.8647998684558252
2423,UNC806852,8.47047476054422,0.038924918540962763,10.311956547669297,0.8796672141175829
2424,UNC807105,8.733952299886369,0.012754586211744556,10.164087307142381,0.8893394520931709
2425,UNCHS001027,9.482149661067751,0.010025567743888788,9.697589596454463,0.9323124682901082
2426,UNCHS001028,9.606077173249105,0.010978485142892928,9.657000280512875,0.8773551992311228
2427,UNCHS001030,9.650760748136463,0.0054701391075174235,9.585747504886967,0.7771243201727348
2428,UNC807288,9.652341142548948,0.01259147318450435,9.583294877721983,0.7816439732648821
2429,UNCHS001031,9.651652899778128,0.006063724678155659,9.580465798151863,0.8923732384391148
2430,UNCHS001032,9.650122506471916,0.012485979663486123,9.579400676794421,0.9051939698128624
2431,JAX00253253,9.654329609757497,0.009113197361788923,9.569584828180268,0.9045728990222571
2432,UNC808491,9.665397748687838,0.008373938294753308,9.5360470968767,0.9570836539962628
2433,JAX00253267,9.669278769440552,0.014215907012602192,9.526350718213052,0.9351579272321618
2434,UNC809041,9.674847544360546,0.01558006663274364,9.522864846807806,0.9618875759468857
2435,JAX00004597,9.677744813429399,0.007039556684539923,9.522192812006551,0.8668404433259441
2436,UNCHS001033,9.59126031273081,0.006559623901337168,9.600168183318146,0.7814371572826421
2437,UNCHS001034,9.594947293334826,0.008810853900191935,9.596171614319019,0.966564895287669
2438,UNC810365,9.603743148009244,0.005794182983308154,9.584700156006193,0.9317600332796577
2439,UNC810655,9.754808339453803,0.010206540110627497,9.461379016571072,0.832641283831115
2440,UNCHS001036,9.751641917272536,0.007367629285571608,9.440994116099773,0.8486102926475927
2441,JAX00253313,9.714090229637804,0.013021070985143723,9.459265774508822,0.9045451555760468
2442,UNCHS001037,9.639154274926796,0.012537107018841533,9.525786775292318,0.7462480093007252
2443,UNCHS001039,9.63910560154818,0.005872929627733837,9.525529854269735,0.9276296990369886
2444,UNC812026,9.638675770401733,0.012194335348624725,9.52266115063071,0.9880585132383845
2445,UNCHS001038,9.683257745719857,0.007029909355008631,9.498097771356242,0.9720458007592191
2446,JAX00253323,9.758268485512644,0.01689442034492194,9.466276118021824,0.8152587416515152
2447,UNCHS001042,9.787595298384758,0.007617089936831622,9.456848830393028,0.9879406145011257
2448,UNC812359,9.784058363735994,0.007548740451507545,9.446560299779549,0.9539516593101304
2449,JAX00253329,9.782513556506274,0.008685829847970832,9.443791412390283,0.9771653539807658
2450,UNCHS001043,9.78134526859185,0.010966159780492918,9.441229882059815,0.9266758500033195
2451,UNC812688,9.777242162013863,0.008472692535926581,9.422231332076535,0.8809766536251278
2452,UNCHS001045,9.765818305836774,0.016716500911162488,9.370817558717363,0.9847113778363422
2453,UNCHS001046,9.764863086329797,0.008686746204768472,9.366630002335569,0.9982613569754518
2454,UNC813367,9.753793143496296,0.006394027543294452,9.319303093586086,0.9171997202106645
2455,UNCHS001047,9.748066524690103,0.011554278293597975,9.295496298107764,0.9407282851021418
2456,UNCHS001048,9.745530196774098,0.006358313162934193,9.284989242144775,0.9755144015450112
2457,JAX00253348,9.73567196711042,0.006196709230002781,9.245046000730781,0.9708922122876609
2458,UNC813782,9.735036097386,0.007218617149791665,9.24253193087452,0.8814421918436585
2459,UNCHS001049,9.72462896910838,0.005930777852350727,9.202777105565929,0.9371639183798653
2460,UNCHS001050,9.721401468167642,0.007182697995728076,9.19000591617305,0.8369959219916687
2461,UNC814184,9.716828420204365,0.007731357403765078,9.173353410491927,0.8119206699236556
2462,UNCHS001051,9.576388587126075,0.011778969003594965,9.151685282019344,0.9897001459520036
2463,UNCHS001052,9.530125637201081,0.008667782830834258,9.145868961685437,0.9916561411306357
2464,UNCHS001054,9.416883497890922,0.0097531838061789,9.134384297119823,0.9819803393702713
2465,UNC814540,9.162894906867223,0.014661515126941336,9.1236329990802,0.9237930164322201
2466,JAX00253368,9.135678752602871,0.012853949079649816,9.118885708252492,0.8566238785725677
2467,UNC815271,8.532755256526798,0.029495115766133714,9.227078064895522,0.7792451538662573
2468,UNC010106729,8.356831218218304,0.03537624094413571,9.345979193016774,0.8501129510744454
2469,UNCHS001055,8.21746660627241,0.01756999988660056,9.458509416804418,0.8443870635547959
2470,UNC816809,8.003108403755505,0.030881327997921044,9.680769845725536,0.7914613562081513
2471,UNCHS001057,8.000458994884866,0.021627741745254614,9.672450005115707,0.8907043224847043
2472,UNCHS001058,7.9987299716444795,0.028131508721818334,9.671626293403733,0.9555572492888084
2473,UNC817280,7.96177222045776,0.043096396851653646,9.583716009981572,0.9608107254742578
2474,UNCHS001059,7.9575223393962915,0.03710158145208356,9.62688696875216,0.9278735827813855
2475,UNCHS001060,7.957383470565219,0.0187493969059771,9.612001753220284,0.8550693572350822
2476,JAX00253426,7.95618903379318,0.03724186235819625,9.612775423453968,0.8350774891541686
2477,JAX00253431,7.953046205321925,0.027711542245641933,9.615447175907775,0.8010476927757849
2478,UNC817672,7.951462364402005,0.026861319408035864,9.616919480674142,0.8329583157053111
2479,UNCHS001061,7.938702552835821,0.020615130120262132,9.63847138122901,0.8715944634157369
2480,UNCHS001062,7.916640725703928,0.05568262771435432,9.633262358431466,0.8627892371521837
2481,UNCHS001063,7.894393167321141,0.036649098328408014,9.66775413105961,0.7761365338458697
2482,UNCHS001064,7.8909860514206684,0.0409781775727189,9.674177704628846,0.8994092067099393
2483,UNC818203,7.876939535690781,0.03287814501259739,9.70307239277895,0.9621956144717714
2484,JAX00004655,7.876159513754374,0.03253942685490972,9.70554639102238,0.9120377598333644
2485,UNCHS001065,7.874161164105772,0.029301001585174475,9.712939457379434,0.9502428764423182
2486,UNCHS001066,7.873411915150882,0.02581797258817015,9.716001790542123,0.9703870345857651
2487,UNCHS001067,7.870340985494295,0.02890306669096638,9.729224177570813,0.9427787509364683
2488,UNC818548,7.870136622076416,0.028036387964719446,9.730703476664303,0.961061216683766
2489,UNCHS001068,7.869276261737923,0.01948698358937397,9.73465661547425,0.9581913319825532
2490,UNCHS001069,7.86679096191142,0.020904262889279684,9.746526366869375,0.8659079911374539
2491,UNC819103,7.845625233302144,0.044709672842334784,9.778705249133509,0.9170486414101686
2492,UNC819594,7.81215386995882,0.03913433603234599,9.842070392751793,0.7103014630730525
2493,JAX00253480,7.8632176138876275,0.04132819486157511,9.944831245260275,0.9238044368063437
2494,UNCHS001072,7.906708493329461,0.08599804854952812,10.002034258932781,0.7548149593688299
2495,UNC821103,7.778810160178637,0.03587751465115706,10.60283693565907,0.8888269986227697
2496,JAX00253487,7.753115813240129,0.028735408228469303,10.663476649909626,0.7417311935143943
2497,UNC821869,7.679406249892054,0.031777556684360615,10.820349998154143,0.837891485419269
2498,UNC822146,7.4114433437982825,0.07255758173386732,11.062080851723294,0.7099179841863147
2499,JAX00004677,7.389270654120992,0.040664695545491555,11.061710353961189,0.7141959041122079
2500,UNC822740,7.352955496588947,0.050752112366696515,11.058931107163517,0.6544689155130868
2501,UNC823147,7.308485200364203,0.06368873864915826,11.066231654571084,0.9188930179609105
2502,UNC823895,7.25728585150091,0.04078126294286607,11.073392073306195,0.8719016814506421
2503,UNC825935,7.158257075612482,0.07843340684434048,11.13460306524189,0.9775328967570704
2504,UNC826886,7.122196992353338,0.046224724020404534,11.155441921755028,0.8845762532477759
2505,JAX00253537,7.094848547309539,0.055988743810985654,11.170806798691046,0.7752620290660139
2506,UNC827494,7.0928205936122595,0.07564132736211684,11.171936075347048,0.7464430019168788
2507,UNC828332,7.025122911712515,0.04966651890980995,11.238730955822803,0.8134784269549883
2508,UNC828726,6.957838583071862,0.03782249992904601,11.313358457666709,0.715502899556913
2509,UNC828952,6.921338628184003,0.07793237033109508,11.15005983258743,0.812860532809851
2510,UNC829516,6.911411656046084,0.07394420636146085,10.913413924255792,0.9468645840222071
2511,UNC829913,6.93729363619309,0.047133046776491785,10.847824346414654,0.9165772201301483
2512,UNC831260,6.989694046859313,0.04987375667601445,10.726598334688788,0.7764694001971215
2513,UNCHS001075,7.039462569893658,0.09883778994382496,10.760242544476569,0.7688061295129177
2514,JAX00004725,6.905581255244215,0.05648564960495374,10.824864974480533,0.7913151885010039
2515,UNCHS001076,6.909479957598933,0.04968578611146116,10.823843915489533,0.6378335683479532
2516,UNC831500,6.931618967860231,0.05535089952165633,10.837319300743957,0.5846515916173278
2517,UNC832262,7.822864656358433,0.05292219519590701,11.714377209972099,0.7397611917664632
2518,UNC833125,7.7323383044370075,0.061582756002782194,11.882926643974088,0.6497189495969076
2519,UNCHS001077,7.737874242832277,0.05927386998238025,11.838223303671839,0.8318728957637875
2520,UNCHS001078,7.727692929602199,0.02994319647209715,11.91616862758383,0.7763264198335162
2521,UNC833920,7.708245671499753,0.030555084927723075,11.99311737145581,0.6085038493550506
2522,UNCHS001079,7.59378655472733,0.03211417846738352,11.94553739180924,0.8301639863030633
2523,UNCHS001080,7.589105218328314,0.03588623804010238,11.944900983156003,0.6542586528504999
2524,UNC835226,7.549337704694835,0.05072594277068877,11.936971380796194,0.7701163538014673
2525,JAX00004743,7.544039699443147,0.03647278786708001,11.931596729376452,0.5710574783953318
2526,UNCHS001081,7.534451370635452,0.03903896923578087,11.926547416929907,0.8292158288271335
2527,UNCHS001082,7.410194422525137,0.05437982449137574,11.97724709454019,0.856081230969043
2528,UNCHS001083,7.153129750753806,0.037872566445286034,11.924782663218366,0.8192625920396659
2529,UNCHS001084,7.216304786378032,0.08876852161048103,11.889574420062218,0.6305659631464394
2530,UNC835792,7.196121170348761,0.09052698001885065,11.89174260965683,0.6333556634012276
2531,JAX00253647,7.135537647821366,0.10082526993201282,11.897682971826498,0.5988617906476589
2532,UNC836407,7.1240200736194765,0.044965795799090255,11.895433351443216,0.6906868616908237
2533,UNC836831,7.098978526947803,0.0671059879761692,11.914364271518707,0.6148341910077183
2534,JAX00253660,7.03623098398748,0.06982418334703093,12.06536459125482,0.53932849395403
2535,UNC837204,7.025386559324716,0.08715365436413897,12.088406429261795,0.7125356743375083
2536,UNC838213,6.849483202860711,0.08884704832095672,12.379828795641288,0.5728518449076971
2537,UNC838450,6.789203180682307,0.1046233737475014,12.447734962223649,0.6816944091018367
2538,UNC838814,6.701788173619207,0.06206333784373175,12.499905704925595,0.7633988959856075
2539,UNCHS001085,6.568249020142503,0.09297699394931605,12.50039796347346,0.8088891834775251
2540,UNCHS001086,6.555787963802231,0.06463516137226555,12.500703757588099,0.683955281185483
2541,UNC839510,6.531907110182601,0.06271523901316695,12.503725977320755,0.5496609548255229
2542,JAX00004774,6.404398165709381,0.11883686685848345,12.51252187120781,0.7229591589247286
2543,JAX00253708,6.308217704613526,0.10313748496600246,12.520104188623009,0.6732435209306975
2544,JAX00253711,6.2912106989927,0.13225204322041892,12.512492573000827,0.6862087997369546
2545,UNCHS001087,5.965071278607638,0.06756957617306208,12.271048766661124,0.5933118623332749
2546,UNCHS001088,5.756860424890419,0.20885684066935528,12.15541708717683,0.6816487825083228
2547,UNC842284,5.698615072274606,0.17347867497261213,11.24335028757423,0.7768157563753187
2548,UNC842856,5.665966920534629,0.23821608792908044,11.288386662102312,0.7957541946545194
2549,UNCHS001089,5.600619308438581,0.18308716626566762,11.417825702185837,0.9903112101213215
2550,UNCHS001090,5.9059593597221465,0.16044069790170193,11.304124402684238,0.883042981965491
2551,UNC843848,6.159610500366853,0.11717950632444614,11.865462764336144,0.6194940677829571
2552,UNC843989,6.149689375634125,0.16442197800912461,11.870090282739511,0.7541244265883588
2553,UNC844929,6.041655522919427,0.1441714190349517,11.834539251218075,0.8232096029212864
2554,UNCHS001091,6.0384695715220005,0.12434496746717712,11.8336634294551,0.6425708083197539
2555,UNCHS001092,6.033989797331287,0.07742961443302661,11.832449891810711,0.6748104808687343
2556,UNCHS001093,6.022347330150069,0.10940117339502621,11.829269683547182,0.9656068597128292
2557,UNCHS001094,6.016115004522817,0.11518504546716148,11.827567974045223,0.6634841524678091
2558,UNC845282,5.997751064046042,0.19578350138315503,11.823613928133,0.8455965358500062
2559,JAX00253781,5.910165006601119,0.12694584528440508,11.822567077208532,0.760552431963973
2560,UNC846359,5.843238552275807,0.1507374006487502,11.809291433188719,0.7901468254742096
2561,UNCHS001095,5.817686400463572,0.1346531444843282,11.804707976195914,0.6472893989634088
2562,UNCHS001096,5.810609679856043,0.1316035225850652,11.806030628383496,0.6569423738369662
2563,UNC846806,5.769990655940546,0.11311109989561709,11.811732626382764,0.8788085486121986
2564,UNC847336,5.702408813763668,0.12676449039113652,11.820102669073094,0.8340710873428904
2565,UNC848027,5.629407126169326,0.16069535040652144,11.816686215176333,0.7288990520190902
2566,UNC848846,5.53109635134615,0.18490089598784337,11.809185386593072,0.7053756680124033
2567,UNCHS001097,5.527497117607481,0.124894907012993,11.808767172652324,0.8156325082818541
2568,UNCHS001098,5.520803355068892,0.16366654666945088,11.807991822062377,0.6999103300067401
2569,UNCHS001099,5.391135736503429,0.16699569423114677,11.791121115794112,0.8378683115806338
2570,UNC850115,5.387701131505764,0.16997859179494468,11.79062026749989,0.8707828225291154
2571,UNCHS001100,5.386236716385383,0.2669753374397136,11.790404668557812,0.7272735998041259
2572,JAX00253820,5.384007866568481,0.16771291446382747,11.790069950193356,0.6671978757682396
2573,UNCHS001101,5.328345515528781,0.15907889112525223,11.779109377837813,0.7168768045125813
2574,UNCHS001102,5.321235679556821,0.09368945001387298,11.777630039365476,0.8188677500784843
2575,UNC850770,5.270373151124431,0.2359352967063358,11.7665741592848,0.8835919678812377
2576,UNCHS001103,5.221311774428386,0.2596659113905109,11.756395852926971,0.6365573493332043
2577,UNC851208,5.17791446932506,0.14729213404743627,11.752408168242482,0.7991902200118162
2578,JAX00253829,5.155140639320734,0.28186652239135973,11.757637254171414,0.6928965849831284
2579,UNC851933,5.0611235404633135,0.16167629110287782,11.797710619631516,0.7835758256114632
2580,UNC852627,4.944986520164775,0.48753866168813137,11.848760107711087,0.6550571847740504
2581,UNCHS001105,4.911278000427956,0.21098600100660148,12.222879090615834,0.693591346975054
2582,UNC853299,4.8836095754434155,0.3541329816823397,12.3062261520015,0.9886587541698385
2583,UNC853754,4.746683275029682,0.1937970442334173,12.699315725856877,0.5335062784646434
2584,JAX00004842,4.7123696844348615,0.27565496804661205,12.728223220928385,0.5398563552535052
2585,JAX00004843,4.7113175172451065,0.3194464433269068,12.729319124489393,0.5857977041808305
2586,UNCHS001107,4.658760370880145,0.2858140509775948,12.780937113857362,0.6561135183971184
2587,UNCHS001108,4.644822917091005,0.43974018264943165,12.876579077029646,0.4438636406400253
2588,UNCHS001109,4.63769289955826,0.31233785855911184,12.876779564644039,0.6126597857362771
2589,UNCHS001110,4.632242288133966,0.27137584279682103,12.832890045021486,0.7185312220158958
2590,UNC854778,4.43167994156488,0.2835358905052346,11.900894605525082,0.7943643949799306
2591,UNC855090,4.366229124365873,0.3303756161291821,11.621457657031442,0.7021605812439687
2592,JAX00253874,4.4244397504337485,0.33394970960365794,11.616872086344074,0.8403036319331926
2593,UNC856055,4.430662175476527,0.3436336061106937,11.591859880509901,0.6519482651450116
2594,UNCHS001113,3.9753594910387164,0.6571340189165977,11.095962647958459,0.7978912658304185
2595,UNCHS001114,3.94373691594501,0.34295860876950973,11.947457077198578,0.872974118950524
2596,UNCHS001115,3.85429939675646,0.4737089261744033,12.136361084384134,0.831099388752508
2597,UNC856600,3.887903169175388,0.3134994349119542,12.118316797817442,0.5191666572449269
2598,JAX00253885,3.859793552080191,0.32090125519283086,12.612431228171545,0.6014080839462057
2599,UNC857053,3.8413809562750885,0.4720135857950316,12.989835598521722,0.5383843153717264
2600,UNC857628,3.696735511358611,0.5248033769983758,13.455018909248793,0.6856528701792961
2601,UNC858102,3.6038006474079793,0.3095793533941286,13.763424856903157,0.7013106671174256
2602,UNCHS001118,3.5393161692365993,0.5709262900205264,13.945116325881145,0.38441904642236585
2603,UNC859055,3.4707444361342823,0.7575793700874924,14.179446184754397,0.4639197004686807
2604,JAX00253925,3.4399859222594387,0.5629032549528556,14.08977310515229,0.6231277158171266
2605,UNC859504,3.432740765095332,0.5010978039723911,14.067889501044874,0.47935886776686304
2606,UNCHS001120,3.3705156567650647,0.4702409746674595,13.870942314697686,0.45020646882188226
2607,UNC860473,3.2793929597992246,0.49575735410800237,13.853773045964772,0.4508356582547124
2608,JAX00253941,3.2595596963271873,0.4595259982326446,13.70575828965525,0.7194751363184269
2609,UNC860957,3.1668546537628117,0.4766885776831041,13.47207884167824,0.5400097959381017
2610,UNCHS001121,3.4911720075035646,0.5108848246426535,13.35266825294434,0.7514005529396504
2611,UNCHS001123,3.473659790904094,0.5468618164806635,13.470961987973624,0.5644771473259912
2612,UNC862208,3.4851377420275185,0.4754889592259619,12.356637756331793,0.724076199915455
2613,UNCHS001124,3.4831823356237237,0.3435555429130222,12.354295108301358,0.6473377180978934
2614,UNC863458,3.736352529958822,0.34963229718762107,12.67940365134018,0.49704899115010814
2615,UNCHS001125,3.848287873743857,0.31503673067029575,12.86613915998555,0.7263585586207997
2616,JAX00253970,3.8577796179820325,0.3293215248239332,12.883805931690858,0.6259012502522076
2617,UNC864329,3.9043946158594736,0.3473751191740921,12.923234277360507,0.7555818562951336
2618,UNC864963,3.9687120380060605,0.5257680021389988,13.00326538110835,0.675958332276557
2619,JAX00253982,3.9838392324543292,0.3914966033183974,13.025231099403982,0.5963519151456428
2620,JAX00253988,3.969073198270962,0.5101719279239155,13.027255402775609,0.49557300722968356
2621,UNC865642,3.964180510890401,0.46341505081297035,13.023152465867042,0.5860943962454077
2622,JAX00254003,3.910122512024145,0.22314307180549428,12.93541330611356,0.5834954050028007
2623,JAX00254004,3.890844134919689,0.4246848160992353,12.894895714488257,0.642909450503433
2624,UNC866451,3.867157535118622,0.584453726579944,12.831745453497206,0.4571407056025702
2625,UNC867214,3.9020772967828634,0.4040049182376475,12.740188004086349,0.7715848175271005
2626,JAX00004915,3.985521045070527,0.5536612370857729,12.894333688852385,0.7389418335195042
2627,UNC867840,3.9977058600859436,0.2779384215860566,12.838161987457852,0.7239467219406656
2628,UNCHS001127,3.9894543731431895,0.2641155144887815,13.03158078635397,0.6139381396282
2629,UNCHS001128,4.053679986968973,0.5177418670172576,12.724597167341699,0.6376054657237842
2630,JAX00004919,4.089315375444585,0.4238458635365311,12.637566434240398,0.7407385557073434
2631,UNC868588,4.089727757014316,0.37673075155183167,12.633435826363439,0.8470454183259716
2632,UNC869157,4.121696580460593,0.3093173955638722,12.595305252569915,0.9954501549932644
2633,UNC869715,4.1160293804427965,0.32676584966673766,12.585064941926703,0.5981442907546048
2634,UNCHS001129,4.105847328165737,0.4325070600693265,12.576039798639385,0.7682639724982722
2635,UNCHS001130,4.081571133803891,0.3530338593581497,12.5825097975694,0.8990360104312591
2636,UNCHS001131,4.072672738645224,0.33967550461533447,11.910552159952658,0.7697527632077059
2637,UNCHS001132,4.134697694375518,0.26042954587485734,11.743233178946411,0.7697183372846402
2638,UNC870453,4.058351335627094,0.37284535798158824,11.74458353248906,0.6410852208443079
2639,UNC871177,4.06482081042418,0.3261174316459141,11.77808821246822,0.7411242074368228
2640,JAX00254074,4.069109354312559,0.47985587243464944,11.789860022372977,0.6770677443607054
2641,JAX00004936,4.065031171404144,0.29960497486762927,11.827649663326838,0.6989864161916816
2642,JAX00254076,4.0609916992004855,0.515622461995377,11.833006730338184,0.8019071072679358
2643,UNC871558,4.048874020592848,0.3692973081561353,11.84805560987138,0.8292502702377219
2644,UNCHS001133,4.114090997275753,0.5830345737851933,11.904292127246663,0.8045387717415093
2645,UNCHS001134,4.118773237781852,0.2598955014562748,11.900694983196217,0.7159894812470701
2646,UNC872147,4.1115217631013365,0.5106093225026789,11.909269289792519,0.6842127471001667
2647,c1.loc69,4.054486321752165,0.4249761904664905,11.989620016059916,0.7506084833793826
2648,UNC873228,4.018667986005767,0.5793024802459815,12.039721603461885,0.8232841443391448
2649,JAX00004950,3.9871504226202887,0.4580765640405128,12.081816494943268,0.6435340986561415
2650,UNC874007,3.9778114015907704,0.37526401563979384,12.081910970079662,0.7276922482883961
2651,UNC874332,3.95625184002256,0.2585978229032586,12.084490652643808,0.5744719178703732
2652,UNCHS001135,3.922678671798849,0.2696442597048487,12.33454270960101,0.5798229286363201
2653,UNCHS001136,3.8896756205706424,0.3770521325859562,12.506970022288442,0.7554124942965611
2654,UNC875089,3.801142108923159,0.5170566587903287,13.248375743433826,0.5977298674723908
2655,UNCHS001138,3.8454876000237164,0.5480900654420257,13.284406950142966,0.786114138213997
2656,UNCHS001139,3.8353677979457643,0.43249513636648534,13.293924718421977,0.5877791349301684
2657,UNCHS001140,3.793829302171389,0.5711848820383619,13.351303016569773,0.5803472226432723
2658,JAX00254115,3.8081271856635794,0.4735685410275361,13.777806859185375,0.502627796783486
2659,UNC875730,3.788644813677138,0.40017079562632873,13.806586820372786,0.36529178292483744
2660,UNC876349,3.358994040289872,0.4039166145354498,13.471472612227217,0.5655413360243388
2661,JAX00254121,3.3580804643265765,0.4335823323929584,13.471365241871581,0.5587860391986976
2662,JAX00254124,3.350670385699459,0.5704145191081567,13.470921797059418,0.7054093495427147
2663,UNCHS001143,3.3462564201936402,0.5568910598003031,13.470093274333522,0.5747769309151355
2664,UNCHS001145,3.3383772893571404,0.26920620725201194,13.467416752856934,0.6256539945329437
2665,UNCHS001146,3.490024180629689,0.5416354980145117,13.362725156464194,0.6408949683859957
2666,UNC876773,3.5092222263290296,0.5744414472860807,13.378138436430845,0.5394607418476051
2667,UNC877230,3.599492537141032,0.4216121339814207,13.494632014248054,0.6980876990873464
2668,UNC877831,3.537821577339855,0.7321824161739372,13.576575429080549,0.6060964051059875
2669,UNCHS001147,4.477646542004777,0.37689026939723375,12.76218454255195,0.8053390516226032
2670,UNCHS001148,4.452012355398438,0.6785247170229414,12.587720284503575,0.7486242560654335
2671,JAX00004980,4.4054238691092,0.2537672488322474,12.60891602377501,0.5688683325438045
2672,UNC879570,4.294885653975143,0.36428418240442134,12.395978731064588,0.5358908959466309
2673,UNC879935,4.248162973073931,0.25763283561222516,12.3466737400272,0.7324424079533665
2674,UNC880274,4.214507642446506,0.309769830905587,12.352507331687548,0.5082916237937172
2675,JAX00254194,4.196280199762441,0.23686408681187177,12.355800242471332,0.4941950251410243
2676,UNC881357,4.14618738015497,0.4810349734997579,12.366361793729311,0.8470949848626579
2677,UNCHS001149,4.127716785710618,0.42852933801186444,12.369613538781323,0.8609881338113218
2678,UNCHS001150,4.15117316675196,0.31917880715907065,12.424433470877148,0.7741360790293104
2679,UNC882030,4.135971997446404,0.2521155678592319,12.420505630588423,0.7845160527818071
2680,JAX00254205,4.092595218134193,0.31686921837698173,12.384345914717642,0.5051578057675618
2681,UNC882933,4.0751045651445565,0.3181158078960735,12.388265100360286,0.7546680515117932
2682,UNC883442,4.036313317640634,0.574055636790207,12.405711384428741,0.7276343730365923
2683,UNC883961,4.003687375681238,0.2644519861887788,12.421797183517356,0.7014591934113331
2684,JAX00254231,3.986378222020903,0.5902042861110477,12.434203321992982,0.7312454094015345
2685,UNC884363,3.981740351108101,0.4205101700172434,12.433095043285675,0.621461205300441
2686,UNCHS001151,3.9679496572389326,0.2649589014532139,12.439798502897247,0.6014478927869835
2687,UNCHS001152,3.961352137549511,0.38756481805776816,12.446601994226057,0.49070867562453696
2688,UNCHS001154,3.9504730462285806,0.24915495033763996,12.457653081871285,0.8892650784998917
2689,UNC885304,3.8553396671900373,0.4335096534867761,12.547341127801246,0.9694336909890947
2690,JAX00254244,3.8087059101794694,0.39229216976911346,12.580935055286773,0.6710144709696068
2691,UNCHS001155,3.7836215907391306,0.373128844549159,12.59612382962996,0.7037502141894678
2692,UNCHS001156,3.7794468520903592,0.4278518124299183,12.604977246097633,0.6104375429955775
2693,UNC886027,3.7503364475694525,0.2910782232235461,12.61835256954214,0.6827024967384469
2694,UNC886572,3.617602542565237,0.6230891390777413,12.638024446387135,0.8104243188158406
2695,UNC886911,3.525885746143558,0.3313556473788076,14.235359227908475,0.6022427597325853
2696,UNCHS001157,3.5114907393422072,0.5220021828357972,14.268029457094599,0.4728239030352771
2697,UNC887579,3.386258947854458,0.6261179882657589,13.839950120428966,0.6504947610884492
2698,UNC888180,3.345115524625726,0.5128191121474952,13.91680390551005,0.6432990171122509
2699,UNC888516,3.227515395937644,0.4865131674095572,13.431112960145583,0.4961564732562209
2700,UNCHS001159,3.216012820836113,0.5370018497401597,13.420500881623184,0.45511848091698615
2701,UNCHS001160,3.2140434303423717,0.5053351827490579,13.421640072135006,0.9078818877775509
2702,UNC889525,3.1787127460843294,0.5445035194608194,13.44311835383246,0.6613115785012699
2703,JAX00005044,3.1381379662723248,0.5859906148830737,13.636286875747373,0.7018034792133706
2704,UNC890096,3.3960863713348317,0.3872635988548418,13.570225176769554,0.5305630142605285
2705,UNC890786,3.2804181195979254,0.5312086004743043,13.59697229598737,0.5210491229712514
2706,UNCHS001161,3.1261876045214194,0.44812565249662023,13.482537218322022,0.5243152639965049
2707,JAX00254317,3.121797446603523,0.5836721428780388,13.476510630983057,0.4851557982192073
2708,UNCHS001162,3.120839429948319,0.6085589018563208,13.477043028477055,0.4790688936367649
2709,UNC891362,3.1152240089081715,0.5828537689508199,13.480501731080949,0.6311162967909357
2710,JAX00005057,3.062120255383661,0.4138484205677026,13.518903098054807,0.5800136369993173
2711,UNC892865,3.056712679890552,0.5212687084497392,13.519301660519432,0.5594495291067545
2712,JAX00254336,3.046889086539977,0.7039817406835028,13.519724150393813,0.6502589491223155
2713,UNCHS001163,3.03586419449789,0.5097908561525671,13.532227953606025,0.4488953591311776
2714,backupJAX00254338,3.0346667309902386,0.5180266544793817,13.534990379897408,0.549612548969514
2715,UNCHS001164,3.1393068866400426,0.47374607060461227,13.686969296950792,0.8753881405190538
2716,UNC893744,3.1329192617442914,0.688224472982335,13.690532935894907,0.6914534436879101
2717,UNC893783,3.12814410899432,0.5339486257192821,13.690056630399113,0.7298756861410055
2718,UNC893909,3.1210026035905685,0.42594952662374735,13.700721210518395,0.7150427266939141
2719,UNC894144,3.1150373392558777,0.5468049327440969,13.709567136286978,0.6399112114930874
2720,UNC894237,3.1114992952802822,0.5152804721557789,13.713019576233364,0.6355060044273476
2721,UNC894416,3.1040268138099236,0.7809577162550112,13.719565516347984,0.45652397450784943
2722,UNC894537,3.103048925850544,0.42163468885016026,13.731875901163221,0.5523262694239623
2723,JAX00005069,3.09554918588924,0.5563052295027346,13.738173508862928,0.3656867504585025
2724,UNC894762,3.0944912050426865,0.5671517195706953,13.739070646591472,0.4988210574932396
2725,UNC895069,3.082223071448425,0.5346804256225841,13.749679336319787,0.6515596306070546
2726,UNC895187,3.0765770014254485,0.5117791294534563,13.755144522406226,0.4276860349190968
2727,JAX00005074,3.0748378216460424,0.5216453609296057,13.756016957452402,0.5602767238972823
2728,UNCHS001167,3.0716788795500634,0.5318248537388999,13.75883612275561,0.8481226296758672
2729,UNC895334,3.064788364538117,0.6746280406523057,13.757962117007992,0.6353889087101077
2730,UNCHS001168,3.1725789964232263,0.5489871192203511,13.71865987283968,0.7811418717638889
2731,UNC895432,3.1590526065899667,0.4713617345699875,13.71682551007234,0.7242730362911776
2732,UNC895535,3.136489880706222,0.6362347749722986,13.714009539389053,0.5566472359458968
2733,UNC895675,3.1133011601452836,0.5971173926573836,13.715574497940906,0.5571530433994297
2734,UNC896044,3.07142989711042,0.8036233509130778,13.707325962467849,0.5021103950696602
2735,UNC896276,3.0443265158285158,0.726235154898228,13.705413989780936,0.5750757293074852
2736,UNC896379,3.0262526283474926,0.44591323194215654,13.70413560489601,0.40960319864712447
2737,UNC896517,2.997528152628547,0.5444720699259763,13.702490242285421,0.4838337566668463
2738,UNC896793,2.9547462570048992,0.47569767011204744,13.70085030194332,0.5663704866760573
2739,UNC896835,2.9341722271033177,0.42375443542907826,13.68619744780517,0.5060101401952919
2740,UNC897049,2.908781187129989,0.6967543079874898,13.696218912101358,0.6795756866269771
2741,UNC897190,2.8838258338544165,0.5615307617325658,13.697881624109641,0.5257649364076189
2742,UNCHS001169,2.881245329280773,0.43399580119664366,13.697785536030096,0.6091130246216574
2743,JAX00254377,2.876953127323077,0.7333896386688523,13.69815279239856,0.46811410333903436
2744,UNCHS001170,2.876628988954508,0.6642184483189233,13.698161827931699,0.5397073278504608
2745,JAX00254378,2.869971088893635,0.4307246981248965,13.698361859643455,0.5664965223293036
2746,UNCHS001172,2.863475242290633,0.6353520285078255,13.698578137571303,0.459052938790498
2747,UNC897389,2.8617679789435897,0.5736984594373977,13.69862544842863,0.598337559261948
2748,UNC897532,2.6360522682994088,0.7277476198980267,13.598492093186906,0.8411708965111757
2749,UNC897674,2.612131763712796,0.7654427388611846,13.601102870020668,0.37461820295894277
2750,UNCHS001173,2.597785752654545,0.7262027939501745,13.602417158265098,0.6108598938069917
2751,UNCHS001174,2.5932042227277634,0.670454955382469,13.60307877742116,0.3951723870994556
2752,UNCHS001175,2.800121396637678,0.610270668804325,13.717403555032888,0.631355012411328
2753,UNCHS001176,2.796041186124512,0.5807593137916647,13.718143909557057,0.4308473404900989
2754,UNC897815,2.795778749474721,0.7264337094674467,13.718167962784264,0.4916575652042441
2755,UNC897935,2.7734491951209748,0.5838702453689244,13.720354153943845,0.5868288188647627
2756,UNC897970,2.7545672121739244,0.5698608200993405,13.72240841611324,0.48916651574088016
2757,UNCHS001177,2.754234456715494,0.6993909189329719,13.726166560147249,0.39598650505322
2758,UNCHS001178,2.7045002155973634,0.860664525709886,13.749825508749154,0.6440815251489697
2759,UNC898113,2.6783271603185312,0.5573306691820944,13.762355723226847,0.35658234240841563
2760,UNC898442,2.4905825561045276,0.836583499047655,13.856061181322275,0.4078502971896646
2761,JAX00254397,2.433399522041327,0.8434684724673369,13.886865335115544,0.44762708986706534
2762,UNC898637,2.404293665247451,0.6543875901857173,13.90318426480485,0.4393257137406415
2763,UNC898729,2.325855449540086,0.6885431968820507,13.950062970483714,0.6327766850681605
2764,JAX00254398,2.3175643314068566,0.8209248022828088,13.95532601320474,0.5347890137298579
2765,UNC899024,2.1922264602803807,0.7885255734057474,14.046490763525298,0.531051696367886
2766,UNC899132,2.14413173017806,0.8074712621452532,14.091269085911108,0.32866760428618397
2767,UNC899282,2.104479234383234,0.738706495586442,14.137294006658067,0.5852437029275064
2768,UNC899363,2.0802145172008295,0.8046526388992435,14.173848937164621,0.40553353974157197
2769,UNC899531,1.891941984011055,0.8704391641259639,13.893635228998392,0.5968628699188077
2770,UNC899809,1.8842437274165604,0.7440157900133612,13.993793085677453,0.5454326877368315
2771,JAX00254420,1.8966699529444213,0.8943799795336741,14.06103770396544,0.621656445650365
2772,JAX00254424,1.9259696700351014,0.7445780256900143,14.108291870360517,0.5302227688730055
2773,JAX00005107,1.9439686561861436,0.605250771818597,14.130558472464372,0.5199883920782861
2774,UNCHS001179,2.00039033501389,0.7678480397405414,14.185298360122943,0.43729823532014445
2775,JAX00254428,1.8862035601994194,0.7905698438616228,14.606832250801745,0.4937052918802655
2776,UNCHS001180,1.8859938074717775,0.9477365032276345,14.607274005530599,0.41950512563599096
2777,UNC901351,1.893269606553531,0.8351360927677723,14.60957278106116,0.31622089305631956
2778,UNC901814,1.8993549391814213,0.6657722184987571,14.587309618724476,0.7283713033253104
2779,UNCHS001181,1.9242571146421596,0.9052389134317046,15.57602604732142,0.4322598406735055
2780,UNCHS001182,1.9259582351587596,0.6452332182068695,15.582321230250045,0.3029148782193823
2781,JAX00254453,1.9311173734845397,0.8054703084064326,15.58321246318883,0.308841967164518
2782,UNCHS001183,1.9302586613966923,0.811669629245392,15.583105722580058,0.33189973878367757
2783,UNCHS001184,1.9306943174165099,0.8935533587217588,15.583001358902266,0.39820314308567817
2784,UNCHS001185,1.930849587327657,0.7399951590773747,15.583027761648964,0.28253629624661175
2785,UNCHS001186,1.9313260013927902,0.9263169437426289,15.582829287278173,0.43161797918472955
2786,UNC903462,1.9379495671828408,0.9170376348701235,15.580069830740285,0.43184516258849126
2787,UNC904171,1.8981732514039322,0.8214939582513435,15.374311338012603,0.3065914231756441
2788,JAX00254482,1.9600153253340977,0.9963061419107596,15.320158656553076,0.29172552265719864
2789,UNC904980,2.073299635006151,0.8198241473200312,15.191102683630561,0.3946099345104552
2790,JAX00254507,2.092299220671066,0.8549026324223054,15.17939536830886,0.31438176962306336
2791,UNC905938,2.1089741757314187,0.7727993046164138,15.176209065577495,0.3035210025930419
2792,JAX00005139,2.124474583019037,0.8729666604834123,15.173869258627292,0.5174258721757824
2793,UNCHS001187,2.1403775593134924,0.8066293670710991,15.179379152136562,0.48537976437995245
2794,UNC906966,2.1403935361520325,0.624225428922582,15.17938660933055,0.42814812911964373
2795,UNC907572,2.1509838710978784,0.6683080162968258,15.171643209250306,0.355005403579613
2796,JAX00005147,2.16972712093866,0.7744153351728368,15.179667139633239,0.4979887642573595
2797,UNC908695,2.1737968431707486,0.617907395141873,15.181828825475122,0.3676703901254033
2798,UNCHS001190,2.1752392541523022,0.8092108789331618,15.180549034135538,0.6266140956723439
2799,JAX00005151,2.1729315156239863,0.5460363835957663,15.224025973371681,0.3670311122589424
2800,UNC909629,2.1802507838726797,0.921254648855052,15.309109103528726,0.4423576019813685
2801,UNCHS001191,2.196014240839304,0.9194434146507471,15.31656731390558,0.40769670227304217
2802,UNCHS001192,2.198318975907114,0.7131106282899308,15.317611110404414,0.45353124487156304
2803,UNC910607,2.2029973680816965,0.7549987072740986,15.319654113043725,0.44043004877125447
2804,UNCHS001193,2.2033205108311904,0.6615184091706063,15.319805996819014,0.4384444506250975
2805,UNCHS001194,2.204278256125008,0.8288876314883308,15.320246777260081,0.3208991553455698
2806,UNC911464,2.224132979861679,0.8384492461816339,15.329235701668495,0.40891598563639336
2807,UNCHS001195,2.1132206598842913,0.7270688041224342,15.161898203150031,0.44547372945053365
2808,UNC912360,2.109938274518072,0.8225369097098676,15.156911047411995,0.3838683801443016
2809,JAX00254628,2.178514011005973,0.7180029477050304,14.693221390796225,0.45656019402137876
2810,JAX00005171,2.263879754583513,0.7584659942388168,10.938052973943968,0.774539532879965
2811,UNCHS001197,2.286059543540432,0.7977430378352149,10.912738221712516,0.7909225695123042
2812,UNCHS001199,2.323652008219824,0.6931874584616481,10.880121168883306,0.722809478698345
2813,UNCHS001200,2.3210517259810786,0.9037497948556257,10.881156024893698,0.6705440383118833
2814,JAX00254642,2.4367224645175156,0.7004734171187007,10.784355067105935,0.8973215406801165
2815,UNC914302,2.4361432753639747,0.5818666108210894,10.78359483555164,0.9026406099301441
2816,UNCHS001201,2.844726902407956,0.7180229625585781,10.459207615254627,0.951303334639803
2817,UNCHS001203,2.8249523638316987,0.42369724776460493,10.39809225850172,0.8293067971664955
2818,UNCHS001204,2.823213458947521,0.7725100789793048,10.390515193548481,0.9013523421902035
2819,UNCHS001205,2.8174479151812193,0.5758202889074445,10.362980564813142,0.7185299572282225
2820,UNCHS001206,2.8154829824247827,0.6064224414220044,10.352997940845853,0.8235251076385289
2821,JAX00254674,2.8153931933113654,0.5718977442933473,10.34736619900309,0.8412862710445063
2822,UNC916311,2.82111746245414,0.6583285430000974,10.354369973130815,0.88447720663281
2823,UNCHS001207,2.831221971287505,0.5605120629639991,10.36722578524109,0.9729895060276772
2824,UNCHS001208,2.6151370007510195,0.5731851355991591,10.445488780836058,0.8242604347196004
2825,UNCHS001209,2.620370463107747,0.7674745639447625,10.453272627070191,0.8788498894172121
2826,UNCHS001210,2.621710673480493,0.597380017906319,10.454939134263668,0.8717009615928709
2827,UNC916875,2.6230651908813343,0.5736922144611015,10.456621822931083,0.9103765263309529
2828,UNCHS001211,2.627638017413119,0.8074090525243085,10.46228580958018,0.866085654516082
2829,UNCHS001212,2.6289559830686358,0.754253452113373,10.463524053949186,0.7527663570779181
2830,JAX00254683,2.631004822376326,0.7771485892832838,10.46544410771412,0.7410547615396341
2831,UNC917820,2.653876156026172,0.6999549178272105,10.486253408595758,0.8639440834866045
2832,JAX00254694,2.987617519536343,0.5665917991447529,10.584406612009388,0.7036503909697751
2833,UNCHS001215,3.1798655177499313,0.5529944731574892,11.349721528336659,0.9920336906417778
2834,JAX00254705,3.3167323094321546,0.7614641028863747,11.400183439653347,0.8449126657618746
2835,JAX00254711,3.3254268033699645,0.5672731060676455,11.406636420701034,0.8370826345818607
2836,UNC921036,3.4481968139275523,0.4875212310938021,11.509434382008294,0.7094064147867758
2837,UNC922022,3.463882692284187,0.3352829122362658,11.612134745959793,0.8140529015109056
2838,JAX00254769,3.4692538345625508,0.531554732876805,11.720599542732998,0.9683673257683468
2839,UNC922991,3.5332665869254924,0.5858442378410936,11.742064158806443,0.7244748895198636
2840,UNCHS001217,3.433643828448112,0.5118708778683189,11.72760255096614,0.8352535275758106
2841,UNCHS001218,3.2815780496264324,0.4172545271725755,11.775687093565239,0.6313170399784614
2842,UNCHS001219,3.2957314029772533,0.39775936723153416,11.789135720689046,0.733992972012941
2843,UNCHS001220,3.2937813978537633,0.4725175817970985,11.587943242996062,0.6925857417536062
2844,UNC924120,3.3000113506195703,0.638587094067568,11.588278297658462,0.551761898684963
2845,UNC925655,3.2974120127857987,0.3640548808574488,11.232814985608684,0.6522395583345163
2846,JAX00254822,3.29743623226841,0.6246102918580431,11.231404297659765,0.7903090082147066
2847,UNCHS001221,3.302620095657403,0.44550563133349363,11.04783188708916,0.9885675471261723
2848,UNC926483,3.3053860052759774,0.519071993755575,11.041627006820818,0.7767035540971001
2849,UNCHS001222,3.3058965513052954,0.5497740708968012,11.040490124718644,0.764104447344649
2850,JAX00192085,3.3098815253381417,0.49598096045911977,11.031442120078054,0.9099660134244782
2851,UNC927407,3.339252845568126,0.48436025287470785,10.969033018926666,0.8927082327661333
2852,JAX00254853,3.3411727635332227,0.640865729592337,10.976674490289724,0.7656546794693667
2853,JAX00254860,3.3679623410153,0.3813828641683463,10.907406728917522,0.8624730083259413
2854,UNCHS001223,3.4091501251807586,0.5315856071285051,10.847522033466475,0.8075540511876032
2855,UNC928010,3.441106363294466,0.5739471815583609,11.55987001090989,0.5868783906825208
2856,UNCHS001224,3.4372775617148363,0.47249758173975165,11.563371629729318,0.8047796357130491
2857,UNC928503,3.2983228662253623,0.5215972448508789,11.725163156946792,0.8349463337663369
2858,UNC929321,3.3136199932869204,0.5057725879365567,11.730974371291268,0.7088263019930747
2859,UNCHS001225,3.3139446117083935,0.744303836986823,11.731031356945095,0.783983802226455
2860,UNCHS001226,3.3145893476437323,0.48481331216356255,11.73159916146983,0.6277831526876297
2861,UNCHS001227,3.4976236700549634,0.4405029762260933,11.679042846396442,0.7780169300614505
2862,UNCHS001228,3.6523000701054116,0.4516157775235266,11.77310722582979,0.9018408913064643
2863,UNC930435,3.7130505747929874,0.40853126205627627,11.705974759370292,0.6485097803636132
2864,JAX00254920,3.714646342124979,0.7375085368155384,11.706773187820318,0.7796761296351379
2865,UNC931093,3.744941869580998,0.4844216495140754,11.750808282131402,0.6939601090768335
2866,JAX00254937,3.7604622593491968,0.30728268127163266,11.776372631956747,0.7655729342010187
2867,JAX00254939,3.7622341471706022,0.318144319609498,11.779312388159497,0.7067164512022986
2868,UNCHS001229,3.7856154739408794,0.5304560564435141,11.824622867864946,0.8258618278381887
2869,UNCHS001230,3.7873686722368802,0.40043960035697324,11.830026478102354,0.5269393284401956
2870,UNCHS001231,3.7960998774551626,0.3565053311383715,11.83578674453679,0.759580364319596
2871,UNCHS001232,3.7939047356098854,0.5307478171407407,11.854058150478522,0.6201646433694714
2872,UNCHS001233,3.7976328423687846,0.4652142335392299,11.861217910840196,0.5086698828994539
2873,UNCHS001234,3.725419215739066,0.5159253694661504,12.503124178555709,0.8232270626295696
2874,UNC932453,3.724471541886942,0.29700658048607326,12.49948661440385,0.5254852566655018
2875,UNC932547,3.7081898946337333,0.6308516887933371,12.477227149594682,0.6564489962707036
2876,UNCHS001235,3.5435903353672984,0.39478212140087515,12.450416631479357,0.6194716767220982
2877,UNCHS001236,3.546516243467977,0.37774357480725745,12.438407764700742,0.725787658358243
2878,UNC933480,3.6050188966075893,0.48990434503527563,12.368762697386728,0.7149128172494764
2879,UNC934356,3.6145898737045172,0.5263141580420542,12.365614146827966,0.766776285090368
2880,UNCHS001237,3.622827839890533,0.6692021534570158,12.372545390930782,0.5066144140189534
2881,UNC934822,3.6229364813179927,0.3620105460773396,12.37267064033017,0.8097980179230773
2882,UNCHS001238,3.6234206611302398,0.2999904891028541,12.372546807101116,0.8421524050420336
2883,UNCHS001239,3.628931259982892,0.36187589889797517,12.37115939681371,0.6056442255005752
2884,UNCHS001240,3.629687670841122,0.3330239429484886,12.370977135218482,0.7164353440740372
2885,UNC935659,3.6352286280452972,0.6747583811473423,12.369417419371302,0.7597707705392083
2886,JAX00255031,3.615476564030814,0.7118509862716873,12.321099473712138,0.7134995144718342
2887,UNCHS001241,3.613652602917682,0.4723530758077139,12.316626081958475,0.7343836537427807
2888,UNCHS001243,3.5939447910498075,0.5100886254704313,12.271486352189868,0.7460564839363294
2889,UNCHS001244,3.5742627369484126,0.42473563427701827,12.230109269307832,0.8333220750420476
2890,JAX00192100,3.478479587793572,0.35514128574537535,12.115387967513925,0.746295831273622
2891,UNC936405,3.221127061376137,0.4782653303556933,11.825412764486828,0.6924334962661851
2892,UNC936906,2.887100535065656,0.5890130215379712,11.821292447310043,0.9413476877283496
2893,UNCHS001245,2.8290996950368026,0.6671886448913892,11.893528682998976,0.8298653163456958
2894,UNCHS001246,2.6428275116772966,0.5748159964712926,10.863015026176072,0.8369339934825291
2895,UNCHS001247,2.601072039962446,0.61355020326337,10.486900682845317,0.79379302764014
2896,UNCHS001248,2.61827710337343,0.6003981945339789,10.475204996042976,0.6452768220757936
2897,UNCHS001249,2.7488129534585823,0.729547969534647,10.939115141980437,0.8251324506997801
2898,UNC937311,2.72625969703563,0.6349370299276971,11.017243540608206,0.8207504057387949
2899,UNC937414,2.6945386476793374,0.7326308025249709,11.091552704316427,0.9481711652502953
2900,UNC937609,2.7035725244800233,0.7809555772841504,11.1700510139799,0.7184220783797706
2901,UNC937994,2.388558565095991,0.7007749618123931,11.022966877705358,0.9120328385296426
2902,UNC938289,2.406255610206699,0.6084670845610463,11.18141145393929,0.8822793671080033
2903,UNC938449,2.472225811552562,0.6148976219985957,11.371070582792754,0.763935765716391
2904,UNC938565,2.4767065017697405,0.7247161130421945,11.42930800080012,0.6587766568100246
2905,JAX00255095,2.4678557906941023,0.533978134039116,11.381116584791016,0.8652014374750979
2906,UNCHS001251,2.463038841719481,0.7648195452776927,11.355717609694238,0.8245156474638884
2907,UNCHS001252,2.71072725252111,0.9797472254465366,11.598994787526408,0.8718741051713632
2908,UNC939130,2.867850886885435,0.5104585395152217,11.725916918730945,0.7255341588452985
2909,JAX00255108,2.8614340838862518,0.7380047390585162,11.87622005033063,0.764775578333699
2910,UNC939418,2.8593249797836506,0.5242807531570743,11.960275579273684,0.7297695155572724
2911,UNC939619,3.4298414919173865,0.6770621626689634,12.465125849760398,0.6545622095361223
2912,UNCHS001253,3.4788474220333683,0.4689508924250665,12.475086605852539,0.8862648452595201
2913,UNCHS001254,3.1271120799103755,0.397123395981316,12.36753371251234,0.8241777878732002
2914,JAX00255135,3.7859465731587534,0.39952084824879297,12.154505840977663,0.7428481769052485
2915,JAX00255137,3.8254392663538965,0.5944185384309305,12.155556514165482,0.8063479524292682
2916,UNC939840,3.9601071186712034,0.48985221764864806,12.161321138748917,0.6942450477667792
2917,UNC940014,3.9424154277337493,0.5572151480065072,12.139722397295373,0.6159570024955925
2918,UNC940361,3.8955848260861785,0.5897528736913524,12.08629432656403,0.7705991155531814
2919,JAX00255156,3.862750877400231,0.372055825171022,12.03197760062858,0.6611090760230477
2920,UNC940895,3.4364518042107193,0.6056811365723126,12.40885926380929,0.7444422114239733
2921,UNCHS001256,3.378495841437598,0.5901339496463661,12.479534534871163,0.636762297150331
2922,UNCHS001258,3.38193895701329,0.3615859761964946,12.464097652674582,0.7601727538896266
2923,UNC941186,3.3820330542059764,0.784224108831273,12.464975922274107,0.5494981460374535
2924,UNC941278,3.3787127142188638,0.5153222390775511,12.46322370236112,0.7429502991200418
2925,JAX00005317,3.3769000410452463,0.5321865790728744,12.462347198036923,0.8893527975494656
2926,UNC941523,3.371846424735395,0.47157963357799054,12.45767036947791,0.5823559375772462
2927,UNC941729,3.365275456644895,0.4385623203258776,12.451092961302265,0.7263452656118082
2928,UNC941836,3.3619254159380034,0.4104283008661898,12.480618430192862,0.6231066108088141
2929,UNC942273,3.348913917812297,0.5637531847070043,12.519415135245481,0.468525985010481
2930,UNCHS001259,3.3665262770330173,0.45996062716987673,12.47260665172712,0.795325135476209
2931,UNCHS001260,3.4057167210012267,0.40695305489250705,12.423641812070855,0.5849999403181598
2932,UNC942411,4.016270279711989,0.41005605101304543,12.621139971233788,0.7531633137961568
2933,UNCHS001261,4.049257187583862,0.3649851932877332,12.563580100475974,0.5975014287504383
2934,UNC942921,4.16172988852577,0.2773743957872339,12.50145026801556,0.5668453207989189
2935,UNC942979,4.156923740069715,0.3400469190679431,12.44717877919743,0.9677037501356431
2936,JAX00255202,4.156020075552078,0.2556129608382862,12.441106786000319,0.8094191424041458
2937,UNC943395,4.150541735424895,0.42160626116576794,12.427680312528537,0.8420835534024564
2938,UNC943718,4.144262191455482,0.3489757503069795,12.410467003287295,0.5072678813896632
2939,UNC943853,4.139707864810816,0.3536730672167886,12.40302485454231,0.6860029388608446
2940,JAX00255213,4.092746142266151,0.4301415833697905,12.378310627446808,0.6304160770026072
2941,UNC944105,3.292984925127257,0.5540340064847674,12.493897932617983,0.6052540330943318
2942,UNC944485,3.2801981521179187,0.4993337752635263,12.482831628993154,0.7098483210188091
2943,UNC944592,3.275689201590467,0.40524010712729525,12.477939289222832,0.8106771322737335
2944,UNCHS001263,3.2734765046836856,0.7270581194345637,12.4751596506253,0.8653385860381159
2945,UNC944895,3.2677804582383487,0.39910257189645504,12.467976199155828,0.46991550834848594
2946,JAX00005333,3.265192253433952,0.500129624515799,12.464952752971158,0.5936593167750446
2947,UNC945014,3.2649047762372447,0.43058513018157824,12.464616336565769,0.7377062127622265
2948,UNC945505,3.2516752271444602,0.5419893344404285,12.448890377401995,0.6081316945981574
2949,JAX00192117,3.2512759973340053,0.5716438324428125,12.448393134481876,0.7660018850486127
2950,NRAMP1001,3.247667368825205,0.4708788484191746,12.443781817374656,0.7817995684963189
2951,UNC945627,3.245328064897194,0.49234657489872696,12.459411658373483,0.6035164371669764
2952,UNC945720,2.8078022390670867,0.6652786599869106,12.41876728972079,0.6204608753738134
2953,UNCHS001265,2.4422106289741805,0.8429814537159088,12.899860809239499,0.7113386203481614
2954,UNCHS001266,2.4008025401208215,0.7073249365807812,13.017184716059774,0.7380090922919406
2955,UNC946116,2.350950968665529,0.46417397576985364,13.086261926380985,0.6485000948002612
2956,JAX00255242,2.3470391866346745,0.8168866295126385,13.09178361663794,0.5671705377667048
2957,UNC946547,1.9535848863756655,0.922486856945036,13.714269576562174,0.4160771998604264
2958,UNCHS001267,1.8280006464665348,0.9851670354870034,13.720779251740623,0.5887220492454569
2959,JAX00255266,1.8030953549996411,0.8969863939726868,13.758390477683406,0.6866197212419278
2960,UNC946986,1.8019113078430564,0.9667154051640576,13.782702347849863,0.5796519358809671
2961,JAX00255278,2.0854403905937033,0.82339987649059,13.748982210347094,0.7465042828289833
2962,UNC947363,2.086106105271938,0.7920427945063658,13.730081183451148,0.5446042004899764
2963,UNCHS001269,2.0962205959440325,0.7376609313506596,13.59287384907384,0.5508088933652387
2964,UNC947842,2.0967171555794266,0.7302949408799461,13.587813180381318,0.5301753931939247
2965,UNCHS001270,2.096625652014154,0.8791393259250094,13.58666098541812,0.43600491319308604
2966,JAX00005358,2.088417532611402,0.7209366552038471,13.5682418131762,0.572957400022537
2967,UNC948240,2.046457625378025,0.6291446508108685,13.479893454668854,0.5326874891462917
2968,UNC949013,1.944804370787324,0.9030060869720593,13.507259651497634,0.5588424881167875
2969,UNC949288,1.8936854703122208,0.7528530093261446,13.523117219482401,0.4931661800830218
2970,UNCHS001271,1.8959925394283346,0.8340686827135917,13.512221704008425,0.6021806343174974
2971,UNCHS001272,2.157572222444287,0.8292629276810595,13.74983572771498,0.8055857007653859
2972,UNCHS001273,2.385254787308213,0.7317949103196039,15.027863560909509,0.43573925667448055
2973,UNC950277,2.3837542277797183,0.7270599904453828,15.038834958870666,0.5121054383493144
2974,UNCHS001274,2.3830066721468484,0.8991510286873416,15.04450863217403,0.5204846212089551
2975,B6_01-074963079-S,2.376800251015993,0.6636092157797446,15.082502481019674,0.28480370212812844
2976,UNCHS001275,2.368962942352937,0.7463301435580693,15.721241767935226,0.2649069575667388
2977,UNCHS001276,2.3745006894043854,0.8367600042558904,16.161643965921712,0.271777553600768
2978,UNCHS001277,2.446042135534526,0.7691558133939642,16.198104294532413,0.32296765351045237
2979,UNCHS001278,2.4513988365667956,0.8964991969835856,16.20070606336435,0.24000387629180045
2980,UNCHS001279,2.4858418529504434,0.7584952034626109,16.21963833836071,0.3783916203995814
2981,UNCHS001280,2.2527092788509435,0.7668573621856247,16.559312267088444,0.2991179681125286
2982,UNC951262,2.2537962319379403,0.6602655153849337,16.562964175201614,0.16597324545151473
2983,JAX00005386,2.255945817291831,0.5536167315720893,16.569481540771676,0.27469780448144965
2984,UNCHS001283,2.2564946931759096,0.8516342720392364,16.5698378336333,0.25532550296035006
2985,UNCHS001282,2.2567902723258157,0.7131244679487844,16.570034999174368,0.3615743242824813
2986,UNCHS001284,2.257878674534595,0.7469492035520242,16.570733570723405,0.23886798544022977
2987,UNC951535,2.264883129811551,0.5921027186880864,16.5744674287007,0.2935293176506263
2988,UNCHS001285,2.2664540222901906,0.6265988386693369,16.575171355078737,0.3735560302500602
2989,UNCHS001286,2.2685030084614937,0.7532026161752741,16.576144068124904,0.28023840766312796
2990,UNCHS001287,2.2884236307129413,0.9475781348749461,16.579469573881624,0.307180161369297
2991,UNCHS001288,2.2889725861493844,0.8157464469230096,16.578580482582083,0.305527434281351
2992,UNC951769,2.2839426478280984,0.8112922340993476,16.578584142005866,0.32707251601053505
2993,UNCHS001289,2.2840335159494316,0.5604844737673623,16.57847746494872,0.27880808456664713
2994,UNCHS001290,2.385833776470463,0.7687400699054093,16.545068541258388,0.3867281161796646
2995,UNC952488,2.6748327604354927,0.5796315200084678,16.566365971234745,0.2024981382029201
2996,JAX00255378,2.74226422705965,0.6559911117764622,16.639182721509542,0.32220764586671885
2997,UNC953004,2.928027319251214,0.8382382592753382,16.83949425058654,0.2251905664739445
2998,UNCHS001291,2.309512038516459,0.8159527040063757,15.241082029711151,0.45757358302076473
2999,UNCHS001292,2.2825394911619696,0.8522338602167389,14.038137831615586,0.5961701083130264
3000,UNC954009,2.2897025045444934,0.8025492147228496,14.506597684821145,0.4313715310588612
3001,JAX00255430,2.225671085396243,0.6114510008963971,14.360874619195783,0.4747063944739327
3002,UNC955320,2.2676711352828534,0.6172211846885376,13.416762483400817,0.6172567005122422
3003,UNC955645,2.308997352920187,0.9147059303384488,12.986333004346307,0.4975843885468726
3004,UNCHS001293,2.301664402843244,0.7328019241968176,11.985424147745789,0.6403556910942347
3005,UNC956412,2.4373936319391305,0.6891266692942154,12.021567116856886,0.7205821876782922
3006,JAX00255477,2.4444298250405154,0.7253759910666103,11.905293644998665,0.836325309753421
3007,UNCHS001294,2.457827832169869,0.7677070853707649,11.735328947808966,0.7838882204522171
3008,UNCHS001296,2.4506895274657836,0.6987762952411285,11.81371524045926,0.668303418504832
3009,UNC956718,2.444611587608051,0.652406969113411,11.886190292447282,0.8244849155344983
3010,JAX00188776,2.4433209306287154,0.5877627606578847,11.88307268508538,0.7080923833671152
3011,UNC957798,2.4415030546001617,0.6223144743497011,11.883325472189426,0.6546729910407859
3012,JAX00255545,2.449647646195217,0.6160884951219106,11.893624992597552,0.6239159639846261
3013,UNCHS001297,2.4505033254777118,0.6474298863990938,11.894698603838378,0.8284642799058913
3014,UNC959254,2.4507202892161786,0.5515386294587081,11.89482620513877,0.8631638310364497
3015,UNCHS001298,2.450935091921565,0.5792824035384057,11.894968282173068,0.593008819522731
3016,UNCHS001299,2.45676291530458,0.6491799576934791,11.898782448718748,0.7434403690556274
3017,UNCHS001300,2.457214604764431,0.5611401224522299,11.899103957159241,0.8681020764132393
3018,JAX00255569,2.453874836506202,0.7606006271399277,11.906103550864145,0.6578813332940411
3019,UNC960055,2.452643430632861,0.6515328434613076,11.908691380881692,0.9574901376841727
3020,JAX00255584,2.4188695379973524,0.6012029897585319,11.942725819357292,0.5649677913445691
3021,UNC960936,2.391952861622485,0.5292589637969062,11.971110726859479,0.8626054880772349
3022,JAX00005446,2.335366173784223,0.8025835608868973,11.932271489889445,0.7088071414702882
3023,UNC961572,2.333497577267053,0.8433555982832442,11.922100174584557,0.8368867457352779
3024,UNC962180,2.3219639219396413,0.8879310618417537,11.75773802953563,0.6089969025049194
3025,JAX00005452,2.3208591635473113,0.7624162704478858,11.74206417942787,0.7632671490856368
3026,UNCHS001301,2.315499694059554,0.7509850145728182,11.6504958811513,0.6845613035828653
3027,UNCHS001302,2.3140172776745658,0.6626489415233549,11.633383434484813,0.8721574464519293
3028,UNCHS001303,2.304628533259347,0.7725386638864277,11.631616892092097,0.9263186130691332
3029,UNCHS001304,2.26541451895946,0.8219835310531495,12.29776629654475,0.5733982213324358
3030,JAX00255640,2.2680272564484767,0.7813027541767344,12.291635397319169,0.7029685359626079
3031,UNC963609,2.351770969930385,0.6284239026707302,12.16949082189808,0.6654996680308309
3032,UNC964299,2.3789851270369127,0.8039675073135664,12.088604481815764,0.9302631024961978
3033,JAX00005466,1.6051185215724217,0.9240747014214319,11.850268188507016,0.7647368307319621
3034,UNC965262,1.5549839417769817,0.9276855637766488,12.06102339547624,0.7186771680985443
3035,UNC965877,1.5219913845805877,0.8751205506509532,11.816399940127894,0.856905974727729
3036,JAX00255712,1.4254171178631623,0.9119678476857318,11.71960580298719,0.9173548297639689
3037,UNC966769,1.366582154209027,0.8726978722247916,12.147091329675504,0.8040581191074728
3038,UNCHS001305,1.3304384319258133,0.7112314608437634,12.967202273239764,0.6572977622883404
3039,UNCHS001306,1.4948333461234142,0.9574722607782646,13.427685647027147,0.6386944545139551
3040,UNCHS001307,1.5141535883492452,0.986464605941577,14.212878910770542,0.4052251887390862
3041,UNCHS001308,1.5137926483819228,0.8453644288177851,14.245840775893384,0.5322706251904356
3042,UNCHS001309,1.5057493315673582,0.906544511295346,14.822615683737013,0.4414297255729085
3043,UNCHS001310,1.5053333937407842,0.9357361222091736,14.848712899385646,0.5698568295601484
3044,UNC968582,1.5033782457130656,0.9446873026839083,15.008050737747453,0.5310820583713168
3045,UNCHS001313,1.502169933499772,0.817514392847563,15.39613713206245,0.3773964623109771
3046,JAX00255777,1.502512024500902,0.8619119029832487,15.39702371191379,0.41783365717220716
3047,UNC969523,1.5027680645753208,0.8434209748249117,15.397915295752227,0.31174359519917433
3048,UNCHS001314,1.5031506281807197,0.8722390419032244,15.38969212589791,0.5381349646791979
3049,UNC970206,1.5246126054760225,0.8866430503191195,15.017771966389091,0.4466253248205206
3050,UNC970678,1.4490351950080367,0.85738599933889,14.271657273218352,0.5916587962366369
3051,UNC970870,1.2322374528207547,0.8175834474979522,14.536051436441312,0.4286099997921111
3052,backupJAX00005508,1.2246867431460942,0.9505184951098953,14.12818929673972,0.5946286729457132
3053,UNC972440,1.2125494677784445,0.9270963632970418,13.99430290607279,0.6007506898920981
3054,UNC973237,1.2396474295037478,0.9455497611110277,13.963805514146998,0.6755982559633452
3055,JAX00005520,1.2599247316086348,0.9646614337703795,14.096259115858402,0.6393140485465226
3056,UNC973692,1.2711452191601893,0.8095777269781557,14.200665334752557,0.643568517385552
3057,UNCHS001315,1.5362468090445418,0.9997544101985547,14.321475239082929,0.2983425248923492
3058,UNCHS001316,1.5378299918611447,0.891690209193157,14.339736860682024,0.4588974680876362
3059,UNC975186,1.5382306511553452,0.8824035060399875,14.345577022636917,0.8092334898416131
3060,UNC975735,1.5376227423005275,0.979821538275719,14.349071356808963,0.47176463245877087
3061,JAX00255930,1.5228218639251736,0.8846756924073945,14.34206392917963,0.41761890835081217
3062,UNCHS001317,1.5151633992693405,0.927417661006461,14.338169704502207,0.49861654216186135
3063,UNCHS001319,1.5123865301914066,0.760559207465433,14.336795941614355,0.587592705098041
3064,UNCHS001318,1.4811140320689447,0.8773581579415454,14.328120344459649,0.429114374510488
3065,UNCHS001320,1.4809556374245858,0.5722691555110638,14.324479594457443,0.554396754010168
3066,UNC976977,1.4792926153174903,0.8632204395805413,14.25475708998033,0.4604579468887645
3067,UNC977305,1.4780125400850466,0.9534239133551786,14.203182822509689,0.392721579638041
3068,UNCHS001321,1.4779298215783,0.8931567776465696,14.19944374163697,0.5160471878026585
3069,UNCHS001322,1.4700213905248347,0.8628160474245945,14.196278021935768,0.4564637830589771
3070,UNC977998,1.5110921294849504,0.9332705233857985,14.105979906718176,0.6618448738371435
3071,JAX00255979,1.5233122372505932,0.9049839972710961,14.08666862328846,0.5386831022301213
3072,UNC978456,1.7991430516497076,0.8686498280252727,14.015946872250652,0.5042666021725762
3073,JAX00255991,1.7756582140109458,0.8180086446583078,14.201695512922015,0.5179148102036291
3074,JAX00255995,1.773784928491068,0.8665413902354475,14.214766881048945,0.4485024584047433
3075,JAX00256003,1.763585598582722,0.9369449005728151,14.30366737473878,0.5676793781603242
3076,UNC979119,1.7708267167431586,0.7134858508048969,14.355898769946634,0.4329086524138559
3077,UNC980518,1.7640765846967952,0.8302405167924334,14.685356281812346,0.3943139572901609
3078,UNCHS001323,1.7664872097770967,0.7093402701709602,14.679882446681631,0.3638920327691426
3079,UNCHS001324,1.7672845821155079,0.6971326607585425,14.671500054818807,0.4482568504365262
3080,UNCHS001325,1.768097199051681,0.7036231259616157,14.658029042050657,0.4577571076393971
3081,UNCHS001326,1.7679721898039134,0.8031725396797958,14.657830679563403,0.5399497771962878
3082,UNC981257,1.2711483848115677,0.8902175576550017,15.127331519129939,0.33976863923518036
3083,JAX00256065,1.301869014064323,0.9112718633114216,15.321690650517894,0.5205010922334264
3084,UNC981669,1.3070116902513291,0.9992296469757194,15.352649356411803,0.3710141141920916
3085,UNC982299,1.2828872200377646,0.8791644133927232,15.441082038807508,0.47463207067218355
3086,JAX00256099,1.2611779698572718,0.7984217513462181,15.462609118589171,0.3165349763607763
3087,UNC983627,1.2366995783918355,0.8545705551118615,15.437816125490599,0.2927738681530924
3088,JAX00256116,1.242698249642217,0.9946164606032756,15.467581676824466,0.4652917608565385
3089,UNCHS001327,1.4335932583664999,0.8525106794259956,15.704317545367758,0.26560963412397276
3090,UNCHS001328,1.440682588958225,0.941545911993733,15.749696541777894,0.26613281124123594
3091,UNCHS001329,1.450794491874376,0.9782443325209759,16.102764566459655,0.360805088762264
3092,UNCHS001330,1.442217580507986,0.6541341244021339,15.99682088581244,0.36145898367590945
3093,JAX00256137,1.4418448985009036,0.8964912786048345,15.995222074621779,0.4440635054135232
3094,UNC985120,1.3217698943080904,0.8627516295417925,15.770314666116747,0.45687625458552444
3095,UNC985715,1.3282479236245308,0.831560696381819,15.204353033683674,0.4297507015131511
3096,UNC986338,1.3292117166884054,0.982921212948445,14.620342949411224,0.48445584873873765
3097,UNC986728,1.3340772455935621,0.9344249008138298,14.188109342917187,0.37541254864152174
3098,UNC987429,1.1760882144742482,0.9181871260227071,13.384503868047432,0.8289510227920313
3099,UNC987684,1.1364834284077006,0.8671255930131354,13.147709270227097,0.8367962667836264
3100,JAX00256217,0.9323894076860597,0.961928307375572,13.892144403477687,0.5026342743874654
3101,JAX00256220,0.6509666599476986,0.9749157956235085,13.247400182472347,0.5912335694955432
3102,UNC988578,0.6582298658979653,0.8884750857740902,13.260129685773563,0.5477684562858468
3103,JAX00256224,0.6989622159417195,0.9316678938163073,13.236583415050063,0.5071186939185179
3104,UNC989059,0.8450060310753997,0.8878906523764992,13.146375460217314,0.4604134188674059
3105,UNC989515,1.1419901865726843,0.8706842556170485,12.68443738040105,0.4720830724468859
3106,UNCHS001333,1.6167582085085996,0.7974298575602362,12.818155071839783,0.91536455330958
3107,UNCHS001334,1.6222467352392869,0.882805969190706,12.760036747941967,0.800179329140152
3108,UNC990107,1.7510353794782532,0.9823481426329962,12.582670878261524,0.606152866947097
3109,UNC990537,1.73703472987836,0.8039732677391949,12.462455098750524,0.5815968118811912
3110,UNCHS001335,1.7369337222767172,0.8337711138654343,12.461879436905974,0.8577800454262353
3111,UNCHS001336,1.6136978010649727,0.8855493594606524,12.255209218638583,0.7042032768565089
3112,JAX00256288,1.6498053658369827,0.7685090464941794,12.646338514899526,0.6815214878700508
3113,UNC991403,1.6500909583116936,0.9044906672727803,12.649322402821326,0.8052798261470795
3114,UNC992269,1.6840789370869516,0.9158688407373461,12.43922121734363,0.713330469426895
3115,UNCHS001339,1.6878048142000353,0.9265554861395208,12.42813441422959,0.6839863458972062
3116,UNCHS001340,1.6880244379767646,0.780576248793905,12.427590150928154,0.6781525973924867
3117,UNC993244,1.647402231280239,0.8872553390819514,12.361398731630516,0.836257842136435
3118,JAX00256341,1.6495707667183979,0.740743338465968,12.363461895004775,0.8843789329730014
3119,UNC993685,1.665122313676875,0.8667260322675695,12.314278441200031,0.8255885089590888
3120,UNC994199,1.713720532282423,0.9870716167386109,12.22678947033637,0.6088666358279283
3121,JAX00256363,1.7345323145536895,0.852517764150477,12.19586000362051,0.8855726233909131
3122,JAX00256367,1.7410609306004972,0.7380782551925923,12.231232109026905,0.814928025152883
3123,UNCHS001346,1.8140887257329723,0.8207631630294334,13.04460634411521,0.6156792533803611
3124,UNC995424,1.8143994422252945,0.7117523981350073,13.045802446360312,0.7045618439741955
3125,JAX00256384,1.8160411153173754,0.6418075274542467,13.05370823480348,0.6018253191448111
3126,UNCHS001347,1.7908375965303094,0.736138684742472,13.232647847435146,0.7846833280535082
3127,UNC995947,1.7853488787077367,0.8913013733904603,13.231486428462176,0.5644145825770217
3128,UNCHS001349,1.7381611890350541,0.8509360194552197,13.189375532823306,0.5427956966787728
3129,UNCHS001350,1.7280870970748765,0.890674937280832,13.193883699830394,0.6580558876877374
3130,UNCHS001351,1.684804744692883,0.8773424974663943,13.132617607693646,0.7097343636486105
3131,UNCHS001352,1.6798229903033643,0.9326277740026364,13.125663425341827,0.6476062951212039
3132,UNCHS001353,1.6627461369757839,0.7744846276843278,13.149174225714432,0.8327686436821746
3133,UNCHS001354,1.6633219158049997,0.7195705262896921,13.162549356959289,0.49383195675708325
3134,UNC996726,1.6652490134297295,0.8917713224570271,13.192841847477666,0.599360392897836
3135,UNC997109,1.6903524821200335,0.926758726283573,13.19248566860756,0.5405981675061647
3136,UNCHS001356,1.7287029845019788,0.9682016037142405,13.18111796095377,0.6408363076396942
3137,UNC998022,1.8165368092959397,0.824787527877577,13.205649404991618,0.6467486504426654
3138,UNCHS001357,1.8051509773858925,0.8173526275655446,13.383331867514016,0.5659719558184598
3139,UNCHS001358,1.7256923202280632,0.8579407880904604,13.628346302069076,0.45968574307840243
3140,JAX00256457,1.7609703852472194,0.8115768383292066,13.505314759017438,0.6070242807746464
3141,UNCHS001359,1.7248144394029623,0.7857917472587798,13.725150437544926,0.748192039737461
3142,UNCHS001360,1.7186057651279043,0.94212260030664,13.75993883096271,0.5344811090096453
3143,UNC998796,1.719247425309959,0.8856839008819292,13.750879937393393,0.33442795383571866
3144,UNC999871,1.719688404902854,0.8883056272544141,13.631456514845468,0.5094854870448281
3145,JAX00005674,1.7196512143484597,0.7653626338656003,13.62907790277427,0.3924210256369902
3146,UNC1000460,1.7191153871870029,0.8947505502590916,13.523078309936636,0.33472851898549333
3147,UNCHS001363,1.7189349388929713,0.8770477736338855,13.5009163702357,0.5433214430631247
3148,UNCHS001364,1.7188703567931043,0.8123764195252379,13.492334285525658,0.597157886374684
3149,UNC1000840,1.7188326541170227,0.8787943773604956,13.45491131015524,0.5676229098450188
3150,UNCHS001366,1.7146300295860328,0.9721392997999688,13.38803453122432,0.5198275303961414
3151,UNC1001697,1.731289326595288,0.8949449407692809,13.22174938722651,0.7740822526335688
3152,JAX00256511,1.639853850023428,0.9811715868245544,13.408116214864776,0.5283442125307573
3153,UNC1002349,1.574233849593611,0.7605349548957139,13.523390795046225,0.7074890691641511
3154,c1.loc79,1.4652514401122971,0.6927280292240408,13.715424326678658,0.5652633087845217
3155,UNC1003059,1.3959921883774769,0.9708358804176223,13.795324217477173,0.5330789771919962
3156,JAX00256524,1.3974644095219446,0.7863698306878113,13.791581018997022,0.38068573278340495
3157,JAX00256532,1.4102376823307168,0.8977868745117682,13.760286187185102,0.4901515069419969
3158,UNC1004197,1.452461272153414,0.7946349874950123,13.697729283899662,0.5463217848175085
3159,UNC1005307,1.455361341932985,0.8584823440054832,13.70050418500773,0.5876204483077997
3160,UNC1005938,1.4427067867686674,0.9101271215018276,13.683977292804457,0.48003393839509256
3161,UNC1007511,1.4115122941582285,0.8198502741996908,13.725394329219853,0.5331635540778367
3162,JAX00256605,1.3703468114156294,0.8611425753644898,13.787340906501413,0.6971170205834656
3163,UNC1009420,1.3439246325492604,0.8319619713701648,13.868874698657919,0.5992725752006562
3164,UNC1009888,1.3243444555705537,0.9575087179829572,13.946036953086605,0.564938148468048
3165,JAX00256632,1.3182897062649772,0.8138962051043346,13.972776250322113,0.51439456935752
3166,UNCHS001369,1.313536050319044,0.9806038817221463,13.994547438315749,0.6305097244968173
3167,UNCHS001370,1.3131341618807255,0.8944076883189543,13.998628334972409,0.8341910652625117
3168,UNC1010404,1.312745297205538,0.8680878693125205,14.002788032996477,0.57015550875406
3169,UNCHS001372,1.313654824970854,0.940442177463683,13.997727651415744,0.489078496604168
3170,UNC1011702,1.3136454851292,0.7369350057826444,13.997767362496688,0.6371409185286526
3171,UNC1012577,1.3133759835609453,0.8795011242599985,13.999069076683554,0.38007895746727927
3172,JAX00256695,1.3162411695311675,0.884869851135002,14.050193732894513,0.4876038106549724
3173,UNCHS001373,1.317590396163041,0.8552153007412541,14.073158375665798,0.6199373242618497
3174,UNCHS001374,1.3179388777871281,0.9813225649975994,14.07901568304942,0.48536113681221327
3175,UNC1013424,1.3189316389079977,0.968944056122032,14.092694764074395,0.3457224910248509
3176,UNC1013825,1.321778783202717,0.9776640436598545,14.127508666947506,0.5842334142621808
3177,UNC1014702,1.3256075337762923,0.9862738537343072,14.145413109748006,0.8921772949458363
3178,JAX00256731,1.3259225905794665,0.7616249475996804,14.14005797118898,0.3872020932373341
3179,JAX00256751,1.3260563904852916,0.8121152458211967,14.139882742247437,0.48039389120378045
3180,UNC1015995,1.3178058565913489,0.7971150661966195,14.209266122870304,0.3968706547493581
3181,UNCHS001375,1.2944695761120784,0.8699934375683233,14.383279910454803,0.7284064113866255
3182,UNCHS001376,1.331779045830217,0.8268910751121399,14.568701185343798,0.6404325466504455
3183,UNC1016922,1.3339709983583816,0.7674149362083179,14.57701822897161,0.5589537150387394
3184,JAX00256768,1.3415139770011137,0.9487368743688992,14.543489688370983,0.6068650559985933
3185,UNC1019367,1.765339113258051,0.823336092725891,12.878726637536602,0.8433999939758003
3186,UNCHS001377,1.7848882928742569,0.9678237752812637,12.813069096067466,0.6491285352816528
3187,UNCHS001378,1.780151477991467,0.8093968148770531,12.870760478141165,0.5843960341528435
3188,UNC1019849,1.7772742430865947,0.8416153764914102,13.158269496138928,0.5274747569547377
3189,UNCHS001379,1.8598078168956818,0.9629600320433702,12.854013162279443,0.8108235089949014
3190,UNCHS001380,1.875782061112659,0.9597387082063547,12.804472559013448,0.6656502078008792
3191,UNCHS001381,1.8960715237269596,0.7051038437747047,12.744365242258255,0.7186079108614815
3192,UNCHS001382,1.90616139817962,0.6799703810693577,12.7154640760848,0.7184385035469467
3193,UNC1020664,1.967281516813273,0.9678937491898029,12.552024159204166,0.6551308221610186
3194,UNC1021107,2.264369173621617,0.6595036622043308,11.9428319894771,0.6436329541400396
3195,UNC1021361,2.450421127653499,0.831614127207604,11.662029510243201,0.8043409290071494
3196,JAX00256847,3.0175784171917712,0.5340011191226754,11.663032859310306,0.8262115068183087
3197,UNC1022835,3.0180239842079573,0.4824668042846155,11.675020888263134,0.8952582533360804
3198,UNC1023024,3.0180047131671017,0.7889688420713447,11.675729662148797,0.972216569127281
3199,UNCHS001383,3.017928818831706,0.4990101738445743,11.675943743070775,0.6401483969254684
3200,UNCHS001384,3.0180634442369865,0.5767748177522612,11.675919466598543,0.68866083608145
3201,UNC1024027,3.0198088075987926,0.37818986675575533,11.676982962341981,0.7197541995846374
3202,UNCHS001386,3.0198848767827258,0.5979387576520026,11.677257687135807,0.8655078167965895
3203,JAX00005800,3.0196405153337764,0.584751586414499,11.675727216632367,0.5253193276041662
3204,UNC1025120,3.019638369473796,0.8111354984370035,11.675180398248813,0.8017356398181669
3205,JAX00256902,3.0198613835084416,0.5413654643347151,11.675730800111069,0.7048127322814391
3206,JAX00256906,3.0199397418282388,0.5543845539309304,11.67623505318602,0.9072320896643433
3207,UNC1025688,3.020151355679218,0.6354696591278999,11.677863858279125,0.7425087011847402
3208,UNC1027118,3.181677087736034,0.48481541560317176,11.712898318267662,0.5369149441901676
3209,UNC1027276,3.231549403377585,0.7504261073113871,11.753227349275903,0.7353927350204367
3210,UNCHS001387,3.3517700359300306,0.5737251702270554,11.872766092115398,0.7087486578319868
3211,UNCHS001388,3.928907412138642,0.4574902441228928,13.648218146790896,0.5704383206365735
3212,UNC1028420,3.9401918048010884,0.35678266079688553,13.796513316862729,0.5728217522300151
3213,JAX00005819,3.9442755459531327,0.3070547767785489,13.81590496074682,0.6734849453850194
3214,UNCHS001389,3.9446509148754103,0.35551132139438474,13.817665177526123,0.5497219482173175
3215,UNC1028686,3.944781851242624,0.40807646587470076,13.81827784509187,0.4180185785660233
3216,UNCHS001390,3.9450456161118836,0.21039858484137444,13.81945043703604,0.6352744755591653
3217,UNCHS001391,3.956746704366651,0.3244637560407082,13.847398896014283,0.47011039841276514
3218,UNC1029634,3.9709062519229974,0.3159985071133425,13.870978791668449,0.3856412662324241
3219,UNCHS001393,3.9513265161917843,0.45551169355030213,13.877535982392146,0.684317721988207
3220,UNCHS001395,3.9522463505297765,0.42451163542693066,13.902449905094045,0.6009943243848233
3221,UNCHS001396,3.952802606432215,0.21583328407221788,13.904385974916295,0.4529435415709525
3222,UNC1030909,3.941496402449502,0.4844760723551056,13.92090396716958,0.6978695935167308
3223,UNCHS001397,3.933807328024841,0.26488169661711924,13.930605914060152,0.4297765136291458
3224,JAX00005838,3.9282502653313713,0.3312181997782743,13.944280379661677,0.8047694609346193
3225,UNCHS001398,3.9264615246347603,0.5568672233134618,13.948259787819325,0.6716171727283263
3226,UNC1031121,3.895796093988338,0.3593492470201574,14.022289409269433,0.6458895799637527
3227,UNCHS001400,4.074784308931612,0.4089560861812879,14.132114401676063,0.640932291450138
3228,UNC1031391,4.080279301791961,0.31528630260250673,14.136509736633343,0.46409379026208686
3229,UNCHS001401,4.113820049645483,0.3143974234421847,14.537789293268588,0.5496626202045197
3230,JAX00257038,4.395695608749747,0.30172854214673617,15.682232214810256,0.26878360955716607
3231,UNC1033310,4.515421563144628,0.3988648264858423,16.151443967573414,0.1627143657687727
3232,UNC1033796,4.5542303328873,0.27077044500974434,16.17423163401645,0.2350468752522884
3233,UNCHS001403,4.620141703219588,0.2771519895539032,16.18500290527936,0.3276266726697759
3234,UNCHS001405,4.6433526012574475,0.23130905771198806,16.211987637371976,0.22143444062274248
3235,UNC1034819,4.644271052443855,0.2105296821879387,16.212022342183445,0.47148794112736375
3236,UNC1035596,4.6129324530313625,0.2605740526387522,16.286269012064167,0.29485315181661836
3237,JAX00257089,4.600306320606705,0.2664214191271415,16.344484634799755,0.26410175155157944
3238,UNC1036770,4.592808560555113,0.343077825998943,16.389046506468958,0.2140452656308208
3239,UNCHS001407,4.588707686942598,0.3265548729846395,16.413630946444755,0.26108763076775704
3240,UNCHS001408,4.588429620346687,0.3359582326137859,16.4160796891274,0.3230466804072687
3241,UNCHS001409,4.6182145646751,0.3561748441695195,16.519621717309974,0.2943798898967922
3242,UNC1037574,4.62081311273846,0.201713101787603,16.525183962313122,0.28119069014316445
3243,UNCHS001410,4.638578750784973,0.43696509292428604,16.65400051848087,0.2966456709024939
3244,UNC1037970,4.643246534492391,0.2819676957726037,16.677963043540103,0.3782473446556357
3245,UNC1039100,4.583846199137042,0.29413110007574944,16.509988704280886,0.5487481126640963
3246,UNCHS001411,4.5792717930892195,0.24713492210694857,16.50096217962323,0.26328572395743083
3247,UNCHS001412,4.568978012653588,0.3228799882841743,16.344438386846832,0.2898897181031664
3248,UNC1039668,4.582679956223728,0.2914504080982922,16.27837019898743,0.3114271081182514
3249,JAX00257150,4.592148229241502,0.3287192786852131,16.260395045121413,0.36156969492065366
3250,UNC1040335,4.606000728887238,0.2366913508725565,16.223989117236442,0.2683264635260303
3251,UNCHS001413,4.675956007916284,0.2874715860844401,16.110335119012234,0.25349337881876577
3252,UNCHS001414,4.665790140496938,0.17504415978033624,16.013162920717605,0.34058014978244544
3253,UNC1040668,4.636829731276748,0.21683909377115096,15.580005598461184,0.42509199539243203
3254,UNCHS001415,4.6397657547870494,0.2786790613141637,15.33585341548519,0.30824322638461676
3255,UNCHS001416,4.69228756243956,0.2638421720312207,14.894490951953003,0.5004418404109442
3256,UNCHS001417,4.68623059845595,0.2748810994882533,14.552223332708309,0.43224954523761655
3257,UNCHS001418,3.968835460371338,0.37448393299412014,14.36796904181324,0.4088822576199118
3258,UNC1041273,3.7843274714573454,0.5694973216958341,14.12038571894118,0.6003259695724853
3259,UNCHS001420,3.78456741195464,0.35270972184234917,14.12228061291421,0.3580610188550412
3260,JAX00257196,3.774446912342455,0.4279972614681564,14.144795076487526,0.4753943410376025
3261,UNC1041551,3.7173117883319264,0.4033433443948417,14.141514939595936,0.5296618059333985
3262,JAX00005915,3.7189741748397864,0.35860087643075667,14.145781560572232,0.38033562229406975
3263,UNC1041847,3.7899965363508272,0.6288306603618947,14.061687801361131,0.3989175786292429
3264,UNCHS001421,3.8131116311571986,0.4298997560970814,14.301967217721995,0.4444294516611283
3265,UNCJPD000238,3.8477904491237496,0.426097477352813,14.006154938420877,0.6383783557940025
3266,backupJAX00257246,4.087467294403041,0.42725834591440953,14.147431900419406,0.46351526171082236
3267,UNC1043281,4.096220127815968,0.3890686631263904,14.067229882550919,0.44351027825556194
3268,UNCHS001424,4.088469357463055,0.35475307058751127,13.982627135196935,0.3347111995257411
3269,JAX00257262,4.083879127530054,0.21736999357645415,13.94319386117354,0.43681211752557136
3270,UNC1043847,4.05422491287527,0.36936123082681305,13.700947629892198,0.5419826248584192
3271,JAX00257270,4.054776543019216,0.2806915767299008,13.702344908533178,0.45042803659309516
3272,JAX00257271,4.055024445214485,0.3779592491823372,13.702918119344986,0.6949708215898749
3273,UNC1044549,4.0767555456823175,0.31849256187177977,13.856018756235926,0.4085359183396019
3274,UNC1045279,3.833428273617983,0.48487788957894,14.449373391257723,0.4087456863196955
3275,UNC1045701,3.8420819543944162,0.3378763109536425,14.42841150752929,0.48310655389012297
3276,UNCHS001425,3.8462841807618133,0.42619706090002035,14.416407400748767,0.5470274037311458
3277,UNCHS001426,3.8473960948408603,0.37783983724166526,14.419418090795489,0.4320395370243924
3278,UNC1046643,3.8571045031524136,0.3066359916249488,14.446319669280456,0.5461869265131917
3279,JAX00257321,3.857425216550382,0.31497236901699993,14.443920384104104,0.5930816302813247
3280,UNC1047748,3.8553047550637984,0.45006059163521395,14.413806257102578,0.39308841117145876
3281,UNC1048483,3.8678784670262303,0.4242669092740976,14.374774305930487,0.5106982597065477
3282,UNCHS001427,3.8267144001513316,0.3936354125849834,14.223749677604928,0.6083149585122495
3283,UNCHS001428,3.580438014777428,0.48205187859181714,14.945301046661598,0.39591231136248806
3284,UNC1049124,3.547470862546106,0.4845301220193688,14.629462384811177,0.4134174976627047
3285,UNC1049631,3.561018520261541,0.5416263663033837,14.660811988548858,0.4394546984119023
3286,JAX00005968,3.617384911089175,0.4961902140264313,14.46690002303626,0.4695671325372516
3287,UNC1050655,3.625693539063377,0.3926752649413055,14.458719885066785,0.34958324180936334
3288,UNCHS001429,3.628718027089235,0.5395509269789458,14.449682332839075,0.6206224969264774
3289,UNCHS001431,3.634668845732449,0.44518972165186566,14.443532194714408,0.549647070499776
3290,UNCHS001433,3.6640942180395086,0.3920027451173224,14.424366824871186,0.4694777059797407
3291,UNC1051402,3.6655231691922836,0.4208148152841192,14.424204175637215,0.7342968270862993
3292,UNCHS001434,3.66654380409841,0.4245415036662283,14.424703610570987,0.5632701045542027
3293,JAX00257385,3.6677651845216133,0.8179018990616854,14.426776103549855,0.5141132253681703
3294,UNCHS001435,3.6888347973460895,0.5382910102101865,14.461919216797696,0.48655847981490175
3295,UNCHS001437,3.695175199419282,0.49385596859910175,14.444093559707198,0.5617323771524828
3296,UNCHS001438,3.7021218411150585,0.409072209297217,14.447828305675102,0.43895464701391695
3297,UNCHS001439,3.7496033148784136,0.5593521332294683,13.670547541337555,0.6161352806510931
3298,UNC1052639,3.7537057760225707,0.396165083989719,13.64514669148798,0.5457700149563134
3299,UNCHS001440,3.7549954444261857,0.5311092717291293,13.63718412744629,0.5457227250364013
3300,UNCHS001441,3.8436806339746,0.40635624204237225,13.394124606753849,0.4837800654762329
3301,UNCHS001442,3.852487691193346,0.3164350205664007,13.403878346578267,0.5558963095515169
3302,JAX00257428,3.90556482603688,0.3531871393519596,13.45744426606916,0.48426112118425263
3303,c1.loc83,4.002821814968684,0.5077907408350952,13.853963170092584,0.8982152940282058
3304,UNC1055109,4.021681765180119,0.29049049541575245,13.922140919150934,0.5589884977474449
3305,UNC1055637,4.055733975631711,0.3204519592012493,13.992960033173858,0.6276397475152691
3306,JAX00257460,4.056320256903518,0.3625531484431944,13.993781652311554,0.61137659604211
3307,UNC1056352,4.109689075738515,0.3211176148597625,14.031548196344602,0.25089728385500254
3308,UNCHS001443,4.185938531449892,0.4242566261492749,14.119952290643141,0.4730009083987651
3309,UNC1057938,4.186394374050451,0.24331873432241424,14.120912045412524,0.49050243353480566
3310,UNCHS001444,4.277351126712574,0.29294668720444594,15.08651727491224,0.30056329601989934
3311,UNCHS001445,4.305101644818933,0.5156350893683214,15.303324018393141,0.4251687930520457
3312,UNCHS001446,4.200205576785038,0.3589827200323065,15.97234181539784,0.44925125338143757
3313,UNC1058334,4.203272918415223,0.2992486562724715,15.997493663759542,0.28293964841988173
3314,UNC1059067,4.297882694521832,0.2908645573484733,16.026187677644202,0.30243226342273427
3315,UNC1059845,4.431578687817591,0.18347957321536199,16.080788689968358,0.3031683393429162
3316,UNCHS001447,4.526355183316809,0.252671837020406,16.12570907441318,0.2315204095006596
3317,UNCHS001448,4.532845294256504,0.25701420701531796,16.128864393029517,0.32719343125194095
3318,UNC1060689,4.584302445420235,0.35448250215227883,16.152029482580474,0.3132703181777739
3319,JAX00257531,4.761694864162337,0.30030261024528077,16.292123122458406,0.3955117361762067
3320,UNC1061236,4.7571672191420475,0.23640380451512094,16.256662526332093,0.31233412420510165
3321,UNCHS001450,4.321647824319598,0.32480745607613937,14.95829313727404,0.4268750527937567
3322,JAX00257548,4.30317487942466,0.23754505374260493,14.936628914450921,0.5437990501504213
3323,UNC1061708,4.291996950562179,0.3454977479874821,14.921387980674353,0.45922612697760534
3324,JAX00257561,4.2331906990214065,0.2395038090988912,14.891713719437348,0.3980154354180839
3325,UNCHS001451,4.797822241374888,0.24727578513333975,14.02148009401958,0.6699223414873601
3326,UNCHS001452,5.338146605875863,0.16511319904365448,13.405491887214794,0.6991341037785809
3327,UNC1062657,5.199449993105418,0.3457547033456442,13.671972290032727,0.7135502341887403
3328,UNCHS001453,4.919156027502595,0.23807647610255978,14.087124240944604,0.46751022895089467
3329,UNC1063044,4.91455984032541,0.1897708136057383,14.115153984560038,0.42261730948137843
3330,UNCHS001454,4.933428773916148,0.2555555316721192,13.99298108579569,0.6724267455102849
3331,JAX00257574,4.938285566710647,0.26019833806009546,14.000395096011744,0.5516386036375334
3332,UNC1064152,4.968582301658671,0.25950157893437764,14.049794358292502,0.39329933176151743
3333,UNC1064743,5.006755285245617,0.21438878245349777,14.101989843419688,0.4630950898593261
3334,UNC1065296,5.07104198576576,0.19409618119783764,14.123660487254256,0.6444591993385697
3335,UNC1065809,5.117544145501597,0.24666120080860762,14.173182301648012,0.36286021818939473
3336,JAX00006057,5.1543412761625405,0.2359479532324055,14.21395290708142,0.44664093755819684
3337,UNC1066284,5.156670848035901,0.23184921844824516,14.216466560328172,0.7313204266045928
3338,UNC1066650,5.184600897707696,0.140904677548252,14.24663640120707,0.36332532095912645
3339,JAX00006066,5.489089834172319,0.1375072428998402,14.514688981676954,0.5755999673702776
3340,sanger87,5.531193547129533,0.18085401840347826,14.561765538646796,0.3410791368925569
3341,UNC1067986,5.647076748622567,0.23087942627718994,14.621819537055217,0.44503866758169774
3342,JAX00006069,5.649068968285064,0.19334388397592306,14.622920943462987,0.497669946305025
3343,JAX00257626,5.677139588378395,0.1757980693755458,14.639508855659187,0.5791430318331743
3344,UNCHS001455,5.791999171462294,0.1551897568619279,14.702216450573587,0.3552456898207039
3345,UNCHS001456,5.759412469293693,0.09531321878701159,14.797110091473769,0.6181821340398483
3346,UNC1068624,5.809228913065908,0.20484426540233153,14.82079125643395,0.5654855875013528
3347,UNC1069136,5.8522021649262115,0.15835302547045776,14.84408574689769,0.4984437972978818
3348,JAX00257644,5.88053748589391,0.12283191828584873,14.885529570014569,0.5540626374706848
3349,UNC1069801,5.886810486843842,0.17118978556065176,14.89255430405342,0.5038076665905024
3350,JAX00257649,5.895043460128818,0.17947282860160058,14.900452316475821,0.37860156654694893
3351,UNCHS001458,5.941824524730464,0.14775381161852233,14.94500029694882,0.362283721104997
3352,UNC1070616,5.94584754100606,0.1954239774012248,14.948740808876892,0.5534466912214583
3353,JAX00257672,5.965616437892777,0.09752869525388007,14.967149141433765,0.30057563484955235
3354,UNC1071271,5.982366815158912,0.14483953226326923,14.982211279511375,0.32974203638814875
3355,UNCHS001459,5.995485818005818,0.1402146752109425,14.99385494975968,0.39501464145194837
3356,UNCHS001460,6.000827004279017,0.10107903047025213,14.998653529790545,0.37006150327548015
3357,UNCHS001461,6.064390349609312,0.12247375917246585,15.054909993807087,0.5461357342333976
3358,UNCHS001462,6.06874113955314,0.08113938791846526,15.05872129882232,0.31850959676961055
3359,JAX00257698,6.075437713644305,0.11674378316077914,15.064559754334596,0.5858889295252098
3360,UNC1072525,6.078068915732729,0.13591823020317784,15.067350717263707,0.5647485282003798
3361,UNCHS001463,6.2487863598578315,0.20084831536138542,15.541341361517425,0.5037125734819737
3362,UNCHS001464,6.263032164592914,0.07664783801310696,15.578306244910436,0.3722389046326755
3363,JAX00257710,6.265656535595099,0.13008390870582598,15.58044222744411,0.514925067913927
3364,UNC1073193,6.2708183016495695,0.17717899766529233,15.580863921268246,0.35067669362333415
3365,UNCHS001465,6.4489299697938804,0.09340954960339128,15.92387678580917,0.3754517726443099
3366,UNC1073702,6.4564436263785865,0.05112324251516268,17.504497303292055,0.35455111246632204
3367,UNC1074173,6.460920067377629,0.06954347211640115,17.962413504313645,0.14685085738451872
3368,UNCHS001467,6.472504471634238,0.13029578268613037,18.09532316684499,0.1399486764085189
3369,UNCHS001468,6.4762636850477975,0.08643386291622687,18.133188686899075,0.18747400869895922
3370,JAX00006115,6.474695970068979,0.06456295719559509,18.02104090463058,0.1775475001312351
3371,UNC1074464,6.476411299728625,0.0954491612029325,17.8389396350035,0.2473547181553395
3372,UNCHS001469,6.477400192811729,0.11138330808724448,17.839473169877238,0.18141132332481094
3373,UNCHS001471,6.478337490104423,0.08808564845860647,17.839980743587148,0.3269684765739537
3374,UNCHS001470,6.480945770966628,0.070049310414366,17.84141217048841,0.2352602756429225
3375,UNCHS001473,6.4828524934212055,0.107524291889176,17.84243588868617,0.22222354355781826
3376,UNCHS001472,6.483295110032486,0.08739953148010075,17.84267505462026,0.16356561157295194
3377,UNCHS001474,6.486401877142498,0.110912647224195,17.844463208380603,0.351646575300227
3378,UNCHS001475,6.496928862334698,0.08079209750687644,17.85049825424494,0.1325578825995417
3379,UNCHS001477,6.497837793375766,0.05533162288632218,17.851016732044855,0.17135483769350682
3380,UNCHS001476,6.499331785542154,0.07329567408929072,17.851868967089786,0.25801338578300625
3381,UNCHS001478,6.500646300007247,0.17168273453353847,17.852618498053516,0.2775398360410344
3382,UNCHS001479,6.50097499481717,0.06436806478452842,17.852805943641442,0.21337115864535602
3383,UNCHS001480,6.507754620697597,0.08005897234810179,17.859764302912026,0.2050541128508906
3384,UNCHS001481,6.5129786126613,0.10326396640076567,17.86511523710942,0.21668682931585234
3385,UNCHS001482,6.515664535121914,0.07554632609982932,17.86799886583526,0.15655372293995573
3386,UNC1074823,6.518718008146152,0.08207904846253294,17.87104136750804,0.1601976931188689
3387,JAX00257737,6.676708997168589,0.069306701841138,17.870289909062876,0.36367286730126996
3388,UNCHS001483,6.791800845126318,0.06075502891526917,18.059109121776828,0.1620354894227253
3389,UNCHS001484,6.812249253588334,0.09681867330789037,18.15385824716168,0.16631389529039003
3390,UNC1075203,6.850065398856714,0.052129075560097646,18.209969998546057,0.12230864161061424
3391,JAX00006124,6.850964566963739,0.0900838719052307,18.210449022622925,0.28050843075134524
3392,JAX00006127,6.87708857059738,0.03121066810632049,18.225746251401006,0.26599125360510995
3393,UNC1075533,6.885668007251297,0.07357252027034569,18.230735025141712,0.1444020474263056
3394,c1.loc85,7.005551258176183,0.051311835129780006,18.287786172821143,0.1403588515631352
3395,UNC1075761,7.318159950429845,0.05892084629687902,18.328716370203892,0.11478511576966079
3396,JAX00257769,7.318051986395176,0.06256152305194977,18.33019168752685,0.12618139838009124
3397,JAX00006164,7.340908515643605,0.07094958409691707,18.33233666556771,0.13294080657746585
3398,UNCHS001489,7.380771258789991,0.05232025835031601,18.355355553894242,0.22560310188371135
3399,JAX00257793,7.502679893240611,0.0458079710680358,18.44409550660066,0.3651002326990634
3400,UNCHS001491,7.611778905257779,0.08619413550812015,18.54636653902753,0.13711405576400304
3401,UNCHS001493,7.612818534766802,0.025396274612311157,18.546796498796994,0.17158626732827317
3402,UNCHS001492,7.613140826711742,0.03783252079637848,18.548185206695052,0.1485269409458217
3403,JAX00257829,7.574267192000207,0.02849984312503003,18.656205853734264,0.15090919673312767
3404,JAX00006189,7.551655789314282,0.024355449980619854,18.718423071348298,0.07782243765722906
3405,UNCHS001495,7.548396633030961,0.056255705415759805,18.727394624081853,0.1268209138483349
3406,UNCHS001496,7.5476316379708805,0.04276367139655,18.72904913004413,0.1578355425057877
3407,UNCHS001497,7.538413038736735,0.0678159618676066,18.74890923396856,0.0961389773714264
3408,UNCHS001498,7.537346576549453,0.03172931655653734,18.751168129090956,0.1524184845931569
3409,UNC1080590,7.536580347029258,0.04509285733752087,18.757435171995212,0.15106700862816555
3410,UNCHS001499,7.576990729149429,0.03131459052589508,18.804642409600547,0.09632223074310747
3411,UNCHS001501,7.575893466525486,0.040718740983515536,18.803774354980305,0.24322958985857804
3412,UNCHS001502,7.573349412283278,0.047710873995287825,18.803657451325535,0.19113788400278997
3413,JAX00006207,7.555368041873862,0.0377863704964603,18.846505713533816,0.2923694172966493
3414,UNCHS001503,7.553761120848549,0.03897878463038122,18.851072877265096,0.10756607944812953
3415,UNCHS001506,7.526776069851621,0.05063120219148683,18.89147754742453,0.21736750997540782
3416,JAX00257957,7.5239543920260985,0.036022088622989085,18.89510995549199,0.17411243778915808
3417,UNC1083007,7.42753064064118,0.04403799887252957,19.053743912136724,0.13124962540928756
3418,UNCHS001510,7.170713695203858,0.06761058854764611,18.968016730931822,0.1670046801758759
3419,UNC010163719,7.043161073750525,0.03560745853288553,19.029958099731402,0.1666371524130583
3420,JAX00258011,6.404989643958288,0.18049330848387254,19.412230112573297,0.13025094220998112
3421,UNC1085550,6.3519698321747455,0.08410901679883374,19.410352966719984,0.0951677884705848
3422,JAX00006232,6.301782992821472,0.08186454616048158,19.409321685861187,0.20122148765537848
3423,JAX00258020,4.903134362291212,0.2477247675508539,19.350826071132133,0.12600968678298344
3424,UNC1086363,4.4022781235808,0.16190920545185428,19.298219417006294,0.1277158122021379
3425,UNCHS001513,4.396048834644716,0.3742912376063274,19.25074013890162,0.10987648289629225
3426,UNCHS001514,4.39336694789904,0.2721976714518546,19.22639403409744,0.12449275318360606
3427,UNCHS001515,4.382993506482308,0.3404821234022042,19.118977001292023,0.1127263338771628
3428,UNCHS001516,4.3675755102781295,0.3858005288750584,19.091707804015186,0.24427358148772726
3429,UNCHS001517,4.348714173153894,0.3673114764932892,19.05721174131395,0.11434506353516252
3430,UNCHS001519,4.185734222895235,0.2850120865940417,18.696851838842576,0.10013133535326676
3431,JAX00258034,4.181183196001257,0.19568679986041562,18.684785851944525,0.13265601995287304
3432,UNC1086891,4.181244210860541,0.3723305445172305,18.68404518145485,0.10502135343004128
3433,UNCHS001520,4.183281190792741,0.3176685355560237,18.697811673636124,0.13745741406175907
3434,UNCHS001521,4.189078346480301,0.4004954279508198,18.843910451493457,0.15480305988943002
3435,UNCHS001522,4.19295776355807,0.5036934987349456,18.88498244529569,0.16026697953985344
3436,UNCHS001523,4.185160187119891,0.38207859739684363,18.89577037990489,0.13971336524022776
3437,JAX00006259,4.181845982739787,0.4530516569161882,18.898129797572892,0.11394939959291021
3438,UNCHS001525,4.1715407067274555,0.33561582792165756,18.906506964438677,0.1457326415671531
3439,UNCHS001526,4.170695651454253,0.2960015823818881,18.907379117428036,0.14969849489292705
3440,JAX00006262,4.169436280008995,0.421877893591568,18.907473131877623,0.12856161560771523
3441,UNCHS001527,4.144509992207759,0.2612172394266935,18.938536316976524,0.11177803143463996
3442,UNCHS001528,4.143482140872948,0.4185552728052545,18.939835348933684,0.09522995996189412
3443,UNCHS001529,4.138731295485059,0.29468453196707556,18.9466384034738,0.1457113238578875
3444,UNCHS001530,4.137703710140613,0.5015822105349629,18.948170117418385,0.14736140137965306
3445,c1.loc87,4.133682187511113,0.36081836094660635,18.960266742020167,0.09955690495364496
3446,UNC1088683,4.12565212244408,0.35813248761415717,18.985210592671365,0.08419281399528566
3447,UNCHS001531,4.1172514392219455,0.4641015716752516,19.00965334329112,0.11425928550102717
3448,UNCHS001532,4.069597793919002,0.284044588681069,19.302825017030045,0.1083474897692171
3449,UNCHS001533,3.9925852285671226,0.4982712517516789,19.26331920137477,0.11696193836361937
3450,UNCHS001534,3.989129208506938,0.5042810622576432,19.2335081814947,0.1052433833559153
3451,UNCHS001535,3.993674460573402,0.24602323145050112,19.033558996447255,0.10945969003330526
3452,JAX00258086,3.991124672383421,0.38244184405533427,19.006539316170574,0.07897387498380601
3453,UNCHS001536,3.990687128319678,0.2898500800322735,19.001425295597755,0.08569503237475419
3454,UNCHS001537,4.011718191787622,0.4908437350970979,18.34855536998657,0.10329884761838051
3455,UNCHS001538,4.014139552953338,0.41268116019641343,18.30672196614387,0.11559816798848915
3456,UNC1090311,4.0077411215424945,0.3749590688302491,18.479583230489425,0.25492038168469644
3457,UNCHS001540,4.008054821935275,0.24591483999985592,18.487592213113885,0.08602841601030385
3458,UNCHS001541,4.008649158394519,0.355179367888832,18.509162251956923,0.1639969271128997
3459,UNCHS001542,4.008873916613538,0.2986915697373568,18.527299132093276,0.15161533021175974
3460,UNC1090485,4.00716723048572,0.44714814904674627,18.59871609851416,0.21036444575000868
3461,JAX00258101,3.99602483919125,0.3616758118804742,18.796171186348374,0.289890824292644
3462,UNC1090659,4.023993696963544,0.4365712704014004,18.87599146818252,0.13760592732649723
3463,UNCHS001543,4.072240697428242,0.38949110537567605,19.03581479184868,0.09021154982153139
3464,UNCHS001546,4.08557521057287,0.4308049600143827,19.086385799180107,0.11554277900574933
3465,UNCHS001547,4.412154944952363,0.25545731115047976,19.174694027807845,0.11475375695915752
3466,UNCHS001548,4.191388892766554,0.31524056960689006,19.14206866428208,0.20990635200077293
3467,UNCHS001550,4.416836396931785,0.37593905175458775,19.249957182750677,0.1506827613830695
3468,UNC1091740,4.71336472458006,0.210014134871206,19.667281349674568,0.11500500205403147
3469,UNCHS001552,4.944966392428569,0.2227215208858851,19.868224380224774,0.16076118832599182
3470,UNC1092120,5.6519911190735,0.11533974698634102,20.23562799100887,0.13228455021000501
3471,JAX00258130,5.657394369722397,0.10694818870835578,20.259204619351067,0.0649057451530199
3472,UNCHS001555,5.381914921684938,0.17889387447223742,20.96266734540177,0.09206310329494292
3473,UNCHS001554,5.3793341288301235,0.1569504406545312,20.9706494683237,0.07410908475522271
3474,UNCHS001556,5.3790901164366005,0.22842844922313957,20.97672303281024,0.05253037279962737
3475,UNC1093083,5.372665073661892,0.2828705720211311,21.070966998318227,0.07130244415268584
3476,JAX00258159,5.313641440696301,0.21551588787203377,21.39104455623601,0.04667186457892505
3477,UNCHS001557,5.290148722966478,0.1585794400263189,21.465834606968883,0.03806656985573476
3478,UNC1093771,5.287593741274804,0.16221640376123103,21.47338813172496,0.03186069184019298
3479,UNCHS001558,5.287138463078918,0.1600293527364365,21.472134170766594,0.033477564921370676
3480,UNCHS001559,5.286413273739072,0.11128530476739827,21.4698287107301,0.06327457520125349
3481,JAX00006320,5.285448328006623,0.22863073517827928,21.466823375365493,0.03833217780117671
3482,UNCHS001561,5.284904337518128,0.2193351931468379,21.46510091660616,0.051465918171509195
3483,UNCHS001562,5.28389986961497,0.2410602200391899,21.463643994029326,0.06344861482242609
3484,UNC1094139,5.283054311802061,0.19398164292477424,21.462344986452536,0.052854945898191744
3485,JAX00192388,5.155283703771374,0.2161430835078816,21.226630030130764,0.04520898080591128
3486,UNCHS001563,4.930614542322701,0.20022690457564507,20.864575903581,0.03717367050928412
3487,UNCHS001564,4.803649275467706,0.3116347352336353,20.6907390706574,0.06781664904368695
3488,UNCHS001565,3.9461749756346762,0.32609373538315917,20.47966660932525,0.08314093905566539
3489,UNCHS001566,3.895476777749991,0.4385501843541963,20.470793886417823,0.0559950057631546
3490,JAX00006329,3.882647322951243,0.31249765012862585,20.430495078636113,0.08362700485065694
3491,UNC1095110,3.8733053740652394,0.5257983165113984,20.40211461833087,0.0777801710797451
3492,JAX00258190,3.870156087876012,0.7200316570662211,20.387846189462152,0.07037697250385476
3493,JAX00258194,3.8662535462433425,0.4161619010994011,20.36748226056261,0.056622173946011
3494,UNC1095392,3.8658393628602425,0.2929907507156958,20.36411246556918,0.0795818693937043
3495,UNC1095781,3.860580719951031,0.4475879224254649,20.308357972483236,0.10827443156847996
3496,UNC1095998,3.857330098649527,0.2987877003219811,20.248170026455,0.04947200648332491
3497,UNCHS001567,3.798252637325959,0.27615764940016485,19.88918160642538,0.09051803689299923
3498,JAX00258209,3.825347696075596,0.6052698126279925,19.356649539963428,0.1368505347106976
3499,UNCHS001568,3.9437425967246327,0.49665893208541806,18.250509421200604,0.167350198304654
3500,JAX00258212,3.9931624899816143,0.3670601067478282,18.60643323174895,0.10190565579129428
3501,UNCHS001570,3.994921785231327,0.3599365409144656,18.594994159046564,0.1556486394375702
3502,UNC1096728,4.002333429866667,0.2269270567182616,18.531477321631655,0.1290887599954254
3503,UNC1096912,3.7694661931122937,0.41902218716034495,17.58691051310666,0.40776870482209976
3504,UNCHS001571,3.7692931931173916,0.30720074757915755,17.53603867953052,0.185976788777675
3505,UNCHS001572,3.765842323326524,0.438174089350034,17.51518553583969,0.20382134734377885
3506,UNC1097226,3.740125792045319,0.4734239011953984,17.257970869220344,0.2162357667274385
3507,UNC1097279,3.637584217531412,0.7144410899528479,16.641075506707466,0.3253481670175135
3508,UNC1098588,3.5607247356474545,0.6466036835892786,16.161714939061085,0.24355664384976622
3509,UNC1099115,3.533375219255049,0.46710342870561067,15.974797247114566,0.21460050045472853
3510,UNCHS001573,3.5223302222277653,0.3915703995076175,15.90319387623208,0.24880642271430412
3511,UNCHS001574,3.521303738568804,0.3183551593269602,15.896745789159922,0.2140203327407087
3512,UNCHS001575,3.5086905756420492,0.4512703053678266,15.813048289094695,0.1975499396641028
3513,UNCHS001576,3.5880996329217396,0.3237959664711641,15.219973366614568,0.3389025266363469
3514,UNC1099838,3.587868319997142,0.46198721513740476,15.218700160888147,0.3134690735819615
3515,UNCHS001577,3.5879992882869374,0.5639159556210791,15.218740462179994,0.345695111054111
3516,UNCHS001578,3.5916464029410236,0.5199455342545658,15.219908909270544,0.44762345490572986
3517,UNCHS001579,3.6017086064757677,0.3770428002299609,15.22330265635378,0.4154167591699265
3518,UNCHS001580,3.6021616072216602,0.6888080483380854,15.221219097744552,0.46097809784110905
3519,UNC1100198,3.604163438373689,0.470055368841167,15.211961738946684,0.40997712119828666
3520,UNC1100887,3.612934567666116,0.7288727181087432,15.171479224158702,0.32929342450565763
3521,UNCHS001581,3.6128331590762173,0.3578316919344976,15.157363514489589,0.4835727076431775
3522,JAX00258317,3.613824409164863,0.38158668194870915,15.147477124080297,0.30123743444516377
3523,UNCHS001583,3.6197402503289595,0.2956478727496257,15.13550517002841,0.39284177833413836
3524,UNC1101617,3.6601140159089027,0.4056155275104377,15.594403395992686,0.4088640685764091
3525,UNCHS001585,3.7048896073897595,0.5295369356214361,15.821684154376726,0.4758560590287589
3526,JAX00258332,3.6944467481635,0.39326388663908524,15.850853227323796,0.3655643962457676
3527,UNCHS001586,3.7160052003914643,0.6440687855530435,15.8364720291504,0.34725158743194623
3528,UNCHS001587,3.9658970649736602,0.3796515078715903,15.496121561803875,0.324475586278151
3529,UNCHS001588,4.015111367270038,0.35983936446530507,15.516964998017556,0.4484689780672426
3530,UNC1102206,4.027949525046097,0.41236974408113675,15.52473577938622,0.5738083281297002
3531,UNC1102951,4.040554830937708,0.3670185517501929,15.484455995430153,0.29877987990967136
3532,UNC1103435,4.195503665409888,0.5479785063079823,15.383860656409297,0.33016963712258984
3533,UNC1104334,4.681530726105848,0.2331453907169034,15.395261078110252,0.36530713320596664
3534,UNCHS001589,4.591806758385928,0.24196243341579374,15.259631645062427,0.5036694595244255
3535,UNCHS001590,4.592805404224691,0.25051817127525433,15.260958454351794,0.31901301361101103
3536,UNCHS001591,4.4888796532882225,0.25586308850179657,15.519599310451213,0.16126535791036983
3537,UNCHS001592,4.5005434765532755,0.2402055918925541,15.550405334316793,0.35942768401610475
3538,JAX00258389,4.544288810069247,0.2795306002484987,15.656727559158753,0.22446502075787544
3539,UNC1105080,4.547190885871032,0.369888985257808,15.66327293539075,0.5352690539177785
3540,JAX00006399,4.548789255220072,0.30275346774909856,15.658603983702506,0.5404607345831901
3541,UNC1106597,4.5641853723795975,0.4603092629793681,15.614632933218445,0.2635651593452094
3542,JAX00258427,4.546965227015335,0.2423866314752038,15.655199065099168,0.46741391665263243
3543,UNC1107740,4.539440439895543,0.2689632715722929,15.680883862583187,0.38107367843115736
3544,JAX00258444,4.532281742015812,0.5521459619188188,15.727036609026754,0.19045264596686318
3545,UNC1108599,4.534008555984201,0.23549508427224802,15.71100057908643,0.3741034069463627
3546,UNCHS001594,4.534409239645129,0.15942039097860983,15.708808411044856,0.3261412162200386
3547,UNC1108970,4.541811928203515,0.24781588393819617,15.63558098222029,0.34320167835044624
3548,JAX00258461,4.564649508228058,0.23881853093778177,15.513886249543248,0.5134598280689662
3549,UNC1109449,4.581621296091498,0.30510101837195286,15.459960516726596,0.2988000657841727
3550,c1.loc89,4.580127900800562,0.4227014402623771,15.408401116894993,0.36973475504170566
3551,JAX00006422,4.578800310255247,0.13960010687598448,15.35679879854115,0.4093167524146892
3552,UNC1110825,4.5659091756233465,0.32823835668135387,15.052859634059132,0.7149539213276708
3553,UNC1111301,4.601898045685175,0.24798989191189663,14.915581853415915,0.5133611333008629
3554,UNC1111900,4.62233854392889,0.29547078925000564,14.810950587543402,0.4596878234895653
3555,UNC1112698,4.636198664651147,0.24617356579263755,14.773625495332453,0.4369429214168252
3556,UNC1113539,4.654348827896911,0.1765174472821806,14.723173078927402,0.35968651905507465
3557,UNC1113928,4.659471797574042,0.21570842431409729,14.70197290316787,0.4066643735031737
3558,JAX00188798,4.66314277768538,0.2510029709426355,14.686304109033927,0.4190181185469165
3559,UNC1114694,4.668996379279861,0.4232384519660602,14.661346481449755,0.4413939014021157
3560,UNC1115463,4.6783664732502075,0.31613728807643393,14.61996241599445,0.42359205966298036
3561,UNC1116108,4.686459678471238,0.229112749914128,14.584567274498795,0.3610373864590653
3562,UNCHS001595,4.687505075468152,0.3619202957741209,14.579932245284908,0.559778925126643
3563,UNCHS001596,4.688064582396009,0.26171416126514957,14.577398148023576,0.4421527174546793
3564,JAX00258547,4.689408993493089,0.1683866767654524,14.571367113732776,0.38380398968586343
3565,UNC1116613,4.694814815007248,0.26895666105478283,14.54733754246422,0.5516126559371695
3566,UNC1117088,4.772969019401444,0.24626689079998934,14.609510197057716,0.4669972995358062
3567,UNCHS001597,4.6667314131746025,0.19178839149735222,14.817691814944055,0.3033289224105778
3568,UNCHS001598,4.670952098026646,0.20870003036480025,14.821483507939774,0.3787480349191373
3569,UNC1117282,4.671436281849765,0.20168834408729197,14.821918385733625,0.535019340025065
3570,UNCHS001599,4.610655747156898,0.2895560650655086,15.435030468731611,0.4731762688358317
3571,JAX00258572,4.478593188088325,0.38264863470166227,16.869194292791462,0.32257488948864893
3572,UNCHS001601,4.482675275670999,0.2826670632326073,16.867684120831427,0.1881850978304362
3573,UNCHS001602,4.484078803894363,0.3455153126862768,16.866701710476036,0.2354893892821968
3574,UNC1117956,4.4979278727687415,0.26096590642732154,16.85843884421911,0.25322366502735033
3575,UNC1118291,4.5147472241876585,0.2604391125855131,16.84103094346574,0.29772699986621154
3576,UNCHS001603,4.515576189955027,0.35678510253530976,16.837888592006948,0.3440618313921322
3577,UNCHS001604,4.516686904370772,0.2879423473994402,16.833801915416643,0.281889770548375
3578,UNCHS001605,4.513754916947164,0.22584449421891103,16.81073740430702,0.19694690009277624
3579,UNCHS001606,4.530668697897454,0.2652781579733649,16.917483370004902,0.2799179902678761
3580,JAX00006469,4.549583048639079,0.31807116131313545,17.043533544263482,0.23674959008747531
3581,JAX00258605,4.563389018273256,0.27597927412953355,17.134344811193387,0.19627454324300433
3582,JAX00258614,4.9790901289261456,0.25316260630235154,18.583261453685736,0.08019594408759848
3583,UNCHS001607,4.9929296070483815,0.16285150516775984,18.592756361523698,0.15327827208846231
3584,UNCHS001608,5.014350939864698,0.12196701305883056,18.601606407231202,0.1686972302684022
3585,UNC1119530,5.297950508365602,0.27646714455540294,18.775472985833176,0.1416772072783401
3586,UNC1119935,5.631390266412382,0.18175740815162453,18.928038267782995,0.1799548820997772
3587,UNC1120547,5.922223294518062,0.19091540494025588,18.997920055018312,0.14871496976606993
3588,UNCHS001609,6.016739366763886,0.09753932392794178,19.002782275587833,0.1768475929618091
3589,UNCHS001610,6.022913910686384,0.08233372293410327,18.669876626327095,0.19212005622465483
3590,backupUNC010171549,6.067617660786709,0.1105268274186238,18.668445226019912,0.2234151281451096
3591,UNC1121510,6.096440513824746,0.10334456433108358,18.736060649400315,0.1752753661412967
3592,UNCHS001611,6.096825770316627,0.09392964970100187,18.73690099557325,0.16355429505849428
3593,UNCHS001612,6.0699451457896885,0.1066353675918009,18.717521076514004,0.11019951980433514
3594,UNCHS001613,5.525847943496501,0.20711599546171358,17.875287285618242,0.2101057720907264
3595,UNCHS001614,5.3168035596402206,0.16317007027262595,18.01274999113116,0.2591534272924366
3596,UNC1121801,5.263788020825814,0.25906762195013455,18.155834722376767,0.18959967479467943
3597,UNCHS001615,5.137075106833663,0.26551093949797616,18.289314071175568,0.110826569239735
3598,UNCHS001616,5.124402180103061,0.25527602445687664,18.29940576882018,0.18201186590835852
3599,UNC1122332,5.038720918413901,0.14249245476394504,18.360770081302007,0.16321209856756932
3600,UNCHS001617,4.873954624590624,0.2719148411214079,18.475860561465424,0.11519223833367255
3601,UNCHS001618,4.8569506760552486,0.4171289009843932,18.487835157670588,0.15653954111795465
3602,UNC1122857,4.853911477809788,0.28185883624473274,18.502926723313976,0.11303545052449514
3603,JAX00258672,4.854609653588113,0.24793406277457364,18.50564022709682,0.1355284655829988
3604,UNC1123512,4.854049324236712,0.367736662283343,18.50954305312075,0.14130089074127306
3605,JAX00258700,4.853225498430675,0.21139028998093018,18.51484848725022,0.07636679120102567
3606,UNC1124039,4.853116637307494,0.35388400229463657,18.515592369522665,0.150158465911163
3607,UNC1124747,4.897923609328473,0.26621625575838465,18.56043465788821,0.1931911918837029
3608,UNCHS001619,4.889449806227049,0.22798679066895558,18.73265140609874,0.1160638286860544
3609,UNCHS001620,4.888518215370823,0.18850695025226819,18.712860823757637,0.2696560502859494
3610,UNCHS001621,4.879584219907883,0.2949764525906982,18.652170198114845,0.14265122830048657
3611,UNC1126248,4.873639066569922,0.26788710939303767,18.68871420942878,0.22356943072492927
3612,UNC1127124,4.865148006531399,0.2834247508231842,18.797514161329673,0.18930079862296642
3613,UNC1127673,4.858316612172985,0.17411883617865806,18.855002184509885,0.12737186460048203
3614,JAX00258776,4.854346962979889,0.2026768117201107,18.8919224930778,0.17851617267426587
3615,UNC1128405,4.891580935929824,0.17044281414017995,18.860973037572194,0.17183402339263235
3616,UNC1129284,4.894379021283839,0.23357594703595178,18.763181797023435,0.14113823405188958
3617,JAX00258792,4.893598086732709,0.1331663489293414,18.772127561650905,0.19304274262618779
3618,UNCHS001626,4.892358991511173,0.2774862313688311,18.783403676341777,0.1547370541473966
3619,UNC1129670,4.891178580631504,0.27501827101649484,18.79355717491694,0.08770988596846706
3620,JAX00258810,4.865856695533694,0.22378885869452184,18.886619214808434,0.12338877163501809
3621,UNC1130561,4.863824358898,0.16753900327889232,18.89263800950698,0.12551336951146105
3622,JAX00258832,4.863244036107062,0.2721474698172911,18.96171225246553,0.1377364030834051
3623,UNC1131648,4.8629268190959465,0.22284043042489582,19.024244337854725,0.0815208564545653
3624,UNC1131906,4.859902112368218,0.2965663877126535,19.05215266921755,0.11946288724781635
3625,UNC1132952,4.84326924465131,0.2045362491669001,19.199288350976076,0.1335796958097955
3626,UNC1133587,4.83440445387123,0.3355751679302707,19.277167722663307,0.2005360016188555
3627,UNC1134532,4.851744898297966,0.12392940445624505,19.1307643095995,0.1287500352654106
3628,JAX00006553,4.734623634671607,0.18424724757141048,19.19895234347814,0.13425909533877964
3629,UNCHS001627,4.69932741550042,0.25446900987347976,19.181922799521317,0.1539716993342141
3630,UNCHS001628,4.419716295120452,0.22507195683784662,19.369545397801858,0.11051011976303332
3631,UNC1135014,4.414128031787186,0.4705671489717086,19.359761890266782,0.09332971649173386
3632,UNC1135540,4.616781927662942,0.2066098407641777,19.274449764250676,0.1041702779945725
3633,UNC1135862,4.620953450101524,0.3799295772142449,19.213158975519036,0.145348560232035
3634,UNCHS001629,4.257877100969836,0.28439715199421095,18.95319232822976,0.15397226376520207
3635,UNCHS001630,4.180638100102669,0.3311331073731937,18.29988667183784,0.3285683040188535
3636,UNC1136684,4.204376389054687,0.40849499460513117,18.386328577383892,0.13358186062334917
3637,UNC1137390,4.212809151739066,0.25740265947858126,18.26819629945453,0.2362171624881164
3638,JAX00258934,4.213934133494831,0.4555976827491131,18.24383426665213,0.17544555318959573
3639,UNC1137537,4.215775259528982,0.27570293566935633,18.20894231198008,0.11590357808570734
3640,UNCHS001631,4.225620354460034,0.21093423348563997,17.9876597486807,0.2542997365501505
3641,JAX00258967,4.225389348551289,0.35326451250912383,17.98816811102779,0.2667500042088933
3642,UNC1138338,4.002367815290427,0.47296651170663806,18.117539787969918,0.17019661534368039
3643,UNCHS001632,3.93993692278832,0.40939628253874294,18.165171656084112,0.1495739409839823
3644,UNC1138455,3.930082618309598,0.45849902162844314,18.171597477824207,0.19474667633803724
3645,UNC1138928,3.8838312432860675,0.5356467265258958,18.186445464292092,0.11134607802367492
3646,UNC1139583,3.8253778090670494,0.43374129249401155,18.339651676293443,0.11654469683647405
3647,JAX00259024,3.819252952260058,0.5842566372453135,18.31953537830941,0.1943780886061693
3648,UNC1140059,3.693220155222889,0.40103164222092164,18.340613490832993,0.20173513874802151
3649,UNC1140250,3.3971950590046163,0.6088742438725071,18.12950387076785,0.17991886327225826
3650,UNC1140398,3.1454064830211337,0.6877667577189689,17.850250462582153,0.14860479958850267
3651,JAX00259036,2.5429379011422952,0.8128136771804756,17.03226344956397,0.33738267573874925
3652,UNC1140623,2.541157169154303,0.6325328345671919,17.019318798893437,0.2466560602601778
3653,JAX00259040,2.5411146427204585,0.7433589432495481,17.01894474238793,0.328145665089217
3654,UNCHS001634,2.540967250200538,0.7789051722070549,17.017579305412482,0.491384754245583
3655,UNC1141094,2.539798222647505,0.6987708769398387,17.00045815601561,0.2747866359562156
3656,UNCHS001635,2.516165962415016,0.7722401171094827,16.955612570643098,0.40450809616633937
3657,UNCHS001636,2.512633942561024,0.8298132558013304,16.94656943217842,0.2959667228464894
3658,UNC1141823,2.5078798742663366,0.8614246821597167,16.93432051982859,0.3211569477268624
3659,UNC1142250,2.505518131699546,0.6641037285411617,16.886630759060836,0.297826774138152
3660,UNCHS001638,3.6593638389099397,0.5481757591781359,16.694439302498722,0.30756673866702416
3661,JAX00006594,3.8117058847351473,0.4701996339692696,16.725195143840892,0.1739728959361723
3662,JAX00259095,3.907311045961251,0.2710528735434173,16.900333814694477,0.2920985433465412
3663,UNC1142830,3.911112088512027,0.5674147962284231,16.90962604495303,0.2420340715550693
3664,UNC1142960,4.011326400254347,0.35011721722443284,17.112130027631565,0.2080463003405172
3665,UNC1143014,4.067510451357521,0.4581264926001719,17.257220999764286,0.20489736898601016
3666,UNC1143337,4.097651620423221,0.33404988145298253,17.254238342161443,0.20889794622947136
3667,JAX00259111,4.096261928787271,0.30262242853802424,17.230144570591392,0.18913480344051478
3668,UNCHS001639,4.104666887599706,0.22489687128834918,17.17726271201809,0.2624915839107884
3669,UNCHS001640,4.254776777594316,0.4939676093032375,16.552769856402165,0.21836402361190857
3670,UNCHS001641,4.256461557972671,0.29486825029038777,16.542811177426756,0.41963693896996734
3671,UNC1143875,4.25714829758499,0.3096401510799277,16.538778680155474,0.3786071684989341
3672,UNCHS001642,4.257361581787109,0.20714593903341166,16.536937906532103,0.29743073054535635
3673,UNC1143929,4.257667182557043,0.4357298460389648,16.53430771269973,0.21783797986227327
3674,JAX00006606,4.259800484765492,0.22267931302406774,16.51451270470352,0.43774807433822327
3675,UNC1144300,4.260033566395805,0.3530833286174424,16.51230432672719,0.2678703827108587
3676,UNC1144547,4.2615538627153455,0.3274558586755683,16.49769383320222,0.25422118035894853
3677,UNC1144983,4.264733793392679,0.4085032318459591,16.46940141221603,0.32461783332144567
3678,UNC1145304,4.266267344401513,0.40588676385127653,16.458046077760173,0.3371201038006356
3679,UNC1145491,4.207588328360771,0.3311321128072323,16.351459748386333,0.38409880587200085
3680,UNCHS001643,4.203600909033639,0.3401954824637678,16.34481836030909,0.3020459635107781
3681,UNCHS001644,4.189475641800982,0.44091813675084507,16.32556606129606,0.44249416697908195
3682,UNC1146111,4.153330833437167,0.4331202933119804,16.350400829550154,0.36509271321915315
3683,UNCHS001645,4.133505693182997,0.31849386871701535,16.34687883831134,0.3751246045218111
3684,UNCHS001646,4.148760263500435,0.3425081741282963,16.715392674763507,0.23611272068777334
3685,JAX00259159,4.154198179420746,0.5442419332066941,17.049450457616786,0.42840717606550865
3686,UNC1146429,4.1398210292622935,0.3431881416613639,17.41101743548893,0.1671861189308252
3687,UNC1146678,4.02072918909812,0.3654293363607728,17.23506254024369,0.20506996124008728
3688,UNC1146990,3.9833746638919365,0.3368230859622966,17.28297431941769,0.2331865940982112
3689,UNC1147271,3.986638582896603,0.40803956082893095,17.28167028395751,0.3889033913135193
3690,UNC1147514,3.9908562173725386,0.41496583492970035,17.27121291809499,0.15857353336160795
3691,UNC1147792,3.999103052416558,0.3387809357687396,17.275356313645034,0.22622847303367252
3692,UNCHS001647,3.997572025220734,0.4036684681409544,17.29589282249026,0.37860912738569813
3693,UNCHS001648,3.9952211161457853,0.4683750018782558,17.314057257604418,0.24449880581084554
3694,UNC1148111,3.9878696014034176,0.2978291810359016,17.38104453829419,0.29776788390511033
3695,UNC1148634,3.9819649976939218,0.37002437716663766,17.63810470900262,0.18710304229033717
3696,UNCHS001651,3.9802438850615545,0.3807948701426336,17.724524497608854,0.15580157037287115
3697,UNCHS001652,3.978653042076985,0.445009387062335,17.81941459155314,0.1551393062198641
3698,JAX00259197,3.9842725399767005,0.4247159987467705,17.820388641398495,0.10426175251789671
3699,UNC1148989,3.9924470615708287,0.30347237245294795,17.82185297914748,0.20829527635747108
3700,UNC1149258,4.014414331686112,0.3936181660335288,17.824624924165846,0.2428848477774335
3701,JAX00259211,4.016960296527714,0.5345531567834946,17.824991860157752,0.2075869138241323
3702,UNC1149479,4.044028494080521,0.39261428989228925,17.83393100401031,0.18704799538635306
3703,UNC1149616,4.0628776332375764,0.29620639896765344,17.84102238658602,0.1899609519634235
3704,UNC1149779,4.079824197373227,0.38871195778802015,17.847331675283613,0.15980151199746223
3705,UNC1149942,4.095071584333482,0.44045626526190385,17.853506900155935,0.17470766993891512
3706,UNC1150180,4.1223117249364805,0.30112132938434044,17.865561475137838,0.17220149562366208
3707,UNC1150282,4.14433930310247,0.2750267547998833,17.876423837476068,0.13716390227699707
3708,UNCHS001653,4.153699637912268,0.48585280557451777,17.88109570136976,0.2083464011736765
3709,UNCHS001654,4.164478391511466,0.31418871360184064,17.88734158022976,0.18115425071357794
3710,UNC1150428,4.172596112283827,0.3467186211443418,17.892025826079134,0.21608755402964566
3711,JAX00259245,4.1843448086269746,0.2823702376390427,17.899015472560677,0.24582326848928587
3712,UNC1150504,4.1847203562110735,0.2843067471313339,17.90042270162462,0.14166043506829737
3713,UNCHS001657,4.185660232710006,0.3964968262348775,17.90380931005666,0.230586265026248
3714,UNCHS001656,4.186904280123144,0.437608911456388,17.90745268018395,0.20686890841778618
3715,UNC1150581,4.189750427939543,0.32517540946456336,17.91566117269531,0.20468642484608207
3716,UNC1150796,4.204804377414803,0.2969206930425905,17.955827428123484,0.12830588581560357
3717,UNCHS001659,4.206977294765693,0.47063933740467506,17.961118392719072,0.2448225387728926
3718,UNCHS001660,4.208502063716196,0.4659930293811728,17.958368779633474,0.17174670677801446
3719,UNC1150878,4.211943680148352,0.44380193917359395,17.951896591025616,0.15291862092067032
3720,UNC1151040,4.204321386233005,0.23795586101592886,17.875341113393006,0.1648395730641518
3721,UNC1151318,4.201297567687561,0.3398718702268835,17.710039741115907,0.12486448719958668
3722,UNC1151681,4.211170694951534,0.5035588673446848,17.55234974508312,0.37853341363464876
3723,UNC1151911,4.25446593694096,0.35662625076186394,17.51240159109534,0.20785229721451298
3724,JAX00006657,4.260451742256464,0.33424551260124635,17.473779707033373,0.17609708844067218
3725,UNCHS001661,4.2676057160661,0.4491787108232316,17.423027943623538,0.18087070281223203
3726,UNCHS001662,4.237463063093628,0.667129479312721,17.456897541321723,0.1882487148201178
3727,UNCHS001663,4.082129072615771,0.44759895919688875,17.561067091758105,0.13863825284157266
3728,UNC1152295,4.125827456100751,0.4183727617789546,17.711334806363766,0.255702245455225
3729,UNCHS001664,4.137977397379245,0.5760282726661601,17.724889325893173,0.2338111752839337
3730,UNC1152451,4.19634779132025,0.3519037222676145,17.740548789139893,0.1513354636774795
3731,UNCHS001665,4.266644860301312,0.19650332076850657,17.737245808100624,0.15549713649678992
3732,UNCHS001666,4.279065206779251,0.3713369625721967,17.734594931456968,0.17739011917239977
3733,UNC1152656,4.279775935350472,0.2720703525576644,17.73450117924881,0.2878017453011067
3734,JAX00259306,4.412899719919096,0.2886167073219017,17.70863978691341,0.2653199291999437
3735,UNCHS001667,4.662989513420371,0.26462547804255226,18.249986726935276,0.2031558293067563
3736,UNCHS001668,4.793320149565034,0.1891866428936929,18.552800196004682,0.14931407877946437
3737,UNC1153132,4.847263115640089,0.2185045003103202,18.48817466187711,0.16963691026197733
3738,UNC1153431,5.024466636498573,0.18199353002566607,18.278111634055676,0.1606262789382013
3739,UNC1153742,5.0587366249687875,0.12128304398212636,18.435064369743486,0.09197634776280261
3740,UNC1154287,4.959337841397428,0.15305678551977228,18.360618683453367,0.16524730109896885
3741,JAX00192496,4.953678767776182,0.17448160298976081,18.352958721506866,0.2090682955883968
3742,UNCHS001669,4.944683146006582,0.19067819407204506,18.339311460975523,0.1516191072621407
3743,UNCHS001670,4.937534059144127,0.3151609203398116,18.32780229828245,0.20907758158094428
3744,UNC1154516,4.937571604486948,0.16235162087318653,18.338041449481807,0.10767382214881825
3745,UNCHS001671,4.9375852138689424,0.27999333968237505,18.340110706031055,0.17256653647498146
3746,UNCHS001672,4.9376332498513875,0.28352152383647033,18.346591764257482,0.1974283500808657
3747,JAX00259361,4.937716573991338,0.1479858659354001,18.358428040748322,0.12447066301489039
3748,UNC1154786,4.9377477921086665,0.27715146800562046,18.36260188985102,0.19021318891625902
3749,UNC1154868,4.9378861016546125,0.32837108327354925,18.375783183336125,0.13342249838807485
3750,UNCHS001673,4.938125717031198,0.1633388189546198,18.404968645082135,0.1115899302236333
3751,UNC1155507,4.938186332256464,0.215828246016034,18.41007710617214,0.13599689444092725
3752,UNC1155880,4.938467951562188,0.2596714580971897,18.433922898506125,0.09029063989612139
3753,UNCHS001676,4.93849170171211,0.34292081416511117,18.435748661105208,0.12544654448658157
3754,UNC1156132,4.938677773880272,0.19795693396397707,18.448901940513906,0.13769705183758543
3755,UNC1156327,4.9391863967175595,0.3506006158371853,18.476132590308453,0.14631825757433134
3756,UNC1156608,4.935664847199405,0.25634369458138156,18.435900459453023,0.1343606483116883
3757,JAX00259395,4.933565799945654,0.2385909660117813,18.41173873514117,0.15928645860574342
3758,UNC1156865,4.932765254807691,0.2518741252693277,18.401845771725448,0.23007121400492567
3759,UNCHS001677,4.930810739200297,0.2692061323959294,18.377617063513753,0.15600508707030866
3760,UNCHS001678,4.930225694351748,0.20312258809795225,18.369953629669908,0.21638320035149403
3761,UNCHS001679,4.929313478244012,0.1735591900058169,18.365825686130165,0.11977261706501588
3762,JAX00259402,4.9242163588223775,0.13698283424865274,18.3420131055841,0.1468805643595095
3763,UNC1157720,4.902686558355526,0.1575994170367935,18.22326134608329,0.09123375591235419
3764,UNC1157853,4.905970196470889,0.3799966388463992,18.172969948143646,0.13087197379335927
3765,JAX00006689,4.90969483237518,0.22147272939987997,18.197262397668737,0.15472547570606723
3766,UNC1158367,4.91115129349987,0.2547224523569529,18.213381179697535,0.09663204134365463
3767,JAX00006691,4.911154081481527,0.2066376854434042,18.213520812050774,0.16774518695814325
3768,UNC1158721,4.895212264368865,0.18397150040557103,18.322159049260108,0.08369536722656876
3769,UNC1158935,4.892435743787246,0.25775576908565295,18.343043056255283,0.19809178876882377
3770,UNC1159098,4.890453403615993,0.16986996889427877,18.36151917922689,0.19538545463850865
3771,JAX00259429,4.892727373057369,0.21267039026620144,18.376225415021963,0.18560265411016033
3772,JAX00006696,4.89267679926229,0.2984195804812599,18.37664966019861,0.18720125766586557
3773,UNC1159686,5.035846752784892,0.21188129958410362,18.243136344807226,0.12757045721946128
3774,UNC1159933,5.033007529049428,0.15678723080190762,18.267345460232946,0.19325819111760228
3775,UNCHS001682,5.032697059187512,0.18548688431985677,18.27105360495875,0.2793155936205859
3776,JAX00259445,5.147500110598912,0.19092889045756767,18.14518706109061,0.32434300394149146
3777,UNCHS001683,5.577571537066433,0.14736106336953203,17.716492726283832,0.14718840750808876
3778,UNC1160127,5.670308639991617,0.1038387050212467,17.2612740944528,0.20794674141129582
3779,UNCHS001685,5.784817230670797,0.09883371882297741,16.982453917377143,0.28484907854092817
3780,UNCHS001684,5.802877715987734,0.13713635431680926,16.966082825394096,0.12235692817952276
3781,UNCHS001686,5.820690091983124,0.24592572286092101,16.959394145384067,0.3868070478679723
3782,UNC1160366,5.2753175371599355,0.200305311659879,16.375088369574996,0.3736607680978873
3783,UNC1160505,5.258379140193938,0.15944917813532264,16.379080178611275,0.5426072597801515
3784,UNC1160901,5.1176893463157285,0.2522186912999341,16.309277178953153,0.32910771482038553
3785,UNCHS001687,5.0895444939583285,0.2688541754783877,16.30575619465617,0.4183968615426641
3786,UNCHS001688,5.091902840717921,0.2866219803777197,16.312553794120504,0.27373792093474947
3787,UNCHS001689,5.100277772754453,0.26154741377785046,16.334141190574655,0.27906184763817155
3788,UNCHS001690,5.209631817288255,0.20159614232015344,16.34796154362334,0.22651293705480058
3789,UNC1161241,5.228824605120508,0.16019699022892708,16.30620413940005,0.17678647320664861
3790,UNC1161441,5.512836009399052,0.15072465402733923,15.840417841083308,0.37998844061201204
3791,UNC1161628,5.536091751684353,0.22267327331303527,16.003899601026205,0.25540375571805723
3792,JAX00259473,5.450313482002684,0.13588558534715398,16.101353373266647,0.21680522399350682
3793,UNC1161906,5.439855184097269,0.15479739794034764,16.11356455770897,0.18338642438872144
3794,UNC1162081,5.380077049556121,0.14019842157498424,16.18501133552013,0.22166142787349416
3795,JAX00259477,5.379969521971816,0.1578806277894855,16.18653658958351,0.31419702092304297
3796,UNC1162399,5.377541026150084,0.16917795194807578,16.215517578957133,0.28635045661657504
3797,UNC1162577,5.376432043044815,0.18807236222469845,16.229518950451165,0.15482661729105704
3798,JAX00259498,5.37461155750907,0.19499419785473984,16.25273367734576,0.2545351575266854
3799,UNC1162828,5.370136529642423,0.17472385574591856,16.257973400590345,0.3539209703789306
3800,UNCHS001691,5.355090666503202,0.18569177054154662,16.27592142180265,0.4264269185096916
3801,UNCHS001692,5.355029349702136,0.1555578674620183,16.292486591709576,0.3836083163593237
3802,UNC1163094,5.355044865118998,0.2548390614873703,16.333641274198726,0.28252679427466915
3803,c1.loc93,5.355810625007734,0.19470546780622974,16.419662893356644,0.3168622681363029
3804,UNC1163443,5.357018362338749,0.20062395489052393,16.485391728388095,0.3441154768134341
3805,UNCHS001693,5.3588416319282715,0.17457635212295405,16.551697730697242,0.24702414302764075
3806,UNCHS001694,5.359765823894577,0.1653868392120602,16.578323620027277,0.29085069687804993
3807,UNC1163805,5.361566278870214,0.1818204367395933,16.62142924140676,0.2859170183591488
3808,JAX00259531,5.452843069816481,0.1218739623167581,16.723809198758318,0.34117407650601783
3809,UNC1164298,5.454437975044129,0.18029938735873044,16.744501186438356,0.25846754752932427
3810,UNCHS001695,5.461280909761172,0.16580723222961266,16.820234543616834,0.3101495932418859
3811,UNCHS001696,5.553235648068949,0.14440570860894336,18.10358103719659,0.181642551100591
3812,JAX00259541,5.554887081084416,0.10973502959790475,18.122399631304916,0.11768310287541114
3813,UNCHS001697,5.5572500584007685,0.1766624492040737,18.146464733563334,0.12109025116283946
3814,UNCHS001699,5.557505879389055,0.10088814485290504,18.148941734847767,0.21962107046523408
3815,UNCHS001698,5.568034878605886,0.20068548545378845,18.15725832340513,0.19889619549529278
3816,UNCHS001700,5.486135295211852,0.16561453007892676,17.895671507765428,0.12258635161560524
3817,UNCHS001702,5.5752441917884425,0.14112626849630483,17.95799629546741,0.15460118122248462
3818,UNC1165119,5.697236193834215,0.18995610514055392,18.041468019091326,0.15418702404244264
3819,UNCHS001706,5.790979545672599,0.15824555523083503,18.01358909239093,0.27032702648321694
3820,UNC1165457,5.811061359794621,0.09057181439289731,18.004522602168436,0.39779354346670565
3821,JAX00006736,5.817027565436774,0.1261448154072677,18.003223738101724,0.2555893994698913
3822,JAX00192523,5.142034588468505,0.14300462428650337,17.943778720062937,0.20113484347689436
3823,UNCHS001707,5.084619858250107,0.3768558162688025,17.946325684741396,0.2014961364974452
3824,UNCHS001708,5.032301092613352,0.24284518200860414,17.871631422736527,0.20413265144157947
3825,UNCHS001709,4.692448188864546,0.31853237941395557,16.585616135861983,0.30356339221437856
3826,UNCHS001710,4.697356132331834,0.39885253908288004,16.579668145326423,0.1917563231440694
3827,UNC1166518,4.744266299564288,0.22967916176487768,16.547026283507194,0.3173341544469191
3828,UNCHS001711,4.747748883222357,0.34142143243127515,16.54477163626052,0.3136905865953577
3829,UNCHS001712,4.747517785904165,0.28029525406768674,16.5450881312388,0.29179145219642183
3830,UNCHS001713,4.784730360054937,0.1990576446693403,16.41280727490698,0.15802342623201068
3831,UNCHS001714,4.784841451656803,0.37934956591891833,16.41420436746762,0.344008339251201
3832,UNCHS001715,4.784922684858429,0.1847825437392254,16.415265921869832,0.1702838649609186
3833,UNCHS001716,4.784649897339477,0.35358506076054846,16.41588605842412,0.39069392676749753
3834,JAX00259601,4.78403895522797,0.17376122742811118,16.41763144829065,0.41280148655316434
3835,UNC1167817,4.7812104770059705,0.2278533717544967,16.42264039003294,0.3467593461924127
3836,UNCHS001717,4.7790761916774045,0.24361015035923478,16.425138224495868,0.32357874250173524
3837,UNCHS001719,4.778849738507915,0.27819425931288605,16.42542092404983,0.27970331086539413
3838,UNCHS001718,4.778806733664169,0.3826601582723315,16.425515888969812,0.4231727536772104
3839,UNCHS001720,4.778493910299403,0.19667666014114388,16.42620444298086,0.44769027944322975
3840,UNCHS001721,4.774459736479685,0.2721224842808181,16.432614651747144,0.3958672170017602
3841,UNC1168381,4.774302343132604,0.24906679023421355,16.432628730425677,0.30303659457372706
3842,UNCHS001722,4.729161018165087,0.2758453724851701,16.398647043185974,0.34841600183086036
3843,UNCHS001723,4.626147022898749,0.2873957098143277,17.041888514138464,0.2189608110782442
3844,UNCHS001724,3.564025723217128,0.6443047595099478,17.321661946788936,0.28147951496577334
3845,UNCHS001725,3.6854928890529663,0.4121292189059803,17.304109355345645,0.2309610284016757
3846,JAX00006764,3.6041180063307365,0.4651026359878536,17.485449755653008,0.4048716262470957
3847,JAX00259630,3.56250773353986,0.5828419022652866,17.84381080833441,0.14296041371310164
3848,UNC1169384,3.5059658813029273,0.3754306800282131,17.83553545312043,0.13707289723832405
3849,UNCHS001727,3.5031647157452426,0.7172924907621687,17.835162778360882,0.22316522398654381
3850,UNCHS001728,3.502997019403665,0.657573267368675,17.83510775144532,0.19777183588688593
3851,UNCHS001729,3.5029146466515613,0.5228127534659064,17.835081933345464,0.1903799789135911
3852,JAX00006769,3.502766817938891,0.43861123063186613,17.835059542995623,0.1105278679216853
3853,JAX00259647,3.4820073096129818,0.5281369463310841,17.810153368894134,0.23575651315780125
3854,UNC1169961,3.4765845438821543,0.37589411749999785,17.802751294219433,0.20011616670526963
3855,UNC1170198,3.3557350216974555,0.6398154377380258,17.96236918329714,0.1714318845083805
3856,JAX00259667,3.311621620119695,0.5386865927498706,18.01240500297081,0.14933576242126678
3857,UNCHS001731,3.2889652722928986,0.7135128835557574,18.042201429149827,0.12915652416782553
3858,UNCHS001732,3.274371254903599,0.5618478780458687,18.05600907337157,0.11839865269761987
3859,UNC1170557,3.2670212281225304,0.590431684332314,18.051614997891193,0.2701654694360176
3860,JAX00259678,3.2697275036302926,0.5018178043452927,18.039433480419575,0.2129630774554198
3861,UNC1171906,3.2751991841005292,0.5279518388034521,18.010038144164128,0.15396491910028748
3862,UNCHS001733,3.2725248681199446,0.6105341265552016,18.010161895341298,0.21137747431692847
3863,UNCHS001734,3.2722713248526816,0.58872953060603,18.009228823350213,0.2104899028467199
3864,JAX00259701,3.26313671822345,0.4008850920403726,18.014156561130903,0.17667292738698573
3865,JAX00259704,3.261569107522064,0.5813799073079139,18.017214084078432,0.13866569478384463
3866,UNC1173017,3.2767177491600705,0.5865126329860573,18.00216045977413,0.2314521876205701
3867,UNCHS001735,3.2848762006619836,0.6140276120156574,17.994123415929153,0.18809122797081593
3868,UNCHS001736,3.286943782894923,0.482896060950424,17.996472598721084,0.26173608863479914
3869,JAX00259721,2.9644771622140524,0.4535232432703231,17.766487856437152,0.1490786256749928
3870,UNCHS001739,2.318817549448113,0.7389772279927617,17.76786310265902,0.3084951562800899
3871,UNCHS001740,2.2162509887048145,0.7099264341921683,17.702104315063025,0.26435571764182425
3872,UNC1175863,2.2151914642599877,0.8481017321292115,17.712146723426258,0.2787097460714007
3873,JAX00259737,2.231222516587877,0.780100681255828,17.704795438476367,0.21753557807113613
3874,UNCHS001741,2.2914244377234354,0.6797992424301031,17.583005589163122,0.14791759746503613
3875,UNCHS001742,2.293251103551256,0.8160036447831857,17.576383354597283,0.1922262697253038
3876,JAX00259765,2.2835099662020184,0.8209954782551504,17.55478098272897,0.37037206894342034
3877,JAX00259766,2.2833354757772213,0.893583096183895,17.55425952483506,0.2425928463469123
3878,JAX00259769,2.277475766142288,0.7093508601675107,17.553460643922335,0.32444300025148476
3879,JAX00259770,2.2774731958995744,0.7856483814583721,17.553459371095187,0.2028186314808957
3880,UNC1180676,2.2764207684640496,0.6664732689584607,17.540772520726478,0.1678281640321701
3881,JAX00259813,2.278595735569752,0.7845266139951343,17.53156943984959,0.24523865164713274
3882,UNCHS001743,2.27924730479117,0.664381921222032,17.529704149488907,0.24381305389603253
3883,UNCHS001744,2.4229926380016877,0.8936719995737002,17.177796612716065,0.17681854751259368
3884,UNC1181805,2.4266226168499543,0.6046007449526953,17.176478386455983,0.24407099031256713
3885,UNCHS001745,2.4304676593878867,0.5644290942477345,17.17466327378861,0.13689979067446603
3886,UNCHS001746,2.431500430971937,0.6241859271056037,17.173954340054934,0.2396905114420327
3887,c1.loc95,2.4374244859725422,0.6035627651276253,17.170039197209917,0.2533857177219158
3888,JAX00259823,2.447909702128527,0.6522436836438478,17.16308836293274,0.24497769360894375
3889,UNC1182800,2.4488634879403435,0.8030513883922124,17.16240914721493,0.3428657683063747
3890,UNC1183808,2.46364349621399,0.7390767874041826,17.154602523927906,0.21123213845423927
3891,JAX00006888,2.4479787326149562,0.6852397561882683,17.675154590223883,0.1927551452441737
3892,UNC1185656,2.442832331709951,0.8900411038460448,17.725676572004204,0.15636757600541337
3893,JAX00259869,2.9684345780726744,0.4914607318611734,17.572840216243776,0.23825465784156
3894,UNCHS001749,2.985206530647474,0.4744352348215615,17.630304596841825,0.11129358517374212
3895,UNCHS001750,2.9887753919160787,0.6889916079426629,17.644532432176675,0.21494762562462438
3896,UNC1188191,3.002831826491729,0.5423100972129011,17.621909604862594,0.14566401281633265
3897,JAX00259877,3.008888256911405,0.8287105254560211,17.61186446658826,0.2800306390247674
3898,JAX00259892,3.0562081313303224,0.5402114639734308,17.533957977912223,0.20496907826000704
3899,ICR081,3.1419078995168093,0.4720681435376328,17.392568254894513,0.1553243302066195
3900,ICR4081,3.1424135091956487,0.4517142036424317,17.39173900670653,0.2941852772438114
3901,UNC1190071,3.1436337834900314,0.5525716913209027,17.38973785002713,0.2391739990313954
3902,UNC1191193,3.195988500364365,0.477293494143016,17.304438386731363,0.16806372664813585
3903,ICR082,3.1952844147940596,0.5130561363393938,17.296835571901283,0.22819546893168294
3904,UNC1193205,3.186107341204206,0.41769976817326454,17.325517565182054,0.22015141383512635
3905,JAX00259950,3.1846264003916076,0.526374458829285,17.300798527907318,0.2389629203510818
3906,JAX00259974,3.1809767895776986,0.5726366013549521,17.2188245160944,0.24486494556008473
3907,UNC1195349,3.18043557842293,0.4817355487482176,17.206038122648124,0.296994420144584
3908,ICR4086,3.1365848416878634,0.630917684168772,16.989876525823775,0.30507782460396576
3909,UNC1196286,3.1422742822437613,0.790510775263421,16.960728387830386,0.21762162101361415
3910,JAX00259995,3.180393927752675,0.6076162112525016,16.906820545949586,0.2614190852237906
3911,UNC1197721,3.2626438471781967,0.5336646208319805,17.026786606526912,0.2225617695564249
3912,ICR088,3.3213897700745747,0.4652078333560815,17.59270455891442,0.22632885864924293
3913,ICR4088,3.322130746962557,0.5771931966666419,17.595351231703035,0.2535125466545326
3914,UNC1198728,3.3891749267820614,0.3985520145143368,17.738278994244183,0.18208520057779068
3915,ICR089,3.715483213039306,0.3620302897560681,18.189646865138457,0.14011475704452767
3916,ICR4089,3.715551035415274,0.4164739612446375,18.189800289008645,0.16518984462559572
3917,JAX00260030,3.4291677799453737,0.5194231243645603,18.44194439904436,0.1808696278616483
3918,UNC1200568,3.2951867030503763,0.6046728475669944,18.28430950355755,0.23396772174309755
3919,UNC1202205,3.2876622753085485,0.4814355191693317,18.238871038066463,0.14399417221708466
3920,JAX00260061,3.2841938596270666,0.46590630729117005,18.225445782318047,0.11072600162033991
3921,JAX00260069,3.2703732108370787,0.6339557137476054,18.183973110484658,0.17279714780119934
3922,UNC1203850,3.2695250126892006,0.42464044385466904,18.175438351457615,0.11898454074727745
3923,UNC1205106,3.226510580592276,0.46434360274731373,18.12788340701036,0.13675057009187097
3924,UNCHS001759,3.129632134274061,0.47515060745268684,17.859251560082612,0.1875831036442762
3925,UNCHS001760,3.128718180483247,0.6279312308220545,17.850075771998263,0.24053094507137796
3926,UNCHS001761,3.2137283359425055,0.6179602771011047,17.906000196214563,0.17946340130435376
3927,UNCHS001762,3.210038375288832,0.7178141573160441,17.912782913618685,0.23910917473761842
3928,JAX00260131,4.006254269064584,0.3076335802537876,17.05010427374964,0.30115941403297664
3929,UNC1207160,3.9678640828985863,0.486356904101667,17.15061658629952,0.3528571195907414
3930,JAX00260136,3.9322487910271775,0.30319260264903636,17.258915466212784,0.277189570990899
3931,UNCHS001764,3.820051010463885,0.49202063130118734,17.585051503277555,0.1811966432822308
3932,JAX00007016,3.731361221667612,0.5181168799396763,17.871548816135373,0.11679379996270274
3933,UNC1208057,3.633237435693445,0.38075592802556746,18.22563409215968,0.14400057708408776
3934,JAX00260155,3.586163940412007,0.4834507783251781,18.165029105236044,0.19109210759274928
3935,UNCHS001765,3.58431333774206,0.4833338534919533,18.13043336939222,0.2380224003266717
3936,UNCHS001766,3.584227114589339,0.49585491951846056,18.12831890480129,0.26340105553485765
3937,JAX00260168,3.5832794255798035,0.3876946514859502,18.087777324254148,0.21493827770723725
3938,UNC1209107,3.5826364305696643,0.663073975972631,18.04423500676171,0.261158973600197
3939,UNCHS001767,3.582621934443978,0.3941246396460279,18.042823302854913,0.15559071738259267
3940,UNCHS001768,3.582604452478563,0.43865100955555864,18.040605710924638,0.1253008042394232
3941,UNC1209719,3.5823950461340246,0.6782968883655391,17.977424340692323,0.1962752713917113
3942,JAX00260186,3.582407115780825,0.5057975860538848,17.968149423146087,0.17005939735299838
3943,UNCHS001769,3.5825740055129245,0.5159948973163162,17.94489513360304,0.2910346601634489
3944,JAX00007052,3.582561964753495,0.34192092448738026,17.94461053618147,0.13973746328072414
3945,UNCHS001770,3.5987320465987978,0.5447511290106577,17.979107625066263,0.21869539228353926
3946,JAX00007053,3.635729620406437,0.5253395663103919,18.05923737413673,0.21007733616473986
3947,UNC1210515,3.7662767863780573,0.41792234995592453,18.35753091694778,0.09624676063916977
3948,JAX00260198,3.7689010534568297,0.41580776673012,18.363826246691133,0.11424367913223935
3949,UNCHS001771,4.101950986002066,0.26499968906467647,19.35776653753146,0.1241023344514332
3950,UNC1212077,4.132215419610475,0.2500361340787677,19.668017824757726,0.06583637955262023
3951,UNCHS001773,4.133391370208301,0.19626311211722114,19.64926776356606,0.10200838522093704
3952,UNCHS001774,4.0702932612603036,0.44993386546045117,19.761745658593554,0.09721702736435014
3953,JAX00260262,4.187857910872253,0.3184920368271838,19.680345812068936,0.10053526220803004
3954,UNC1214415,4.161055646184195,0.3859669413908776,19.630379118893416,0.09070483930693218
3955,JAX00260284,4.15861446279996,0.28311998330847254,19.626356778271884,0.1161826391039347
3956,UNCHS001775,4.148611069107574,0.32694967845793554,19.589191649779423,0.1429222357658234
3957,JAX00260308,4.139544856488783,0.30156755295036985,19.544628444588625,0.061739330254479766
3958,UNCHS001777,4.138180292646439,0.33512984314427735,19.53868475858212,0.15093448600803022
3959,UNCHS001778,4.1376410220293565,0.470292080019007,19.53639821569277,0.21140629135790295
3960,UNC1216824,4.127169128253854,0.4465782401821206,19.479183223613063,0.08049676123407801
3961,JAX00260338,4.111103806396386,0.43457968223889687,19.398730187810315,0.14990259285300736
3962,UNC1219303,4.111237734101451,0.29467398795419497,19.196260889684254,0.10346066878346201
3963,JAX00260381,4.20450701468144,0.2092765219194617,18.912152614506567,0.13003405264335058
3964,UNC1220337,4.214652251333973,0.32265710537709785,18.895875745698504,0.13675793533940384
3965,UNC1221473,4.347863457574931,0.19405987614819736,18.59177640627877,0.1923864220376727
3966,UNCHS001781,4.445468704673885,0.18261030009184778,18.43350993726699,0.2974870536999511
3967,UNCHS001782,4.888640168978554,0.16259314540475098,18.26794477747285,0.24231694964726289
3968,UNC1223594,5.240334608189414,0.09363464397801177,18.30564695832254,0.13175359016147584
3969,UNCHS001783,5.382873204736825,0.12020483145185572,18.033230470365424,0.13936948343984118
3970,ICR092,5.410377336055262,0.14217621012276838,17.98471256134917,0.24997619578750896
3971,UNC1225138,5.416112564228342,0.16373771594583517,17.96316093504697,0.3134928038577487
3972,JAX00007148,5.475678800927881,0.1777942418390054,17.856571622722868,0.2671833942983075
3973,JAX00007151,5.7952326680429,0.1748224021706051,17.31238644833047,0.23686036436315078
3974,UNC1226320,5.834680264466215,0.11059128753489879,17.248356162156597,0.28349593222961506
3975,ICR093,5.845504768836918,0.1207938018922111,17.234237626911636,0.17379552724494346
3976,JAX00260466,5.905778241187818,0.2712608969146407,17.152610724268015,0.32864060774601034
3977,UNCHS001786,5.955041548114423,0.12800925346175582,17.090547676696133,0.16971468787689534
3978,ICR094,5.981213495658039,0.10346795943855272,17.061121096002125,0.23961628364588458
3979,ICR4094,5.997869734126198,0.10433938932097743,17.1392358017913,0.21738799843673487
3980,UNC1229093,6.014631165595574,0.08893563655437135,17.12064068466111,0.1947001682964882
3981,UNCHS001787,6.156225673953031,0.14711678478725035,16.977658495633023,0.32834259371439145
3982,UNC1231854,6.194021549523768,0.0750586914434132,16.852039254608826,0.23456538463998464
3983,JAX00192635,6.206028498909291,0.1631300773309173,16.811128847632062,0.18092134446080937
3984,ICR2008,6.2646963999116,0.14784035974563373,16.73983512716518,0.25162618473605886
3985,UNCHS001789,6.350573695655839,0.09867554430555656,16.686876512523668,0.25896962906740467
3986,UNC1233632,6.5248462637157445,0.09231977532790826,16.574873898140368,0.35471319548259556
3987,ICR097,6.475600732108205,0.08995927773089361,16.56610806266849,0.20704545928508833
3988,ICR4097,6.475472318149514,0.08178685647185421,16.566084835278843,0.32279814696130943
3989,UNCHS001791,6.474862096586094,0.2075570044832021,16.566281013194157,0.17465132457425328
3990,UNCHS001794,6.442362169826538,0.13008285372371453,16.427007802772778,0.41740975023560883
3991,UNC1235098,5.915646284838431,0.17798447690666805,16.06622143731579,0.2798124469885958
3992,JAX00260532,6.111342472813931,0.13209149906598475,15.966619829528327,0.40585453770025187
3993,ICR099,6.1681353087151365,0.17592121985117964,15.887561232669896,0.32366802306815545
3994,UNC1238531,6.210033654501785,0.12373598737553465,15.991670200289718,0.28274950991931574
3995,UNCHS001796,6.218657606357738,0.11186701718232284,15.98743892151515,0.22482973314768884
3996,UNCHS001797,6.29276997665238,0.20109545008532528,15.943488037060433,0.21323832682639127
3997,JAX00260563,6.295064249302413,0.1481411652848678,15.786044325047214,0.4554157941484194
3998,UNCHS001800,6.296377342839833,0.09594375681205175,15.723552513986988,0.3624906463552558
3999,UNCHS001801,6.377363230867331,0.11920966251854859,15.641828935695457,0.37892674934154547
4000,UNCHS001802,6.429959997021342,0.12157094099750089,15.578115616146079,0.4054876484928226
4001,UNC1242870,6.560912347240674,0.07859776542741329,15.484426247035799,0.3630487128846086
4002,UNC1244209,6.70593196703976,0.09517203086472545,15.442903406855521,0.4004618840651898
4003,UNCHS001804,7.041495496246398,0.04759398279240994,15.324557550851296,0.20561154945949975
4004,UNCHS001805,7.087386285654702,0.07134462458588224,15.316378684493202,0.3567890672784351
4005,UNC1246210,7.1037197252278474,0.060743522083375835,15.312838322915923,0.4293382942595956
4006,UNCHS001807,7.072437941013959,0.07080599492354699,15.2721493804072,0.390253759525929
4007,UNCHS001808,7.006278090258547,0.07482512269461804,15.245705614208418,0.4990874215911003
4008,UNC1247160,6.380192461903789,0.09957461434454416,15.083726960290278,0.466588006899863
4009,UNCHS001809,6.26340738569138,0.08074122922960869,15.155792350724141,0.4048013366303979
4010,UNCHS001810,6.332348054696013,0.10871487263888219,15.177392229969882,0.4035740865212795
4011,UNC1249243,6.96068173811932,0.0808906713943558,15.578903813170427,0.30077649328623707
4012,JAX00260672,6.970927962650194,0.061087247566477265,15.564380726930494,0.23685339537298056
4013,JAX00192659,7.076107924096959,0.09343124357874376,15.42198394545585,0.28206255126675056
4014,UNC1250962,7.475718146026566,0.04599607734126715,14.77179996707855,0.4773496836207336
4015,JAX00260704,7.47346741182082,0.0431693506179842,14.682733657709377,0.550957606587621
4016,UNCHS001811,7.459075211892014,0.03717262674981724,14.6162746100415,0.53134486870141
4017,UNCHS001812,7.500685884092491,0.0332245497021619,14.831042514512774,0.37961826438358537
4018,UNC1253290,7.594091350165627,0.03210528109222179,14.665891818062619,0.3886203989984169
4019,JAX00260719,7.659478835708342,0.024187350095842556,14.5879711340026,0.4589215350226014
4020,JAX00260722,7.667877889465672,0.04300231797587124,14.575574307486932,0.41793150738929247
4021,UNCHS001813,7.588573519396732,0.045793421482829964,14.413445037410156,0.36198371648174327
4022,JAX00260750,7.613255867552198,0.04446520083299283,14.432093685536302,0.6857449121611151
4023,UNCHS001814,7.640855232921012,0.028121455918267563,14.438009474471073,0.3272687360950329
4024,UNC1255567,7.983009303130757,0.029908153033585988,14.389755110554916,0.5756802628196277
4025,JAX00260774,8.090445251351184,0.03011263777419392,14.30534782503696,0.4960207478386847
4026,UNC1257137,7.918106599700877,0.031443401447555204,14.286095134835477,0.5292331804272609
4027,UNC1257988,7.66872795154859,0.0423084786126583,14.318885239696783,0.4030583615238953
4028,ICR100,7.534028955850772,0.05031802266038021,14.334254380512675,0.631983646130644
4029,ICR4100,7.537770610160123,0.03878101260218646,14.332613819864946,0.6007667255371936
4030,UNCHS001815,7.5426943034945,0.04406544895379009,14.329533321855251,0.40501518604633924
4031,UNCHS001816,7.5437336320860595,0.04557982133673675,14.32888893125596,0.5825581237683001
4032,UNC1259308,7.555903270896579,0.07358291877657103,14.319051862141123,0.372578063492285
4033,ICR101,7.5874843371134375,0.03447419395157765,14.303019174210249,0.47087570058903677
4034,ICR4101,7.58826073278442,0.04162610375924007,14.302712026903464,0.566026675552237
4035,UNC1260464,7.581511345273839,0.07471638906749938,14.294615103846581,0.5886363828687304
4036,UNCHS001817,7.402203882397316,0.037490116919236705,14.204914911404558,0.34186035542910553
4037,UNC1262910,7.372336580206138,0.04194000879758572,14.180082977822849,0.5435843232182641
4038,JAX00260869,7.3709960700523425,0.05887613412673445,14.178275056871598,0.5369480253445089
4039,ICR2009,7.366124243753802,0.117691020027212,14.171278606614578,0.5433171848676869
4040,ICR4105,7.3568623409987595,0.04139024448066984,14.145302581157921,0.4636487903427247
4041,UNC1264416,7.357518285543392,0.05026265338892851,14.175420146598753,0.48351960654905085
4042,UNC1264992,7.3943617525160334,0.04345306122872285,14.265024376398742,0.46068284195211995
4043,ICR106,7.387612715623163,0.05419780172290926,14.26316279071807,0.40996443578374686
4044,ICR4106,7.38679434144251,0.061531775703305445,14.263003586117975,0.5501713518763864
4045,UNC1265791,7.3719166700066125,0.054992581347939516,14.262361438798735,0.5005578803031712
4046,ICR4108,7.360943216922578,0.05833474575592493,14.222158624261965,0.6414709674488064
4047,UNC1267975,7.356679725851336,0.06237512635066581,14.212407948902182,0.5626692739052916
4048,UNCHS001819,6.616102952060601,0.09854879781524531,13.640552032209143,0.5478679854632642
4049,JAX00260958,6.595931479863339,0.137663852269306,13.624955020438847,0.5448169983633496
4050,ICR109,6.043650346840877,0.1767425357651067,13.2170546232187,0.8839145177465992
4051,UNC1269099,6.047927323799058,0.19255731357771738,13.182900247440557,0.5799022128002278
4052,UNC1271160,6.085002196700771,0.17828090821576548,13.131223896702977,0.5069456542409232
4053,JAX00261020,6.083868877256464,0.16142938137276167,13.128885665903908,0.6647550879776069
4054,UNCHS001822,6.171254893439709,0.10895418689894582,13.243513790934003,0.6277690216299824
4055,JAX00261037,6.257487657396268,0.12527643692052065,13.329814997123322,0.552076249380185
4056,UNC1274234,6.281588980853485,0.11925613029922819,13.354780595740522,0.5409496497526421
4057,UNC1276993,6.335948723800811,0.06887138138946579,13.617838273988355,0.39328212958190784
4058,UNC1278351,6.335160655354684,0.11157630407201174,13.673438978513786,0.49993049340378337
4059,JAX00261102,6.3867470654313365,0.06976206792113551,13.707205733375531,0.45724133247233173
4060,UNC1280065,6.473890754015883,0.07015518745955861,13.756543864434434,0.6327479450613596
4061,UNC1282256,6.46847350764574,0.13076498977835738,13.761878052745033,0.5879735192278852
4062,UNCHS001825,6.418396393495641,0.1659683198021149,13.672500632794026,0.4979283804195417
4063,UNCHS001826,6.415848873999266,0.07227716677335627,13.67132736998451,0.4461937868662807
4064,UNCHS001827,6.412954484161219,0.1121343079984093,13.670646611398752,0.7950087401162622
4065,JAX00261181,6.36790834006888,0.07979668913686605,13.6556242215579,0.5021777760955803
4066,UNC1286279,6.41350131871809,0.06904764767186869,13.677620256279624,0.4642259886430738
4067,UNCHS001829,6.419646802162788,0.094664300283601,13.691490988282112,0.8328609450905983
4068,UNCHS001830,6.420654128580054,0.07268458169530183,13.693775611965748,0.4909891903905619
4069,JAX00261198,6.427028248431952,0.09092294961990256,13.708663113858847,0.5450808359548198
4070,UNC1287936,6.431192729596205,0.16319074235640094,13.724062370789852,0.4941673744694219
4071,JAX00007439,6.43308579101722,0.09940381151723385,13.729487908934743,0.5596562942180733
4072,JAX00261228,6.444426915797521,0.08150183697338656,13.790808802953961,0.5378672980589208
4073,UNC1291879,6.444377616450993,0.11711271681025318,13.790830770308503,0.42344808710641996
4074,UNCHS001831,6.436617951106655,0.19066022252388345,13.797370111105465,0.5754943307410338
4075,UNCHS001832,6.43759627794725,0.05301842216133263,13.796874751616087,0.6107143397598329
4076,UNCHS001833,6.445681685452655,0.11523223698322675,13.788822267204068,0.6139740856685691
4077,UNCHS001834,6.44480294782943,0.10789728116039049,13.78918612630423,0.6567157279562565
4078,UNC1294443,6.444635256224956,0.07962318545589683,13.789092011649927,0.5845518485181735
4079,JAX00192717,6.447631758745501,0.16604442222251506,13.775271789770613,0.4677375081101673
4080,UNC1296431,6.454043362804896,0.1080348520786336,13.752630483294979,0.6478587189213662
4081,UNC1297520,6.459577099367834,0.17981692703185065,13.725684219100003,0.5103107039746465
4082,JAX00261286,6.461125049599104,0.1298528214311515,13.707437924070291,0.6277589384471398
4083,JAX00261315,6.465319439927271,0.07994969260223996,13.649049291592291,0.6089487596575842
4084,UNC1300025,6.465342918307442,0.07043598634146554,13.648630088111076,0.7102978901668524
4085,UNC1301432,6.466726414110326,0.16556071347707438,13.623735785070494,0.5569736104385551
4086,JAX00261333,6.467293101062523,0.07034893495430995,13.592826083262707,0.6664462400335744
4087,UNC1304840,6.453360138991684,0.08192407450753322,13.494228151532525,0.7252753186732028
4088,JAX00007505,6.4702568615050495,0.06390887467352105,13.51541752058256,0.5139958848116102
4089,UNCHS001835,6.484654853385791,0.072525902053533,13.542321994074655,0.522038909650778
4090,UNC1307235,6.4846000281531815,0.15147620314321275,13.542661116927547,0.5764634165703593
4091,UNCHS001836,6.723361562363607,0.09050500951760469,13.361242617970674,0.5905777092657108
4092,JAX00261378,6.717744001348819,0.05153844474203312,13.331063971858612,0.6146879787105952
4093,UNC1309269,6.708762574188768,0.0865153251089853,13.31889352814892,0.8177750757192352
4094,JAX00261391,6.708707271018511,0.05519725317136625,13.318807306088274,0.7122700984273482
4095,UNCHS001837,6.686308141749123,0.14054090592479695,13.323647637352678,0.7421469081791121
4096,JAX00007520,6.652909868886809,0.09058534555070154,13.334109086221815,0.6540843484963291
4097,UNC1310490,6.638386597204089,0.09657013838568408,13.329936865464106,0.7222780718514549
4098,UNC1312584,6.407757404023414,0.11380130795150596,13.920192371548637,0.6153179008074467
4099,UNCHS001839,6.3981471556176075,0.10023744155246438,13.955378304118312,0.4864971383949691
4100,UNCHS001840,6.394174165917548,0.14519537173113914,13.970256002306996,0.39170925399997447
4101,UNCHS001841,6.3463514752063475,0.10403536731233705,14.120994055720757,0.426541234557563
4102,UNCHS001842,6.3580732510686175,0.13113874734255318,14.240072405036699,0.6054856962616323
4103,JAX00261444,6.14972468452288,0.15195447451419222,14.66299010104649,0.4008253654606977
4104,UNCHS001843,6.11680891679498,0.07942636754007079,14.704265774004853,0.37429251976679295
4105,UNC1314740,6.036499913746411,0.09327218793704803,14.847935841898106,0.33492734854673756
4106,JAX00261470,6.142433920758776,0.11259021706049156,14.859356479631515,0.39141104821387745
4107,JAX00007557,6.131807341244439,0.1295099112979095,14.845676143571382,0.4375422931253812
4108,UNC1317429,6.113049568642509,0.11319262766974807,14.857192821106764,0.5695228585975054
4109,JAX00261504,6.108196399332883,0.11411442712280685,14.855287822975924,0.3500964174683918
4110,UNC1318510,6.103050641455866,0.1110977639758927,14.85569491793376,0.4661858992304026
4111,UNCHS001845,6.052674064379289,0.062034042522469864,14.749981919968604,0.49768421291056064
4112,UNCHS001846,6.050928319313925,0.11797318078497337,14.749114460692226,0.4100084939168989
4113,JAX00192747,6.062701731576453,0.12332949510685391,14.738752655879352,0.5461554387281216
4114,UNCHS001847,6.0010406116059585,0.14840122575956538,14.760757358040337,0.4710885631387983
4115,UNCHS001848,5.970831348176034,0.10565943225694538,16.12221091714082,0.37385034811432155
4116,JAX00261573,6.40843054264019,0.14145854479427308,15.982644849560756,0.2743157094074772
4117,JAX00007592,6.348769205635563,0.06813573642910513,16.024685232237516,0.28991873615107316
4118,UNCHS001849,6.485302916323008,0.1220009687524407,16.089610559131188,0.3112073296718361
4119,UNCHS001850,6.416567919322915,0.09044396736538123,16.10476832063705,0.36274074116673743
4120,UNCHS001851,6.353266499305391,0.09706290291075623,16.242544541068582,0.329393205601477
4121,UNCHS001852,6.370216032134749,0.12021866377151048,16.22818616431414,0.32820979590293753
4122,UNC1321774,6.41569309261331,0.1144731929829983,16.1970642806084,0.2665105179506477
4123,JAX00007599,6.39885784770604,0.05925705910655083,16.113627087215264,0.39036213849058093
4124,UNCHS001853,6.314350467882832,0.1674019265770192,15.99731168336234,0.3137769024252603
4125,UNCHS001854,6.312805105502321,0.09829866249553876,15.990975441883847,0.29554144467328475
4126,UNC1323321,6.3069125353783875,0.11550521414934532,15.886211160378707,0.4080019805060231
4127,JAX00261617,6.304769759394503,0.06311793679183701,15.89129298840976,0.46637157555408154
4128,UNC1324923,6.291532691798466,0.12054770879521115,15.942600553100647,0.384070517554966
4129,JAX00261650,6.293015885051773,0.07348369364783737,15.950323681930968,0.26299712229533506
4130,UNCHS001855,6.293041020039709,0.1863267552931143,15.950452707624663,0.4176731894610545
4131,UNCHS001856,6.339157543558713,0.1391344185217834,15.922305993924965,0.4641449330755004
4132,UNCHS001857,6.355681966093243,0.09707960956108726,15.913410617077943,0.42490795992147706
4133,UNCHS001858,5.890289585052869,0.10820033302988603,17.0371358059856,0.3703439179041327
4134,UNC1325562,5.845977836379461,0.11330748411888526,16.939073163882767,0.45757855482237153
4135,c1.loc105,5.726135201490706,0.12846049339442533,16.639243513696783,0.22519238925850016
4136,UNCHS001859,5.444959779065812,0.1112843821854933,15.823361812475696,0.3028538769135685
4137,UNCHS001860,5.4237547550769705,0.23785393996081355,15.755330358849278,0.4741109010222528
4138,UNC1326538,5.419127315080914,0.18075691865714996,15.737339054764107,0.3146290145792356
4139,JAX00261681,5.3966962531842455,0.14057444900570154,15.635676720083438,0.41439913254010446
4140,UNC1327507,5.396481942099854,0.2013900799888522,15.63498807468227,0.2576647133416724
4141,UNC1329671,5.929474775539347,0.11336062988994881,14.727377192319409,0.4760983732642357
4142,UNCHS001861,5.957272778974584,0.10170301201003137,14.649517103413245,0.41398794104858516
4143,UNCHS001864,5.975910108060361,0.14287223681458852,14.598285801260545,0.4714562314592562
4144,JAX00007646,6.149691445049939,0.09913175722644388,13.913073469758956,0.48298308976367094
4145,UNCHS001865,6.167673801838191,0.106212461075874,13.807695155113834,0.4793894949502903
4146,UNC1331384,6.166045481167885,0.10486616882328141,13.801174015627794,0.5589139660523513
4147,UNCHS001866,6.165195734561394,0.08017126237283911,13.79774231819988,0.35859860632271384
4148,UNCHS001867,6.129108819230169,0.15257708603614112,13.713348092039496,0.6649517679641624
4149,UNC1331858,6.128391189242166,0.16582095917863146,13.711737052602757,0.48195716854513065
4150,UNCHS001869,6.13056747810333,0.12109357437280195,13.713241066756382,0.47926685572576044
4151,UNCHS001870,6.131439063863127,0.11817684832851567,13.713857906311205,0.5035509046221536
4152,UNCHS001871,6.141300954868711,0.13042414289527457,13.721606690793578,0.4967326558782683
4153,UNCHS001872,6.14207885088922,0.0604941621895022,13.722099100240257,0.4947650731210527
4154,UNCHS001874,6.144895907386854,0.09749545686625441,13.724543562608687,0.7354578472249246
4155,UNC1332548,6.152299433599865,0.10455381227324882,13.73110574091993,0.4274939210679141
4156,UNCHS001875,6.2165552169406055,0.12354449530474168,13.642690438324962,0.4737402864326285
4157,UNCHS001876,6.219679054026983,0.07233886437558774,13.645574743141196,0.6502344749327483
4158,UNCHS001877,6.2257603894850035,0.08683443076901455,13.660298857782436,0.6020385972034533
4159,UNCHS001878,6.233087584726718,0.07353457210988175,13.66552140221711,0.7134701894219572
4160,UNC1333161,6.2345916593460515,0.15785992872152613,13.666021281565236,0.6015396811522233
4161,UNC1333563,6.245606428095471,0.146834177557559,13.666860020314061,0.5890847832654786
4162,UNCHS001879,6.201629598087038,0.10080937021463822,13.66134215694683,0.5175802518390638
4163,UNCHS001880,6.1976577432387785,0.08418525008676134,13.654905806467013,0.49935699924559496
4164,UNCHS001882,6.193281067999351,0.2564010111762314,13.655470607053758,0.7630704861546366
4165,UNCHS001883,6.194519874207344,0.11408260627946057,13.657290370307237,0.481306278751032
4166,UNCHS001884,6.195281892217054,0.13831154562283507,13.658290221539346,0.46881573583488584
4167,UNC1334350,6.19727511231099,0.08667093111091759,13.661335658608778,0.6936444885228539
4168,UNCHS001886,6.202731189305268,0.18670517900732747,13.6700968447974,0.5930890043339001
4169,UNCHS001887,6.205939484692863,0.21865190125001863,13.675428709413836,0.5383532247561843
4170,JAX00007672,6.2061485973358685,0.10315544682716948,13.67579760939907,0.41842668260043814
4171,UNC1334916,6.206022458626421,0.18988432072629663,13.675712132674334,0.4818076439394527
4172,UNCHS001888,6.205562014997668,0.10740030627071254,13.6754191551654,0.43860728283712236
4173,UNC1335696,6.1929631261918985,0.13300776187285873,13.662510969810455,0.8066824272054717
4174,UNCHS001889,6.177477448579339,0.1113966126303816,13.646536082934517,0.5225029177997995
4175,UNCHS001890,6.177201432423772,0.12220774955348715,13.646123287748196,0.6548184001080637
4176,UNC1336924,6.175151483751506,0.11533242727378842,13.64210126935518,0.5750025293984522
4177,UNC1337526,6.172399001666918,0.1542922549852333,13.637444736162934,0.6497646433210695
4178,UNC1338324,6.169630114819938,0.16474360501977844,13.632531687290339,0.7525371541238881
4179,JAX00261830,6.165921510269072,0.17834784414768182,13.633974856155874,0.5276215157620784
4180,UNC1338997,6.165926252102963,0.17496902471992243,13.632123107877305,0.5334381752557971
4181,UNC1339209,6.165970632183871,0.10534064475039971,13.627527864032572,0.4831850529179038
4182,UNCHS001891,6.164983367880723,0.0948220345819772,13.626374645790747,0.5698682023992849
4183,JAX00007696,6.164296847552123,0.15195044618305842,13.625693990142736,0.5306857071320354
4184,UNCHS001892,6.163108161315677,0.09901834941793441,13.62455820865057,0.43831452110718117
4185,UNCHS001893,6.133844557560224,0.13008836430617698,13.598343102837362,0.3750572649207315
4186,UNC1339667,6.118575265287745,0.10237532304954217,13.586413665344026,0.6943866697313422
4187,UNCHS001895,6.116450293718344,0.11006172480581294,13.585245932011958,0.6432494744330919
4188,UNCHS001896,6.113120192880615,0.12812544141710167,13.576841477005473,0.4803139703676037
4189,UNCHS001898,6.050100834371506,0.0916193980700386,13.54649867872763,0.5230777827623091
4190,JAX00261845,5.462232004387488,0.2693008311282198,13.880110752097835,0.2870762032782704
4191,UNCHS001899,5.459035472202686,0.1332424675977696,13.873976135268322,0.36316803071825077
4192,UNCHS001900,5.45659076665811,0.13383744460129282,13.868928810723446,0.4096357145167037
4193,UNC1339985,5.454382986095652,0.2116281306266429,13.864603119057165,0.5733190816471627
4194,JAX00007709,5.440631212259177,0.2537552389477566,13.839403992165899,0.6687225513851913
4195,UNCHS001901,5.418313753394159,0.18040963256930007,13.805347883556351,0.4369233884072992
4196,UNC1340507,5.417412206403469,0.18735971371817683,13.802125522243387,0.45054732673866776
4197,UNCHS001902,5.417066245369369,0.25510915077842516,13.800653967402695,0.5676001332333004
4198,UNCHS001904,5.413219277809276,0.1345786752259731,13.781001061330699,0.6424889838272695
4199,UNCHS001905,5.404154555125615,0.20941216277505198,13.801021965447262,0.41432112654178405
4200,UNCHS001906,5.434016305642672,0.12524837492379576,13.885261719044138,0.5195027559205351
4201,UNC1340991,5.42302862752922,0.2436260598204075,13.947540947623338,0.41429367818788854
4202,UNCHS001907,5.422803674989154,0.18053949445829767,13.950805319578194,0.5542309206338121
4203,UNCHS001909,5.385512588529309,0.20665800560136272,13.872309164059288,0.5988855000509601
4204,UNCHS001910,5.385249331958676,0.17477236086380693,13.87236455536572,0.4883564266084485
4205,JAX00007722,5.386662543510283,0.1809940947619048,13.876079568637351,0.4537007731352244
4206,UNC1342769,5.3867330145799315,0.19213661313121974,13.876859838606379,0.6244675339262222
4207,UNCHS001911,5.604778262115815,0.16528247324984952,14.021061776835268,0.45383030257968726
4208,UNC1343346,5.612662736145012,0.1886977594820422,13.981810663839497,0.5808521447501225
4209,UNCHS001912,5.6212566726512705,0.12731185623913405,13.992484156157843,0.5671324800553451
4210,JAX00261926,5.645368890910049,0.23466379023606132,14.028290580152543,0.4513744849011802
4211,UNCHS001913,5.681864389135626,0.15041284223164192,14.082312432652316,0.5758746857650024
4212,UNCHS001914,5.6964746387116065,0.11658333104854086,14.103529833708535,0.6947768311015803
4213,UNC1344572,5.803732947140816,0.13025408798682206,14.257471678845604,0.3987578400969541
4214,UNCHS001915,5.530566484938845,0.1410040171697197,14.748186598505754,0.4787192911595286
4215,UNC1345210,5.529794303588915,0.19183910803946116,14.747785048354217,0.41385231037399234
4216,UNCHS001916,5.52259707902931,0.2302778421425869,14.765678906097719,0.4913030472429491
4217,UNCHS001917,5.503749463791792,0.11392787321283346,14.7258633369147,0.5806018531334246
4218,UNCHS001918,5.466292072637998,0.12474241106322087,14.258580021745729,0.5983268639228737
4219,UNC1345454,5.39061235174745,0.13818275850669434,13.36225378013819,0.7568403363119557
4220,UNCHS001920,5.3930372486483975,0.16228730757316062,13.125274611618352,0.5397175200367051
4221,UNC1346444,5.404428027038648,0.4021752426441465,13.093754430031595,0.9230422501034435
4222,JAX00007748,5.4052335994745135,0.12476719787434395,13.091149676458599,0.5665955595090586
4223,UNC1346796,5.405382227634163,0.26216489752612787,13.09061707300748,0.5697224463922103
4224,UNC1347734,5.685426831408904,0.22023201828401434,13.461356601667148,0.8208327159118777
4225,UNCHS001921,5.722238961645871,0.12970678245474343,13.606472568222216,0.5589375780775641
4226,UNCHS001922,5.749501103028251,0.2026039750516696,13.657188799873438,0.571226133791652
4227,JAX00261991,5.736638935943574,0.09198210440123944,13.670651343125883,0.43796487861782424
4228,JAX00262011,5.76026727399244,0.18813535870998546,13.652984759756464,0.5021898682729865
4229,UNC1350911,5.77397949541114,0.1711028082224583,13.629974769646878,0.5525318760658242
4230,UNC1351265,5.7765155712029355,0.2532113591197368,13.621296799109814,0.5354800215409896
4231,UNCHS001923,5.786382879020493,0.08200970223821082,13.614560754785089,0.44282397405630597
4232,JAX00262045,5.786621110803026,0.18075801370932526,13.614368859052092,0.5355823532536698
4233,UNCHS001924,5.787301472876379,0.13383508161621469,13.613824150433857,0.6102703691668362
4234,UNCHS001925,5.792760445109252,0.2048115046155102,13.607339918722118,0.5199575417063181
4235,UNCHS001926,5.793696015970681,0.09905725797718952,13.606841258693521,0.5645604957526197
4236,UNC1352340,5.79664826893918,0.1478785109973785,13.589834177019611,0.491870197835689
4237,UNC1353725,6.205753625354191,0.07573687631402516,13.024007799459923,0.5116959656234044
4238,UNCHS001927,6.312905047012009,0.10288088083403314,12.805567940281435,0.6215230752806645
4239,UNCHS001928,6.310175086585332,0.09204582723163765,12.791054954748233,0.8399408287033914
4240,UNC1354282,6.29925573032574,0.10619625131303456,12.700419202461262,0.6288942819983981
4241,UNC1357335,5.854579162330538,0.14508356472183595,10.954788970962909,0.5818255821842601
4242,JAX00262163,5.785749699547523,0.11201312233331669,10.706471355164695,0.9096513742333703
4243,UNCHS001929,5.743040310009974,0.1600206784535277,10.860192842068727,0.9120525578520352
4244,UNCHS001930,4.928149418277599,0.23173711799440808,12.8093317970704,0.4937512078599934
4245,JAX00262168,4.538299797109175,0.26667470431246465,12.73215106679936,0.8119538479142437
4246,UNC1359274,4.012782886655941,0.3156725288661059,12.633094908915837,0.5482142820150179
4247,UNCHS001931,3.9764953746648644,0.3171569039695164,12.652541850253783,0.5856473229115292
4248,UNCHS001932,3.9577806100517137,0.44741893013272566,12.665206366267057,0.8205650229598109
4249,JAX00262196,3.9704311588404835,0.6990012082021564,12.647945757476691,0.7016188118747811
4250,JAX00262204,3.977080446110449,0.41560431035036416,12.637265085008949,0.6440150082555397
4251,UNCHS001933,3.982480297091797,0.507099290843469,12.647423290001143,0.7380960829564047
4252,UNCHS001934,3.982556099776957,0.31522344803421265,12.649298851044023,0.5685526003336167
4253,JAX00262222,3.9837931771583044,0.3373484261099295,12.674915115393105,0.6418297515481922
4254,UNC1361758,3.98404042971174,0.4295181070376327,12.679270229157055,0.5387274226659057
4255,UNCHS001936,4.0288068474897045,0.2705855071751266,12.627617180182597,0.5581226223593362
4256,UNC1363366,4.114062442314207,0.5136303977969762,12.56711834510179,0.5504525354452781
4257,UNCHS001937,4.166760999495409,0.4409647592523679,12.545999879930378,0.6717783653357657
4258,UNCHS001938,4.163864670588737,0.3569821531398046,12.54754381722455,0.7886409416726681
4259,UNC1363863,4.162057923734892,0.43862079387642616,12.548440638514194,0.6561095780398574
4260,JAX00262266,3.542100630641926,0.4742019389083362,12.611012322950955,0.6332963259470961
4261,UNC1365888,3.3837059881018376,0.6587502110184982,12.600041670912788,0.7591810305717432
4262,UNCHS001939,3.3632166642119046,0.6083753410080766,12.52016489550715,0.6518879588316553
4263,UNCHS001940,3.32592081332632,0.417122134075782,12.494304205820299,0.9827212472091592
4264,UNC1366174,3.326422178212624,0.51322028944183,12.493902311438205,0.8533212465556749
4265,JAX00192842,3.3283702712224112,0.4343140498632294,12.492575121552818,0.64624320437319
4266,UNC1368298,3.3936011807850264,0.45095891972245883,12.475053844719241,0.7424492294909584
4267,UNC1368671,3.4056080300938447,0.36389204487981064,12.473925397079938,0.558972006425295
4268,UNC1369947,3.4541171604259944,0.468451061326945,12.426331030643723,0.7726930439182411
4269,UNCHS001941,3.4579733340717667,0.519967721805406,12.42275372798008,0.43102016881128363
4270,UNCHS001942,3.459289118454535,0.5924598852190791,12.421709988272596,0.7531645945708989
4271,UNCHS001943,3.461971661001826,0.4134099320015739,12.412294158876648,0.63124405708304
4272,UNCHS001944,3.4618461230138564,0.5541845252438529,12.411123142264387,0.5236049070941472
4273,JAX00262352,3.457887355424191,0.47043488894694624,12.359627621860682,0.5989083420104168
4274,UNC1372144,3.457713125188093,0.3834467606508105,12.359199472914725,0.70229374465439
4275,JAX00007893,3.4573578557647124,0.33887220498272175,12.354093592135314,0.6118734344234917
4276,JAX00262357,3.3998983787973884,0.4420291823371591,12.416205073226593,0.5114531834543481
4277,UNCHS001945,2.8910326081418134,0.6882473976583088,12.082573188275092,0.6469788940355176
4278,UNC1375431,2.8088059920833075,0.456338869112051,12.17853770691977,0.8118589146717116
4279,UNCHS001947,2.8057723655588234,0.5313883515479503,12.184150269338716,0.5075260933277701
4280,UNCHS001948,2.8065191404493817,0.5045689801408434,12.181261023857587,0.70063731761683
4281,JAX00007908,2.8109369074481947,0.5266489256629541,12.173724656655622,0.7526345052249122
4282,UNC1376609,2.8214350169666886,0.6259269838496477,12.155870617874598,0.5545654998320134
4283,UNC1377940,3.038770616314423,0.4838738814189267,12.533443246440129,0.7261092474057806
4284,UNC1378528,3.11293170302406,0.4926773921477798,12.689109163475223,0.9073256329000802
4285,UNCHS001949,3.126244594883701,0.4308635341839764,12.720122782592625,0.8396974126170444
4286,UNCHS001950,3.1261012485606443,0.5739665942865219,12.721182655798202,0.6568818555888368
4287,UNC1379443,3.1174516942751325,0.6322681636518905,12.69810728247785,0.5165983925143636
4288,UNC1379993,3.1339211802048794,0.49672697204366767,12.679979735588859,0.632766431734746
4289,JAX00262446,3.1435617651593475,0.5515207400030893,12.66859392420838,0.6821668664041041
4290,UNC1381625,3.1745416619901334,0.6813750319105294,12.636110043312328,0.8408926494618608
4291,UNC1382599,3.2375769830109675,0.5265827609194095,12.643728191561877,0.5500330835770069
4292,UNCHS001951,3.254505156515279,0.3556729166982786,12.69870121224426,0.7240947533635648
4293,UNCHS001952,3.2829027358795884,0.5279647344337324,12.995600070257524,0.6073737857909949
4294,UNC1383332,2.6707267437427618,0.7173358298740189,13.769821465564519,0.5823725775048001
4295,JAX00262468,2.4939325255090807,0.7860486482180752,14.599891663666313,0.5430794467010265
4296,UNCHS001953,2.4937995401910484,0.6104166630996966,14.623487601983015,0.5412679193980755
4297,UNCHS001954,2.4803295511287615,0.585931558905492,14.671977275074141,0.4043268378495754
4298,UNC1385369,2.165153458533723,0.6751717660852166,14.532655706132573,0.4007162002482511
4299,JAX00262489,2.122735900383759,0.6154758226601778,14.64613873195367,0.5172668055595792
4300,JAX00262491,2.1221862957690973,0.526551256712735,14.647259918334385,0.4371231760959628
4301,JAX00262523,2.3885751798870842,0.6196221331939299,13.653164155691002,0.5202799831314094
4302,UNCHS001955,2.4438653457675628,0.8417563668451459,13.485459259761,0.7038156681723237
4303,JAX00262531,2.5256270757442962,0.9106026944875939,13.265476925597113,0.6392683889982517
4304,UNCHS001487,2.5168853858879174,0.6711727167849929,13.26786551224518,0.5579273482949189
4305,UNCHS001959,2.5100293265622895,0.8342256866118666,13.274520317881525,0.5529645232171747
4306,UNCHS001960,2.5094895834595263,0.7260822842253939,13.275079553571686,0.7107863218839959
4307,UNC1391068,2.508007110252265,0.6100587049256051,13.27587910069019,0.8386447369398581
4308,JAX00262555,2.4984508457885113,0.7382057516753283,13.281032754467788,0.5570316514623519
4309,UNCHS001962,2.477665159255139,0.6301567769451563,13.291556076832876,0.5529386435305323
4310,UNCHS001963,2.4767713009814543,0.5849788953656881,13.29195649283929,0.7099773525656987
4311,UNC1392467,2.4766333287093403,0.9983282316390771,13.292025376799756,0.597030561768216
4312,UNCHS001964,2.4762663249814523,0.7020843369672062,13.292213529323362,0.8418198590068114
4313,JAX00262572q,2.4686916459133954,0.7119386608835326,13.300947903448105,0.4884904863921993
4314,JAX00262573,2.468663702075446,0.5867547217194871,13.301101382870229,0.5258619880426789
4315,JAX00262574,2.468645772832133,0.8622943506819761,13.30136528765388,0.6830145697378383
4316,UNC1393775,2.445088799912355,0.8049714547604888,13.416144685509153,0.7651429001480358
4317,UNCHS001965,2.4286569900568793,0.8751550431622078,13.55391121372395,0.5431344960012389
4318,UNCHS001966,2.423391862517974,0.8199758437148676,13.568406195797024,0.6810329550097327
4319,UNC1394609,2.36575696325599,0.6307724389614163,13.736792093971417,0.617613893637853
4320,UNCHS001967,2.364029633168684,0.7628507578455033,13.749991521783613,0.3872315705849568
4321,UNCHS001968,2.362906371193503,0.866781975296227,13.758493502584315,0.7069514687341248
4322,JAX00008023,2.3106232351301514,0.8553261256527459,13.885758783577785,0.47521333191486675
4323,ICR111,2.263887364966422,0.7416830355286499,14.022709793891181,0.5104811699384574
4324,ICR4111,2.2635822641514096,0.7312273775777414,14.025606334765826,0.4810046714399001
4325,UNC1397985,2.2994092920434923,0.9770198346087899,14.10924904753756,0.522091324021015
4326,ICR4112,2.3873597501128643,0.5394169665167047,14.363271612484823,0.6432013549818428
4327,JAX00262675,2.6828279023666255,0.576728064797552,15.192116329182,0.5230898575147879
4328,JAX00262678,2.6835912638268837,0.7219936044908586,15.204204693022803,0.4366404480011747
4329,ICR114,2.693071655098265,0.7207675475337084,15.278288207455262,0.4071066991128771
4330,UNC1401095,2.7028812819726227,0.5450443115119398,15.323606652172657,0.38815910094181405
4331,ICR4114,2.7333029884975986,0.5108912254857528,15.246889122772245,0.2995383184736298
4332,JAX00262694,2.621306028614981,0.6485872967738614,15.345257385921059,0.3432451197133043
4333,UNC1402336,2.4835685860448393,0.6033712926576628,15.711086771617374,0.6121014362537973
4334,c1.loc111,2.423859635171766,0.5922554295288942,15.611545994196376,0.46464883165592286
4335,ICR117,2.3878717164207046,0.7736698346716544,15.566546830427797,0.32629310530967176
4336,JAX00008072,2.394797455541948,0.671090821326593,15.456449196676886,0.35014821161311305
4337,UNC1404693,2.491111099297541,0.7474623205086609,15.31762079498003,0.43862628394830855
4338,ICR119,2.807211595324816,0.531414270013455,15.056984073012018,0.4348940730377054
4339,UNC1406126,2.842887545401709,0.7297647489900398,14.878096307977785,0.3834003896334744
4340,JAX00262751,2.8560766917617,0.5487529430397575,14.750680271858982,0.5941442868426609
4341,UNCHS001971,2.909879366472296,0.611966486794708,14.448896182345607,0.44745155988924484
4342,UNC1407130,2.930011118360426,0.6939058152208603,14.36715285434525,0.39989380734948377
4343,JAX00262771,2.9255453182211113,0.6366620445313759,14.346421049354149,0.6115136030705862
4344,JAX00262783,2.9090749756435343,0.5364799515058121,14.283300424997833,0.5719916866944692
4345,JAX00262793,2.8931645909819963,0.6777232921967786,14.25185481471999,0.45043017901541127
4346,UNCHS001973,2.880190155673972,0.6698865257385573,14.21152450857494,0.4658682567217659
4347,UNCHS001974,2.8792151926445513,0.527254248214376,14.208484970788732,0.47349168893903565
4348,JAX00262805,2.8727370995006822,0.5934909815578998,14.19218624372047,0.49852410496041366
4349,UNCHS001975,2.866743846393547,0.5822188936835766,14.176956660788164,0.640860833851013
4350,JAX00262806,2.8658715801832386,0.4783341008238765,14.17425615006755,0.37594746706618587
4351,UNC1414382,2.8529453216335696,0.4850551325775656,14.134774661893516,0.41233636029593795
4352,JAX00262834,2.8326659797126013,0.49801990631010484,14.074264939882141,0.5316839584961428
4353,UNC1416733,2.825505726502797,0.5434084625192832,14.05232900587589,0.5224439589793284
4354,JAX00262858,2.8200539429094533,0.7150984343090553,14.011507140759704,0.4726699574648081
4355,UNC1418679,2.823805548778182,0.7484510610760744,14.009845837303146,0.5983498077234307
4356,UNCHS001978,2.8389240439857986,0.6936086881807977,14.01165112346257,0.6584854356869134
4357,ICR4126,2.8416308845153253,0.8518571742929864,14.00939564328678,0.4674132245203442
4358,JAX00262877,2.84030081635683,0.6409192671209962,14.016044158291379,0.4755236605216832
4359,UNCHS001979,2.8394503056847498,0.7039396864833873,14.01503369983402,0.5212153290210594
4360,UNC1421139,2.8393880822331994,0.7926967095699413,14.01496028118504,0.44900706539801266
4361,UNCHS001980,2.83910787720356,0.7180227026337502,14.014621193063476,0.7841520941594949
4362,ICR127,2.8372648572694743,0.7270315401853045,14.013857494448985,0.6730690207202829
4363,JAX00262896,2.8356162129175573,0.5581668665820813,14.008741609517983,0.3761913663861821
4364,UNC1422808,2.835601693159788,0.6342922667161655,14.008661540954563,0.6126506754368394
4365,JAX00262912,2.8354574122815848,0.6839562581344849,14.00784199126224,0.338282745746292
4366,JAX00262932,2.8352527997838024,0.6823147999323994,14.006906592953555,0.5783484956910253
4367,UNC1425647,2.834980830027689,0.7169239836605931,14.00578578645991,0.6046541352784635
4368,UNCHS001981,2.8348581188447497,0.44259549258582537,14.005003910861888,0.4197812778297438
4369,JAX00262968,2.8376736752652505,0.6208966659679368,14.024588665363808,0.401706613707933
4370,UNC1430705,2.842622337139346,0.6022042479615496,14.077128793353722,0.6408734469632036
4371,JAX00262995,2.8427005038340667,0.6015967838780625,14.080760768846176,0.45118647975750276
4372,ICR2012,2.8396130711525984,0.7546664049862165,14.059166255872242,0.46754859258776205
4373,UNC1432441,2.838534291862061,0.5741454950661109,14.053915652224077,0.5516351905251589
4374,UNCHS001983,2.8380534380908102,0.49914001751433196,13.998704323799075,0.4651552404851619
4375,JAX00263012,2.836980031438543,0.5934385192563564,13.982979476290211,0.38740118594309125
4376,JAX00263021,2.8378771705233703,0.6256780670715767,13.895128134912511,0.3266932292823708
4377,UNC1434652,2.836791851811313,0.7731268571521996,13.867625364766582,0.451469561340703
4378,ICR135,2.85545790542551,0.6932958729849117,13.849796536986787,0.46076274153351754
4379,UNCHS001985,2.86527307981828,0.8360042837138528,13.842479730375317,0.4706610091075484
4380,UNCHS001986,2.8654272364410645,0.63741402092227,13.836510472690406,0.39468399696292905
4381,UNC1436579,2.8568841270005123,0.46422770623497733,13.832611653997674,0.43612047043349456
4382,ICR136,2.8309937507501672,0.6137916799746009,13.826004633075172,0.4963705898402137
4383,UNC1438333,2.8143540847072472,0.6131707260552779,13.819964237024124,0.422737081704124
4384,UNCHS001987,2.738228463361793,0.5813092008028847,13.330314020496644,0.516963472370583
4385,UNCHS001988,2.7387459027099794,0.6249408029112836,13.32993920133299,0.6069961811273468
4386,JAX00263101,2.7510992372258443,0.7263429349556377,13.321498211884546,0.4738013986584964
4387,UNC1442162,2.751230117468822,0.6257669418144497,13.32140650745805,0.4934551700967306
4388,ICR139,2.7621185567516022,0.7582873777761528,13.318420543675302,0.5761438170412447
4389,UNC1444262,2.9044587628238787,0.5280057026114491,13.104993870877706,0.5198301570201885
4390,UNC1446279,3.1634667979924416,0.5579017850542084,12.582915210350848,0.9088253856026919
4391,UNCHS001990,3.2615811802925236,0.3737696905894998,12.598114517940303,0.8197815685518492
4392,JAX00263189,3.2685907606776254,0.3654282655494945,12.600110582317484,0.829735750175118
4393,UNCHS001992,3.401211713097382,0.5480657615759934,12.622780437372057,0.7677635456890414
4394,UNCHS001993,3.396841873698577,0.30008170155329966,12.634851282975205,0.6910138734587552
4395,UNC1449086,3.3703222223778084,0.3157706924460882,12.703877826442977,0.7803191869038411
4396,UNCHS001994,3.34091421312678,0.46756741679749997,12.77304438715555,0.661415666355508
4397,JAX00263209,3.3410856435179994,0.5271204138200057,12.814602255587943,0.6229194388866061
4398,ICR140,3.3439251431934736,0.6898321748424241,12.858576837078544,0.5322861991700208
4399,JAX00008269,3.3453197961434853,0.4358631643401526,12.88507577442192,0.6987395745946452
4400,JAX00263223,3.2735482704329115,0.5021381871171401,13.359655602692555,0.5736527183812978
4401,UNCHS001998,3.3461593907015867,0.47499580103344463,13.378400788693398,0.6562448176076865
4402,ICR4142,3.3802288955218955,0.7086674176020299,13.291301975616307,0.6985859273762629
4403,UNC1452966,3.4447221066775455,0.34828513722117926,13.240233568246822,0.5118780247767813
4404,ICR2013,3.463162379035566,0.5193035531663897,13.225952920652162,0.5165004931556542
4405,JAX00008294,3.5040526812085773,0.3427805604158815,13.214999869471512,0.6921641530722549
4406,UNCHS001999,3.5376132175244948,0.5583303619874721,13.186519299174279,0.6624171566064804
4407,ICR145,3.551596731681002,0.5318451099791213,13.194296388112434,0.7645465599012217
4408,UNCHS002001,3.6136685671499436,0.3917826791637865,13.433733802940878,0.680778977430704
4409,JAX00263293,3.6181279156392065,0.6770868874752237,13.434757687659385,0.6958370862536404
4410,JAX00263321,3.675033800744586,0.38065822791734316,13.45217961384742,0.8315184855598428
4411,JAX00263327,3.676591313097333,0.35092695310236044,13.454286469706858,0.4947162017802955
4412,UNC1459692,3.683714746336136,0.5009077683712833,13.466162524510992,0.5519547723483448
4413,ICR148,3.683381183626352,0.530388696779271,13.466186325621948,0.46146087449190387
4414,UNCHS002003,3.666383715722077,0.3868754218558668,13.463060062513705,0.5421688646222187
4415,UNC1462305,3.593736694715062,0.5137301046432963,13.571526413996708,0.6005944223331495
4416,UNC1463677,3.558818765581691,0.37489564751356536,13.537696179289469,0.7823990236358017
4417,ICR150,3.557964739852423,0.6216496646564382,13.535173696606307,0.5327921974742378
4418,ICR4150,3.557275995387954,0.4221411299099948,13.534477784714909,0.7184760879993459
4419,JAX00263386,3.5404837899131962,0.47595822673768284,13.516887929586119,0.6174457026272053
4420,JAX00263391,3.5363641483518222,0.33253702234892096,13.51221233123033,0.8363038080546122
4421,JAX00008351,3.5323948239527,0.3376669318474205,13.50669285968388,0.4420653509899989
4422,UNCHS002005,3.5518724358544205,0.3192057504460006,13.548065435564922,0.5647008732016314
4423,UNCHS002006,3.554811834432485,0.43096145093652916,13.543785694270127,0.5427142187220745
4424,ICR153,3.6202101285789468,0.5387679164502724,13.438485547242408,0.7029241075414655
4425,ICR4153,3.6216479903036998,0.520870354589202,13.437109279511333,0.5450876438702531
4426,UNCHS002008,3.628993454632109,0.39730988903685877,13.428801858214683,0.7516461838065353
4427,UNC1468485,3.629714878243476,0.3907202590119488,13.428383559783242,0.7231342211576639
4428,ICR154,3.740752351881838,0.5922033689426173,13.390202105539174,0.6827861217972558
4429,ICR4154,3.7421753346786772,0.4599434816045984,13.389346486237855,0.6012615073598975
4430,UNC1469655,3.7371825919012736,0.4277210594684791,13.375759308676834,0.6952191994971747
4431,JAX00263430,3.7327213476396537,0.4904954969437886,13.371287129243683,0.741316146925873
4432,JAX00263444,3.5536442117086153,0.5028461292703823,13.152486437481912,0.40005607820673383
4433,UNCHS002011,3.348560927497374,0.729187269355821,12.864791897619398,0.796912166604556
4434,JAX00263458,3.348473328001546,0.6365491996258934,12.86466695453737,0.6328266831894014
4435,UNCHS002012,3.346589400762923,0.5478336802047808,12.851671187987222,0.4066299348846611
4436,UNCHS002013,3.2898481255565457,0.4462954804816621,12.39144486008081,0.6852538055833007
4437,UNCHS002014,3.2892169400781768,0.39441371118222257,12.389322626696867,0.6972724735263197
4438,UNC1474435,3.284382940966225,0.5007600478453522,12.370794489919263,0.6308280325054599
4439,JAX00263476,3.28331685481794,0.48511921694702465,12.365922036742859,0.610356009812206
4440,JAX00263485,3.2808099301933,0.7443042823012207,12.347500609627104,0.6871974563615026
4441,ICR158,3.2645804611536278,0.4391170860214127,12.31704623668952,0.5397805483061832
4442,UNC1475986,3.0528554836519106,0.42260728577473483,12.528510439632328,0.6943561150679277
4443,UNCHS002019,2.6986810597263684,0.5372746396384385,13.254684499719133,0.7592115481877805
4444,UNCHS002020,2.6946875849998833,0.66464433842719,13.295592825122412,0.619032058899929
4445,JAX00008408,2.7242035005517664,0.8074926312390901,13.60306123371538,0.7763333907208525
4446,UNC1478474,2.724521538077852,0.4910674378438478,13.60113004975824,0.43259111557931157
4447,JAX00263522,2.7274867823389286,0.7327143645396935,13.580122910202363,0.46814169371329023
4448,UNC1481218,2.8303359372689556,0.4996121355647388,13.380053434502088,0.7126211638272354
4449,JAX00263558,2.860562777960695,0.5957369220058479,13.364522948957756,0.8140668292452466
4450,UNCHS002021,2.902242719855394,0.6639985990305449,13.35249352692631,0.7291541085068386
4451,UNCHS002022,3.071722266253346,0.4950755081395296,13.364813080201202,0.49101435970549834
4452,UNC1483056,3.1805481052811047,0.7528991490267636,13.59205443334713,0.652996053649168
4453,UNCHS002023,3.1942037314620393,0.7071113043091374,13.652393777033922,0.8142267554390729
4454,UNCHS002024,3.191666711883954,0.5285396196520713,13.651039767746624,0.6620631037790216
4455,UNCHS002025,3.163467130656727,0.5002521409874432,13.646168880879713,0.44682193773533874
4456,UNCHS001958,3.159524634984564,0.6593839020758576,13.646271892516552,0.4697086461965173
4457,JAX00263594,3.138096775843678,0.5933523621147337,13.650591963431452,0.62435432883702
4458,UNCHS002027,3.114138703371964,0.6470358040662623,13.659209100948601,0.4521723711998619
4459,UNCHS002028,3.1105951087001813,0.5366767458014104,13.665442291444151,0.5573800240257801
4460,JAX00263611,3.176855506663287,0.3368861895836218,14.069898409663438,0.4422523207194151
4461,UNC1486466,3.1744858524134543,0.654456011080633,14.14396595154858,0.5796019097354448
4462,UNCHS002029,3.1439341141303885,0.6165163213255211,14.419442728007425,0.4404369093955919
4463,UNCHS002030,3.1421241646371527,0.5214134005649007,14.42297464821445,0.5296052434346363
4464,JAX00263645,3.1415288190250976,0.5610158877216025,14.424164991603448,0.39134748661618096
4465,UNC1488201,3.1102927279680443,0.6446959327410394,14.486650847227565,0.4419339493612334
4466,UNC1489878,3.1108455325420437,0.546949383991855,14.510224170357105,0.7109882035067474
4467,JAX00008467,3.113563218774516,0.6637358161783348,14.530070485822762,0.502651940175672
4468,UNC1492051,2.9913973122270363,0.513627571644297,14.613593638344582,0.35905234479717224
4469,JAX00263720,2.9800856675287832,0.8311379809402548,14.700964223155552,0.4695810012406293
4470,UNC1494993,2.978706822294953,0.40698763827009937,14.719937059236372,0.35175160396590965
4471,JAX00263737,2.898674515007542,0.7651750293655482,14.676958194281042,0.44227218507387656
4472,UNC1497833,2.895683513502263,0.5826299069955306,14.676218095981312,0.48700444524055775
4473,JAX00263762,2.8549858308110743,0.5563555452541871,14.713846745548153,0.3873574626768648
4474,UNCHS002033,2.8830351881422303,0.47739165328391425,14.764704448541352,0.3970281979612031
4475,UNCHS002034,2.883436661243195,0.8639088241372856,14.763934197741719,0.42259296234892213
4476,UNCHS002035,2.898467164071235,0.5990311020330356,14.746582213911324,0.36967431034246095
4477,UNCHS002037,2.8986039636233727,0.48019322785175084,14.746994866839714,0.45305743230376483
4478,UNCHS002036,2.8987269535841733,0.382180206360297,14.747368105773148,0.4207997885514953
4479,UNCHS002038,2.899257606318315,0.6219005215661948,14.748269283870059,0.387025117978978
4480,UNCHS002039,2.9122877677293673,0.4791881775753706,14.747544913464935,0.6385797114188243
4481,UNCHS002040,2.9105616759079567,0.6208300046903494,14.749606121269153,0.4933131459675893
4482,UNC1502088,2.8975263528780033,0.562973226421872,14.764932064458435,0.43016258383800343
4483,UNC1502527,2.9792714579884887,0.44519697841552347,14.845698084285686,0.29387258113342823
4484,ICR175,3.130970422008886,0.5692336175653041,15.007556729236285,0.75886312930297
4485,ICR4175,3.1309742322475813,0.6897901385344205,15.007531733023143,0.47109950778190857
4486,JAX00263818,3.1348815998667305,0.5200763417384897,15.041151900577233,0.45152471643665343
4487,JAX00263819,3.134883920006132,0.6326280715761324,15.041153417661008,0.39045763144509266
4488,ICR4176,3.137543976535426,0.4704858034490632,15.045017782631703,0.5542522851409535
4489,UNC1505153,3.1377009623201957,0.4904881741417267,15.045573650089864,0.5461128926522243
4490,UNCHS002041,3.138071256008743,0.6270495353043736,15.063043471922583,0.5573885575166644
4491,UNCHS002042,3.1089284781246533,0.4977077958544029,15.067719485898579,0.5822205284268717
4492,ICR177,2.9657024792184075,0.6423972077760285,15.281979365143798,0.38502154113351206
4493,ICR4177,2.9667325199416155,0.6209644709933902,15.281836102607258,0.6355664779492104
4494,UNC1507827,3.102416030483255,0.6464402086230425,15.154945032924843,0.2969169994650129
4495,UNCHS002043,3.785120841390608,0.6258317601437808,14.851054190677587,0.33259605078498955
4496,UNCHS002044,3.8004482130900215,0.4336912589669735,14.887284923943298,0.5826028831130114
4497,JAX00263851,3.8081652352198034,0.5239363262098023,14.964311101369958,0.3545549677761839
4498,JAX00263863,3.8136746080353987,0.6651889043682182,14.964761904350325,0.3858230301113066
4499,UNC1510005,3.82989072502437,0.4926195092189685,14.948035243809954,0.48050674972067714
4500,ICR179,3.8298653564631877,0.5621241152215803,14.951510326908192,0.338568048369043
4501,UNCHS002045,3.832875091170081,0.29693967955943246,14.966383504204941,0.3086944632345692
4502,UNCHS002046,3.8342871811719306,0.3940330458573582,14.965677406525629,0.5249585868751738
4503,JAX00008568,3.862559918493389,0.45628181782114474,15.004481477187255,0.3416967974412764
4504,UNC1511575,3.868362259544483,0.40165694591466994,15.01011166812691,0.35723089823584997
4505,JAX00263896,3.8693748188725294,0.4403353795695552,15.020477505537656,0.4585458966382698
4506,UNCHS002047,3.8702187022522594,0.4968998933423851,15.037765649315588,0.36003236812177536
4507,UNCHS002048,3.8709008445093787,0.530447914631635,15.026209467521767,0.4647257344167227
4508,ICR4186,3.712687555151888,0.35781080481219163,15.0175158500208,0.2963980731492859
4509,UNC1512461,3.7503593503111006,0.37877920949742305,15.061844907700788,0.26574391133841146
4510,ICR187,3.7264381676141056,0.4259972776364197,15.020066676054967,0.4835813371623456
4511,UNC1513655,3.8231070780270784,0.268972789605118,15.097981875219602,0.34984190031355716
4512,UNCHS002049,3.957112997946979,0.33869567980519827,15.28290050878104,0.3563473827776074
4513,UNCHS002050,3.9669288641346157,0.45568414699390003,15.294641473857382,0.3641481317464178
4514,UNCHS002051,3.9662703812928157,0.5730779168370769,15.291082191315127,0.3098954779556028
4515,UNCHS002052,3.9662293608466825,0.4070555109288185,15.290537192734291,0.2526573172686732
4516,UNCHS002053,3.9663342331161857,0.5740286074964689,15.290687469665727,0.38122477742234256
4517,ICR4188,3.966822468476721,0.35660410507459034,15.292668415571598,0.3739524888260265
4518,JAX00263938,3.966884579935595,0.521108516619502,15.29294654850628,0.665211224847592
4519,JAX00263940,3.9672165307547402,0.5710564917239096,15.295916516750822,0.42434137115753257
4520,UNCHS002057,3.966944314506236,0.47848912642466107,15.306182560531397,0.44380104491219474
4521,UNCHS002056,3.966998151696771,0.2886582423129528,15.306342389091924,0.4313294192907551
4522,UNCHS002058,3.9671230920921516,0.285523802059715,15.3067658516336,0.4944886730668681
4523,UNCHS002059,3.9696628725316714,0.2850797572663556,15.314738208106291,0.35108280827534144
4524,JAX00263954,3.9696724779221313,0.2538263844370445,15.315047391452254,0.49365677542805375
4525,JAX00263957,3.969775882858812,0.5194920532952484,15.31555148916118,0.5548908745644134
4526,UNC1515066,3.970256793241333,0.3786690368510003,15.31833654763841,0.28903692002434644
4527,UNC1515883,3.9724719936848487,0.4559369984112729,15.331220717796214,0.44469667975831445
4528,UNCHS002061,3.974826204225792,0.3522313153959458,15.28285569624336,0.40403336585463845
4529,UNCHS002062,3.96443684929136,0.4336295575397917,15.250685430607064,0.403452210411233
4530,UNCHS002064,3.932588259260683,0.3196234483972538,15.142667500049356,0.4157493908370978
4531,JAX00264017,3.6203403612912552,0.33981814624120293,14.06134824282799,0.5560190857705236
4532,JAX00264021,3.73590073398168,0.4304092628895455,14.224070257655512,0.5695208260272712
4533,UNC1518702,3.7023620548188774,0.4279866906953616,14.303556851711619,0.5898033231674439
4534,UNCHS002066,3.6754689175506883,0.49479518491652374,14.18737305359059,0.3869416366508168
4535,JAX00264024,3.6784371279491097,0.5330040799552954,14.103223475197865,0.4967870706780201
4536,UNC1520274,3.7264566939547876,0.5458983001884892,13.36922565722216,0.6775490596313956
4537,JAX00008637,3.7278625991616536,0.3242029605723611,13.363036029335717,0.5633606189871361
4538,UNCHS002067,3.7019391133633235,0.4422582881216648,13.41777409623387,0.522741889665434
4539,UNCHS002068,3.7052099876409557,0.43456977244260175,13.40525547053494,0.6070343601116384
4540,UNC1520510,3.70595192430892,0.5010745786697447,13.407660692098716,0.5387869846208787
4541,UNC1521058,3.713658621636796,0.3436379821024319,13.432876242756038,0.6615651143433822
4542,UNC1521453,3.7201981708726635,0.5905860017004378,13.453753433030897,0.618457896655538
4543,UNC1521901,3.727238162842923,0.3019333299468647,13.472779363148447,0.3348407536582774
4544,c1.loc119,3.7321175576539645,0.5254031258602707,13.481941843831237,0.5486857228984963
4545,UNCHS002071,3.7349878988995897,0.5311746169011669,13.487335395171158,0.5280431387212996
4546,UNCHS002072,3.7349974945725535,0.3962012404238705,13.488417486511253,0.5664432042854474
4547,UNC1522291,3.737714056960158,0.4349935389293028,13.493228178756453,0.8249197730093474
4548,UNC1522647,3.747192491315218,0.34788036930144606,13.50991636727963,0.4986152241608248
4549,UNC1523042,3.9372889893384126,0.3972446491302968,13.310633674973133,0.6224825761358062
4550,JAX00264108,4.003949108092684,0.4390907314681114,13.252942244162796,0.48427543874134243
4551,UNCHS002073,4.016148109738879,0.5098987049715347,13.427681510269394,0.45158606545420527
4552,UNC1523413,3.9329901829839855,0.3839815081694802,14.010352839231246,0.40044528901050813
4553,UNCHS002074,4.172579602437736,0.2832778715761537,14.64356832685985,0.3259463931361497
4554,UNCHS002076,4.166978941987054,0.5863940135308384,14.714612599402471,0.42918647244738395
4555,UNC1523747,4.140373917162378,0.29138411972831774,14.546794604647175,0.5226619186844809
4556,UNC1524054,4.152911445230757,0.38345003298421815,13.924985425290288,0.6231929378930315
4557,JAX00008666,4.1972555713323345,0.26537294980697357,14.066896626188282,0.571762508331378
4558,UNC1524644,4.197090344199978,0.42936348616395664,14.056719458511225,0.42089549693167133
4559,JAX00264146,4.196783255160653,0.39076955736283203,14.043141618535174,0.9090477001687375
4560,UNC1524993,4.197903543688426,0.36490931038083074,13.996297305136068,0.37828775383688945
4561,UNC1525753,4.214381605434937,0.4031939304286193,13.80506349901043,0.4793153577643117
4562,UNCHS002077,4.2336930600790765,0.505478891873413,13.743739359025994,0.5605867828896105
4563,UNCHS002078,4.21506310777886,0.4890327904211164,13.698812917823716,0.5446706890927135
4564,UNCHS002079,4.220246812712276,0.5250614114871177,13.688455866099957,0.5951160549026088
4565,UNCHS002080,4.224017702191759,0.26434165802414133,13.686378284153989,0.4797661609909895
4566,UNCHS002081,4.2264688221121105,0.3044079716565646,13.68646170035845,0.723943716211679
4567,UNC1526621,4.228039270722775,0.45996957510393155,13.684942447020376,0.7681011292714066
4568,UNCHS002082,4.229520489058359,0.38314368246957425,13.681288755921969,0.8168388229108954
4569,UNC1527031,4.2626782520706,0.5374052588749048,13.607173137271957,0.6510945580307134
4570,UNCHS002083,4.276259627060199,0.3268961082600122,13.579809989989826,0.4273478500504335
4571,UNC1527204,4.282785544834951,0.3333827877132536,13.567806681844559,0.5782438257454211
4572,JAX00008686,4.28270337332151,0.4032316337069773,13.586836590785197,0.7124113348908007
4573,UNCHS002085,4.283714659120051,0.18205668482241466,13.614799122967497,0.6178097673412993
4574,UNCHS002086,4.283945501038943,0.4504016806376192,13.623592697857248,0.5425812039907181
4575,UNCHS002087,4.286163913968039,0.3504903215885361,13.636852878882792,0.7550022467617057
4576,UNCHS002088,4.287040379871087,0.19036272783735494,13.64171535962896,0.4809131735831653
4577,UNC1527658,4.291826475096059,0.24655458255940216,13.665178905458788,0.46195988102198143
4578,UNCHS002089,4.292488133885172,0.34937722197692384,13.667948671214845,0.47218911533526703
4579,UNCHS002090,4.292690673009929,0.23323110496516228,13.675620523270481,0.3531824180772274
4580,UNC1527814,4.295448560445038,0.2974117296715748,13.68445620966645,0.6253568367871909
4581,UNCHS002091,4.295752351585179,0.3547406490468633,13.702154107762453,0.4738851115575386
4582,UNCHS002092,4.297544307024964,0.3500332701914983,13.704721736403371,0.5345103351493004
4583,UNC1528262,4.308256109598005,0.26192344290429265,13.725703894329627,0.5510201975631193
4584,UNC1528576,4.316135036972582,0.25330148839510114,13.742855310639243,0.5091520868350935
4585,UNCHS002093,4.323714638574074,0.23050178743824964,13.756574613055818,0.478694553362277
4586,UNCHS002094,4.324794135925458,0.3481285385939621,13.756492934475773,0.7399102562144713
4587,UNCHS002095,4.326300463736516,0.22856318662557878,13.755950165276772,0.8757057239389222
4588,UNC1528926,4.327640494680054,0.5776477338282895,13.748908741606556,0.483301852700825
4589,UNC1529295,4.463104130529246,0.2643246807032824,12.737127819988018,0.5216464896363127
4590,JAX00264195,4.4690305351793995,0.40612374680515345,12.713475414769846,0.8233141522679638
4591,UNC1529781,4.6190029389317715,0.2289007901658268,12.400247777398818,0.6764030801267887
4592,JAX00008712,4.619382609546847,0.2777678118108705,12.402672403562292,0.7461482310340141
4593,UNC1530011,4.623336883741558,0.33603903481241715,12.416085211160407,0.6607244838040103
4594,UNCHS002097,4.62841087068,0.3545669671832879,12.438302819370392,0.6865518229551859
4595,UNCHS002098,4.629116687897067,0.23798255250338216,12.441370624066394,0.5378855736235967
4596,UNCHS002099,4.631180378224826,0.25943199672266426,12.450272156465417,0.9782703868286774
4597,UNC1530571,4.636036458169428,0.2575445356425189,12.47020972448513,0.633148561867192
4598,UNC1531455,4.37632915520976,0.30112841051601963,12.642862221639916,0.6035977971649342
4599,UNCHS002101,4.368658378818964,0.37307967078919074,12.646631598908698,0.59345579622085
4600,UNCHS002102,4.355648147542524,0.44547701218524377,12.654238649677382,0.7863512064145589
4601,UNCHS002104,4.534000462565928,0.33574507747059695,12.553189684785366,0.5426361990359889
4602,UNC1532108,4.900867472562595,0.2595169499232315,12.349871829772383,0.6208970451447432
4603,JAX00264245,4.91101932931133,0.19247283000270105,12.374822119813416,0.8628115162590926
4604,UNC1532665,4.912680148308937,0.2054119893175833,12.37898684935999,0.8133172398240539
4605,UNCHS002105,4.913710451467523,0.1939455072313017,12.380301357731696,0.7488383252460735
4606,JAX00264249,4.914451050534808,0.2604534888201587,12.381276024544377,0.7063389266147224
4607,JAX00264250,4.91453374450748,0.21088926159752325,12.381083027444674,0.7097829929120045
4608,UNCHS002106,4.914673813842455,0.27039098933657707,12.38131449608727,0.8299551269571085
4609,UNC1533406,4.925775437692209,0.2932265194296227,12.397631939934172,0.6205802311494703
4610,UNC1533578,4.930268321933454,0.2758012605102186,12.404722155521313,0.6359325995515489
4611,UNCHS002107,4.950430989231336,0.3416872889448434,12.40391389460683,0.6896276108296109
4612,UNCHS002108,4.864369594739401,0.20790098204421156,12.34012420700401,0.7424922634351517
4613,UNC1534211,4.690411963256793,0.2815445032942466,12.560770033123617,0.7800230867201287
4614,UNCHS002110,4.387879088259524,0.24849942199335542,12.318683728531369,0.9499684229065061
4615,UNC1534707,4.3731127147405005,0.45503768907557157,12.29345945658838,0.9020665233932602
4616,UNC1535395,4.390905076772242,0.38260729579780317,12.313564448262468,0.7079801769838718
4617,UNC1536513,4.77344065079069,0.28521803484242564,12.202408735911149,0.7273299235672832
4618,UNC1537101,4.787054711928704,0.14155172804982435,12.221526670263984,0.7668493593614654
4619,UNC1537657,4.801258228402958,0.2525667986278869,12.241839831973039,0.7540642489372048
4620,JAX00264350,4.806137248207733,0.23889682508440388,12.25215860920025,0.7522563232818409
4621,UNC1538064,4.81117806101247,0.3767258055931005,12.262812119823366,0.6593019196035028
4622,UNCHS002111,4.818800420003527,0.18347889258590375,12.279519383015895,0.6975073135483174
4623,UNC1538671,4.822744339464634,0.3112424265207893,12.279990797166647,0.5114142920420606
4624,JAX00008758,4.8246539079109425,0.2744207648241256,12.280106565473716,0.6260431653536956
4625,UNC1538944,4.83237104302998,0.16819550345638465,12.279025709705138,0.5504779068769874
4626,UNC1539642,4.849421711277955,0.17577024406483074,12.278506165200497,0.6773176344577724
4627,UNC1540440,4.845579174073237,0.21592109031358628,12.21688544248832,0.6811130212601619
4628,UNC1540789,4.831605832079504,0.2884094135339583,11.685522067103875,0.6859064651263874
4629,UNCHS002113,4.703940206641619,0.46576476139463774,11.909124576376826,0.6016835509999213
4630,JAX00264426,4.570761232624818,0.3258848589567054,12.183146886567329,0.794104353771536
4631,JAX00264435,4.546724095610898,0.25213026531200083,12.1997266324247,0.6112160203684454
4632,UNC1541525,4.542914724159118,0.35317652422538925,12.202430195026636,0.8088859226949129
4633,UNCHS002115,4.553562221372886,0.21561299298691222,12.231388075683526,0.675275545367382
4634,UNCHS002116,4.554804946227023,0.19740300568140257,12.23471961074415,0.6682717380352718
4635,UNC1542793,4.559943160847752,0.26227622810117857,12.248265515664798,0.8088534792506832
4636,UNC1542863,4.562820715516864,0.47093058913211827,12.255826218056882,0.7710860561272056
4637,JAX00264492,4.5846827561615555,0.49810842533442473,12.290497870412992,0.7763507406406631
4638,UNC1544022,4.585147447385907,0.2795508579382964,12.291162488866803,0.5394929049703551
4639,JAX00264502,4.739925967444378,0.2733435141286542,12.231282742657186,0.606151224439214
4640,UNCHS002117,4.754315155008726,0.19770920474949583,12.235206279035538,0.6869516790473015
4641,UNC1544725,4.838506615609731,0.22624455728396034,11.900264936930625,0.8462969355268657
4642,UNC1545055,4.873697668683235,0.25024389987357964,11.612371410925789,0.9678936104596498
4643,UNCHS002119,4.874926959344066,0.3086691344098459,11.611401973791317,0.6263607995934994
4644,UNCHS002120,4.884555008019106,0.32188218191590656,11.554875451152384,0.7253866818377724
4645,JAX00264533,4.919654239607553,0.15969530359346146,11.039232787545188,0.941456921315338
4646,JAX00264535,4.929655297219597,0.180430017948404,10.98122182022098,0.741084931047557
4647,UNC1545975,4.958000722283259,0.18942904189824372,10.92359938227196,0.7844533607000228
4648,UNCHS002121,5.142308136449628,0.19826022543817007,10.724354578513385,0.8991032592170684
4649,UNCHS002122,5.261142126628101,0.19399716298345906,10.69157886783023,0.7884899474234544
4650,JAX00008801,5.840788005257764,0.11875669786439438,10.813447500874645,0.8293110420691675
4651,UNCHS002123,6.277170852922836,0.09943988399598998,10.948658567229813,0.6593185228528209
4652,UNC1547202,6.282441369470689,0.13837947534854209,10.950957928199387,0.7211549504603054
4653,UNCHS002124,6.296817804268358,0.08067654172838261,10.9534935006659,0.8501466188064534
4654,UNC1547605,6.322517598765899,0.09912006629028143,10.974943812193942,0.7011528015639051
4655,UNC1548133,6.310713907586205,0.12252179677203992,10.940574503219068,0.7759177252643158
4656,JAX00264581,6.310881046664463,0.0730234608387928,10.940883562045883,0.6628037416522832
4657,UNCHS002125,6.3199617150305585,0.07741655178464943,10.959768386178666,0.8813059359196982
4658,UNCHS002126,6.303816125749563,0.10371102653418424,10.939708087832514,0.8330770596679553
4659,UNC1548528,6.283736250557013,0.08373837219371483,10.959056575273507,0.9772645503576156
4660,UNCHS002127,5.09821367165523,0.21531019346991678,12.384587045047283,0.679120234665478
4661,UNCHS002128,4.974743136142479,0.3101618599289854,12.571176705650487,0.7953950047686219
4662,UNC1549118,4.984057845820189,0.24598322908541362,12.599157828974057,0.7935753215737391
4663,UNC1549635,4.97766743639113,0.24585695007564934,12.642159378880024,0.7104103346299793
4664,UNCHS002130,4.89183349277846,0.3381925379736251,13.055115737171946,0.7075487601441142
4665,UNCHS002131,4.875320513240922,0.275141954095624,13.0909941096711,0.6748738149600366
4666,UNCHS002132,4.876248965837249,0.19880994271557784,13.094865172694426,0.634202912186611
4667,UNC1551053,4.879752448186991,0.29236231280433556,13.107333800601282,0.7368893295372461
4668,UNC1551705,4.901044688336469,0.36259123595198317,13.17995694255319,0.559718030741359
4669,JAX00264676,4.9015181128327185,0.28290292524323507,13.18544323361084,0.5973122411756955
4670,JAX00008828,4.901546122087439,0.2830365106348788,13.187268891579834,0.6275353745600979
4671,UNCHS002134,4.902009463704417,0.13110499752588003,13.20455233943062,0.5278128303957842
4672,UNC1552601,4.9017617708930175,0.34069466000152593,13.209447803683588,0.5369284897242775
4673,UNC1553066,4.900832165614702,0.3568571388412063,13.225939866978024,0.4135177706842077
4674,JAX00264726,4.89952344011931,0.1886696726896309,13.244139154137201,0.8364703631516363
4675,UNC1553663,4.899258203065074,0.5823325850175087,13.247232244115594,0.5184181131128399
4676,UNCHS002135,4.8920456748523975,0.24246118979255976,13.23825570615918,0.5984728793079189
4677,UNCHS002136,4.882138309659467,0.4065600203899798,13.227508389436252,0.6551524898043983
4678,JAX00264734,4.891923815979908,0.1905445300642508,13.39114302468829,0.5713106380951812
4679,UNC1554218,4.891803602468826,0.32206348675432944,13.409928372252807,0.5288372017289317
4680,UNC1554604,4.887531875453533,0.23044476486046384,13.469898892054061,0.5621664977602966
4681,JAX00264752,4.884043774213069,0.19087495450683478,13.480448901517775,0.6439776455905899
4682,UNC1555131,4.881643272634847,0.27212332712245857,13.487982379171399,0.583452472855922
4683,UNC1555537,4.8775217043178145,0.1725324194414166,13.494048676813463,0.4163349816201292
4684,UNCHS002137,4.876828523571703,0.2481971679422017,13.496822395517711,0.6723576710597686
4685,UNCHS002138,4.8766531124533685,0.1290434835874631,13.497462865412444,0.6822670057021185
4686,JAX00264770,4.8755759462337664,0.3579074290718237,13.501239958405904,0.638911606704396
4687,UNC1555971,4.87551921094655,0.2274959205373406,13.501433364362128,0.5239622991606261
4688,UNC1556610,4.872210258404948,0.2549184168196885,13.512521254830745,0.5462151698320926
4689,UNC1557009,4.869606983886797,0.23646007923185783,13.520700973979274,0.44519789905273077
4690,UNC1557382,4.866554713892583,0.2930211913001298,13.529849773782644,0.44864530394717217
4691,UNC1557877,4.862604557274153,0.293055691580594,13.540087078803253,0.4490770483747178
4692,UNCHS002139,4.851552071401329,0.36275711723281184,13.552796288517357,0.6224556676184642
4693,UNCHS002140,4.851083365663953,0.2647957653717911,13.554008098827808,0.6204783880742747
4694,JAX00193145,4.855650683231488,0.22365408600473086,13.553664912062231,0.5311421980959288
4695,UNC1558377,4.861989552444356,0.17209488539340226,13.553610429703667,0.6044701340760843
4696,UNC1559206,4.899076418468439,0.3616335422802063,13.546690762246271,0.5006686478860249
4697,UNCHS002142,4.9032764935934665,0.2568715261800665,13.546058180448654,0.6302943501317351
4698,UNC1559573,4.9121428931687205,0.2429517926664691,13.546163903418119,0.4655303478691951
4699,UNC1559954,4.923197128251104,0.19178794636045743,13.545987915557362,0.3677167797778365
4700,UNC1560429,4.931869365336297,0.16060457579422693,13.631612116432734,0.5374673469573893
4701,JAX00008882,4.932822900625524,0.21529795273412333,13.643035009957657,0.4607506173853447
4702,UNC1560906,4.928103972033568,0.19373981228173293,13.724218366229707,0.4062790332695382
4703,UNC1561385,4.918140053164279,0.11299404519392575,13.848942681025164,0.5148424261347616
4704,JAX00264861,4.924852606099648,0.2788381964688811,13.849870293561253,0.39572137052946754
4705,UNCHS002143,4.899363844294612,0.23886071597980718,13.857416939617679,0.6333343858511935
4706,UNCHS002144,5.038647026684657,0.1606093151972077,13.89334301185204,0.6389438236195063
4707,UNC1561530,5.115382982814026,0.2715690737820473,13.924565720926694,0.6631434042670681
4708,UNCHS002145,6.162417586681386,0.09415248914028726,14.074480260522705,0.5318117703276997
4709,UNCHS002146,6.316562429726673,0.08826929816326363,14.003229883710446,0.5293806536667068
4710,JAX00264874,6.0530793496675415,0.1289010962923072,14.113163353729078,0.5471557063723425
4711,UNC1562414,5.916411561744326,0.15456087781378122,14.167937746121197,0.40798460009027177
4712,UNCHS002147,5.903047122548514,0.13230552768684625,14.181737944863698,0.4746281960926488
4713,UNCHS002148,6.0549152373130255,0.15724440740702322,14.518996530882987,0.5215507973672724
4714,UNC1562928,6.047361844855686,0.0946318404204609,14.562543298813807,0.47093597178965657
4715,UNCHS002150,5.920090431403423,0.11220353923859351,14.089097368748526,0.63177308350607
4716,UNC1563598,5.920492168991586,0.20621570511039553,14.106284047208419,0.6123231076824825
4717,UNCHS002151,5.809228721802356,0.15940776615299201,14.13991578229161,0.4073274066374978
4718,UNCHS002152,5.801085773261093,0.13485140489226505,14.142645513388516,0.5723281374247435
4719,UNCHS002153,5.751976662976176,0.18251623359386074,14.153112509632592,0.6846899575207213
4720,UNCHS002154,5.7325738192089375,0.20232210145689736,14.17756107502828,0.6867470860675339
4721,UNC1564999,5.721164746615841,0.16905154413986506,14.474960806477384,0.4342647492286585
4722,UNC1565720,5.7159712892582775,0.14777282869649833,14.707431525511993,0.5373202652523766
4723,UNCHS002155,5.7115671801557255,0.15856853540177782,14.842850440365282,0.4538942041217414
4724,UNCHS002156,5.0266644839373384,0.15821133212086885,15.226588285143634,0.422015104976627
4725,JAX00264925,5.025534445780522,0.20992898397751514,15.232226736282882,0.48538532350554475
4726,JAX00264927,5.025505600008273,0.22693594904448666,15.232570921854176,0.4403777026875523
4727,JAX00264954,4.933532796871759,0.3175694363078108,15.345643419336966,0.3758808995740713
4728,JAX00264959,4.894392834625933,0.432926360310611,15.378411190057932,0.3118669102871083
4729,JAX00264974,4.836822052404159,0.18462867005541514,15.411387121365351,0.34635632220197227
4730,UNC1569501,4.79200096346176,0.23279579798524744,15.427865734704483,0.40916160632676035
4731,UNC1571149,4.804806123972867,0.2844345738500597,15.434129143269274,0.37191945649814334
4732,JAX00265049,4.8033221027449144,0.3492764165420057,15.447757123754172,0.4116753986822069
4733,JAX00265059,4.820739125842465,0.2421360272375096,15.44453568372046,0.29773752138690707
4734,c1.loc123,4.825161090448546,0.3089553518404174,15.442360907173224,0.32557577877710814
4735,JAX00265073,4.828235411815967,0.5545232732869477,15.440815668602681,0.3598215981146453
4736,JAX00265083,4.831650297945998,0.16300575260874864,15.451843052383538,0.49354686799487707
4737,UNC1575520,4.838829456355597,0.518316049469681,15.499136761241516,0.5423258156394738
4738,UNCHS002157,4.841873362425986,0.31426668279429154,15.518861595366843,0.25987549236437807
4739,UNCHS002158,4.842066045963293,0.26555108349342044,15.520096525239978,0.40239982296018273
4740,JAX00265126,4.826736794740782,0.24830039070753074,15.482127242381921,0.3105661276858448
4741,JAX00265134,4.799431142876983,0.2801083568141687,15.442621533474721,0.39142321258769674
4742,UNCHS002159,4.789248720612704,0.22067545194116567,15.4279261421716,0.2390057200261149
4743,UNCHS002160,4.788359649811355,0.16433625831559018,15.426648674964326,0.5359579612865056
4744,JAX00265152,4.79960083615083,0.2584811633174974,15.411049017781579,0.37867534518031737
4745,JAX00265157,4.804899355200632,0.2683087916915352,15.40375849414113,0.3367300115828645
4746,JAX00265160,4.803720057469718,0.2300981517426418,15.4021295421378,0.32255254300855934
4747,JAX00008984,4.774076465065718,0.3861198259959689,15.363957850199995,0.3075490655185455
4748,UNC1581474,4.7723880169648965,0.14175335301853567,15.362153862324021,0.348811279562571
4749,JAX00008986,4.786722617328223,0.36589923276786823,15.354442012769368,0.3589115163486241
4750,JAX00265216,4.802474524393801,0.21346270694974326,15.34791809387957,0.3782057823109036
4751,JAX00265239,4.861763802362702,0.2596617476614293,15.335650868825724,0.42271412337565056
4752,UNC1585109,4.91457601016964,0.31289764732573117,15.33436100517497,0.47953510649766257
4753,UNCHS002161,4.9147980993875535,0.24608285735336277,15.334316569720158,0.35793859444939496
4754,UNCHS002162,4.911373681427449,0.28337225735608207,15.327093394138501,0.30899879248075734
4755,JAX00265269,4.746421348520698,0.17579082139378366,15.26497520133853,0.5586787407926707
4756,JAX00265276,4.661679532930066,0.27152004998618395,15.26574393576766,0.5308024044017379
4757,UNCHS002163,4.640331437713257,0.20341110091429968,15.287314331167636,0.26295485068921864
4758,UNCHS002164,4.876266939416382,0.3067073918916329,14.074861851575406,0.38844806615772326
4759,UNCHS002165,4.84780376218805,0.22645000301315713,13.93612743202084,0.5796514271860754
4760,UNCHS002166,4.849338897858843,0.2908602033402561,13.92631384800302,0.6995374028655247
4761,JAX00193192,4.871208340031444,0.26076450730298234,13.821555801301884,0.49873215873439586
4762,UNCHS002168,4.897699686219539,0.20642507266420448,13.78236426569515,0.6104815734488375
4763,UNC1588458,4.94307366292378,0.26849724488249593,13.709477006967973,0.4018339782477632
4764,JAX00265320,5.140040732379248,0.14460224542268027,12.529013393686,0.9104041365049514
4765,UNCHS002169,5.165017713038878,0.3565016793942213,12.398021575053008,0.6127490842913436
4766,UNCHS002170,5.167501768945158,0.18291807220890377,12.385652735346412,0.7225531862526823
4767,UNCHS002171,5.200733692029644,0.25551438307948665,12.233536357776984,0.7588689801778131
4768,UNCHS002172,5.193177195483031,0.19026393588419074,12.194502691137359,0.6286517543881841
4769,UNC1590608,5.157790424994573,0.2359331842036024,12.208588023418997,0.7101250207795887
4770,UNC011787714,5.089973877776856,0.17707566265271626,12.36881861869665,0.5764684876445406
4771,JAX00009049,5.12019026445796,0.23483533398633616,12.338381037230647,0.5399096126675923
4772,JAX00265363,5.150272653657112,0.4425753622768147,12.314543482049203,0.797167843956703
4773,UNCHS002174,5.150166400611624,0.17216203024291674,12.314581410756546,0.5772328593306874
4774,UNC1593484,5.091461344520894,0.36830982694914555,12.3980360214357,0.5618550547522387
4775,UNCHS002175,5.079194153392109,0.2687364372982046,12.417361505595636,0.4704383914580604
4776,UNCHS002176,5.075022420587402,0.18605797166424964,12.422066496583057,0.7883504819486773
4777,UNCHS002177,4.968994139383085,0.19500594002804986,12.575909726971304,0.7233274112214176
4778,UNCHS002178,5.164541380040873,0.1647808719357257,12.589193404345906,0.6211189376149592
4779,JAX00265422,5.197369654059457,0.21571742912123154,12.673326523986361,0.6227574865266068
4780,UNCHS002179,5.5283187115633154,0.12117839217945148,12.564081206229503,0.7286216942665262
4781,UNCHS002180,4.957192663647675,0.18542999610927371,11.8347987755551,0.792203076146686
4782,UNC1596553,5.241904562322134,0.20340486567319407,11.93691816433875,0.6401585180409306
4783,UNCHS002181,5.2597050551266875,0.20145324879924614,11.937739437250912,0.8087068790880916
4784,UNCHS002182,5.283246250541197,0.23363082168397345,11.946752639823899,0.5461804452765872
4785,UNCHS002184,5.113330530625035,0.1447788457456382,12.107233339670756,0.8157968904244621
4786,UNC1597584,5.113373872580723,0.2735483760994904,12.11143075644577,0.8071305820032334
4787,JAX00265472,5.137999622940697,0.18247619417271913,12.113022674206604,0.530769432142677
4788,UNC1598080,5.206924445619052,0.22731866601290757,12.118871968567873,0.9722801236253471
4789,UNCHS002185,5.2914652720292,0.2640682485489805,12.13089300184015,0.7775284185169582
4790,UNCHS002186,5.397020787427664,0.1601033277130557,12.701577175527746,0.5545997634551809
4791,UNC1599075,5.530996084728486,0.16396670428757423,12.733009799400179,0.6649212094319739
4792,UNC1599254,5.5351165231077175,0.1530226137394876,12.734746562742885,0.5692843029622329
4793,JAX00265515,5.543163111443164,0.1211411751142792,12.784339243663453,0.5613505697143144
4794,UNC1600173,5.54347841456638,0.11921280386917693,12.785876483419997,0.7358497189992367
4795,UNC1600351,5.543492398880517,0.1382083033204301,12.786314271572564,0.6097830234225752
4796,JAX00265521,5.544060978867492,0.15700480083101387,12.786504329770196,0.76879091618308
4797,UNC1602127,5.546289859216586,0.11877366129182627,12.787265045606318,0.7788061206720147
4798,UNC1602439,5.546982420305994,0.11470802010277542,12.787426762384484,0.5872697104213782
4799,UNCHS002187,5.54699838850911,0.166466659978389,12.78749883487717,0.5351908893134444
4800,UNCHS002188,5.53510607712451,0.14851754640983805,12.81327037461665,0.6944493429764683
4801,c1.loc125,5.455080793740763,0.3038967922112281,13.053094324778613,0.7656015666170228
4802,UNC1602949,5.403331383011846,0.21008903865838421,13.165448971250953,0.5813347725104349
4803,UNC1603638,5.0343274600149925,0.24157306757463692,13.627987352510445,0.6700023396044937
4804,UNC1604247,4.628102814909653,0.2137620025080928,14.255834821788994,0.4679787515674261
4805,UNC1605568,4.580209464913423,0.24805319483367624,14.643557909483206,0.33272269424118883
4806,UNCHS002189,4.373703606170693,0.3351300033313769,14.62955767403605,0.5588583314912728
4807,UNCHS002190,4.362243536769483,0.3820803040422321,14.62735547564148,0.42323169411930844
4808,UNC1606191,4.338985671755609,0.38782538219439355,14.6232507286918,0.4199958622238299
4809,UNCHS002191,4.1263080662429275,0.2598769191484305,14.53487118108751,0.5715287840918258
4810,UNC1606618,4.102721664075034,0.3211390136339438,14.538755103589665,0.470869490952345
4811,JAX00265617,4.101400804092009,0.43167157442089515,14.542241886244483,0.3546807288562951
4812,UNCHS002193,4.094244998487966,0.32111681082480953,14.567180971508606,0.45189183926442333
4813,UNCHS002194,4.093934222840971,0.37869131266206296,14.568692797039375,0.47800088730302853
4814,UNC1608009,4.089483828000539,0.2531756202185335,14.592539411580447,0.4157864633779519
4815,UNCHS002195,4.083153773774484,0.3720356847952592,14.627734502528028,0.4725128802646401
4816,UNC1608813,4.082691608221694,0.3154543400141138,14.630165650765775,0.4197512384185791
4817,JAX00265659,4.077816567616537,0.27902410418653073,14.656115047558842,0.456173858949015
4818,UNC1609566,4.0751367298651076,0.3738612354196388,14.670614412543955,0.42724109451863096
4819,JAX00265687,4.078749430735343,0.37485619015431226,14.673058891555911,0.6321074424744965
4820,UNC1610412,4.080570855212727,0.38217172656524284,14.674219055694039,0.47227853734217823
4821,JAX00265696,4.082768832832016,0.43964133578720455,14.675269693657128,0.4561224522751545
4822,JAX00265701,4.114473149289552,0.2772952700076428,14.564462488094705,0.3843507339174144
4823,UNC1611162,4.199434928476876,0.26244762081093637,14.385922561044708,0.5000539823659478
4824,UNCHS002197,4.4780226088676045,0.5313331321064017,14.150061285101174,0.597715579819348
4825,UNCHS002198,4.497306629447621,0.24195864662389674,14.154819940038124,0.6355385066832192
4826,UNC1611714,4.606157296726906,0.43845690141742666,14.17857486850744,0.6552940937700202
4827,UNC1612486,5.162548439338934,0.1211794141978343,14.097306112684237,0.4220816327167404
4828,UNCHS002199,5.164214150145199,0.2675953291757388,14.096986619498693,0.6413670466812579
4829,UNCHS002201,4.964408125108093,0.17499280244667625,13.955953649561707,0.6694508440646748
4830,UNCHS002202,4.955972578843557,0.2920015227643319,13.939872643253466,0.4852669985942505
4831,UNC1613285,4.947906082092686,0.1654389322506062,13.922236865874538,0.3611162607115057
4832,JAX00265756,4.925483201478073,0.1582947174674961,13.614987678146463,0.8672517395009822
4833,UNC1614289,4.993260129004739,0.24442217212875053,13.463827757766012,0.776835156072987
4834,UNC1615540,5.035202163847771,0.20584611285429655,13.341020164571091,0.6550513783180236
4835,UNC1615952,5.0668568387063715,0.24677348395444074,13.301759971069941,0.67416333657141
4836,JAX00265799,5.089033297421793,0.16719571650737966,13.304648996292144,0.5961257303979408
4837,UNCHS002203,5.103068842745415,0.20587280906621955,13.30834674198968,0.6003281096201165
4838,JAX00265815,5.126136486242103,0.14120222735074436,13.315998950635276,0.5263766664922486
4839,UNCHS002206,5.12669128597895,0.22692436631527335,13.3162056641454,0.4674027677884906
4840,UNC1616935,5.131502423471147,0.18460718620389782,13.318513275904934,0.6984902803196816
4841,JAX00265821,5.153456405373845,0.26905516017814085,13.328795259861863,0.496665858679691
4842,UNC1617184,5.046993640296478,0.16736427352198976,13.150050704458181,0.5775613765187347
4843,UNCHS002208,4.976066031927303,0.2696380470209732,13.059428220907193,0.6110304340117155
4844,UNCHS002209,4.984499126067249,0.28100149556340587,13.071880203127876,0.5919149378378041
4845,UNCHS002210,4.986180691486197,0.23184459553794104,13.075003680250802,0.6498337228769527
4846,UNC1617872,5.0037979589415045,0.27033598872550274,13.103171301525435,0.4277683228147244
4847,UNCHS002211,5.00420818640805,0.34596405961235216,13.10431845154676,0.6409807504722905
4848,UNCHS002212,5.015011764125347,0.1928276061812446,13.116479713171884,0.7655438694028811
4849,UNC1619015,5.156395007625861,0.25123433081592406,13.491939278865175,0.4897953119365778
4850,UNCHS002213,5.191291873551108,0.2077668927199237,13.455064435149325,0.5799338946965084
4851,UNCHS002214,5.197540027549394,0.1821953969963235,13.448579217568295,0.4938923540566097
4852,UNCHS002215,5.350604842741859,0.15220272725091735,13.28769123965344,0.6309198732931685
4853,UNCHS002216,5.349456446570457,0.18765154731787206,13.249526616935327,0.6859652833862524
4854,UNCHS002217,5.327915641227264,0.16666089088580757,13.070221854979081,0.8957736870423859
4855,UNC1620550,5.322530062419673,0.34028082991826314,13.023342290025766,0.8933740901050655
4856,UNCHS002218,5.319261678965631,0.2794322370782226,12.99401221365224,0.5620072406160816
4857,UNC1620874,5.335369665594499,0.10350439143826397,12.970340201526142,0.46577007736438664
4858,UNCHS002219,5.3367095026897005,0.20529604516238253,12.968906536607847,0.6691474414132903
4859,UNCHS002220,5.3369436134121315,0.29801168879643913,12.96871428659665,0.6138048430407322
4860,JAX00009192,5.337186654074685,0.1772256848426451,12.96868312067977,0.42662466355009465
4861,UNC1621986,5.431986704517158,0.2597429690480463,12.848297815312662,0.7141700375681721
4862,JAX00265891,5.457661184926337,0.16628158615201719,12.816592156377055,0.6110957539782697
4863,UNC1622588,5.504396562989314,0.20881482254373987,12.762417644142033,0.7062592244483155
4864,UNCHS002221,5.527934532420431,0.23810047640952792,12.733804553196705,0.8557139253701367
4865,UNC1623375,5.631550300424351,0.25856937883261155,12.043568381748628,0.7884528333011847
4866,JAX00265907,5.6331757237048805,0.13620158784019545,12.031204092118514,0.7364561689434993
4867,JAX00009205,5.671968759969332,0.1109312435210086,12.054534749919867,0.878591288500946
4868,UNC1624111,5.737019121319463,0.11633127743345538,12.084279511690056,0.9050638450207724
4869,UNC1624834,5.518634917874806,0.1182017611586128,12.457362946004423,0.779868264731089
4870,UNCHS002223,5.436266174688626,0.239303924944466,12.814390877498681,0.5153686796269392
4871,UNCHS002224,5.278166477612103,0.2201885135420298,12.81408217751391,0.729983168945458
4872,UNCHS002225,5.289346457671854,0.2004415043804869,12.816338753764285,0.6752950736635455
4873,UNCHS002226,5.282021512172378,0.13510682657035902,12.828774393280128,0.559744893742323
4874,UNC1625548,5.281458562470789,0.2581205914598139,12.829752154359767,0.8545885724556928
4875,JAX00265965,5.279734910951447,0.2119263586721605,12.83361323746908,0.5883895226408398
4876,UNCHS002228,5.251454705591186,0.21323414497983742,12.896872181863046,0.6579868594589572
4877,UNC1625943,5.044697804275074,0.21747766637275417,13.080366211378305,0.4656164242780777
4878,UNCHS002229,4.463810938814731,0.24989111827914257,13.43654883990871,0.6734112735703701
4879,UNCHS002230,4.035742178514738,0.3238516294171146,13.001032015826013,0.6195256985295232
4880,UNCHS002231,4.03356361266674,0.2599893150105197,13.005962807550986,0.7228372072309666
4881,UNCHS002232,3.976945284483463,0.35567300854591105,12.974243475695403,0.6699353858077097
4882,UNC1626833,3.5776382361791548,0.48827656590489005,12.779521768805353,0.5821739561796427
4883,UNC1627179,2.7498249886439226,0.6536426238958507,13.29052568687689,0.5353110431585503
4884,UNCHS002233,2.5773549878326776,0.8397796502402275,13.5607724709796,0.7849217477972298
4885,JAX00266010,2.5753605202742165,0.656368098187089,13.59666641938611,0.6279195563311726
4886,UNCHS002234,2.5754482596455546,0.5878633764132765,13.602320812531843,0.5208117183685996
4887,UNC1627950,2.5375342191332493,0.47133804247286687,13.562075032652274,0.7796661955888445
4888,UNC1628428,2.4191545557059726,0.5978460717220639,13.73147500029745,0.501848062328245
4889,UNCHS002235,2.283993924567767,0.8265853636009188,13.944825273904371,0.3858839059981519
4890,UNCHS002236,2.268440368703523,0.9256924265164336,13.902800024336557,0.549504656749857
4891,JAX00266025,2.268555073140533,0.8202068834182548,13.903966142098398,0.5457638525873995
4892,UNC1628716,2.2685498524347167,0.6758197798060935,13.90399189234904,0.48096760413501594
4893,UNCHS002237,2.2676075686179047,0.6488657182597698,13.900047916702306,0.7219586226960755
4894,UNCHS002238,2.251857400687868,0.6928771371800702,14.018323170837903,0.6017940182228494
4895,UNC1629886,2.2314726072654594,0.6712401041874044,14.31233316646967,0.4517718280219266
4896,UNCHS002239,2.2220641287733542,0.6996926620810731,14.40174381100337,0.3975280466098259
4897,UNCHS002240,2.5176410669814686,0.6584212588063516,14.138425457797439,0.5183347443736352
4898,c1.loc127,2.629940412570704,0.6354580231558924,15.67612895847401,0.29474741378352287
4899,UNCHS002242,2.6423358346323766,0.6970042633674184,15.888180297529743,0.3114039577863483
4900,JAX00266058,2.654515428471541,0.6743334399421526,15.915926147585651,0.36593641589833814
4901,UNC1631459,2.623107881344822,0.652111680456208,15.982570050501863,0.2638263848603767
4902,UNCHS002243,2.6847221862647075,0.5768417144815474,15.976894651297698,0.3086219634963283
4903,UNCHS002244,2.6978639663102513,0.6354172594857965,15.97424384699434,0.448379991391384
4904,JAX00266080,2.7294687615508337,0.7747199322436471,15.937596178377134,0.5114830604080621
4905,JAX00009255,2.729347093429624,0.6574046442855561,15.937779280595123,0.32298753327683405
4906,UNC1631899,2.7284743023178635,0.8251274869643137,15.938810549955178,0.3677093247484249
4907,UNC1632661,2.7217647354173096,0.646335501620491,15.947834767290033,0.41644261871868915
4908,UNCHS002245,2.721063535419262,0.592942634979119,15.948881046489078,0.2446043160824176
4909,UNCHS002246,2.7206856213595074,0.6916357618128051,15.949452806009731,0.3889146096745581
4910,JAX00266101,2.719355971828236,0.572335821794869,15.951517671073589,0.39568177976056373
4911,JAX00266105,2.797766511855116,0.6554593708647154,15.805786538518078,0.37225624076452163
4912,UNC1633418,2.8292021815741464,0.6022121051941542,15.699648628936302,0.30540971754762913
4913,JAX00266125,2.8280518896667672,0.6333185816967655,15.712662744501358,0.34049498935607014
4914,UNCHS002248,2.8330867461916114,0.506026290630961,15.732597000906253,0.23691567084247875
4915,UNC1634030,2.833202897711544,0.46100329481420366,15.732003750860258,0.35212581267731485
4916,UNC1635087,2.6498417367490674,0.5751933411694047,15.264499120961545,0.5243411523026922
4917,JAX00266150,2.6498868284675154,0.5880086028596545,15.251719273131584,0.360751274584348
4918,UNC1635382,2.6502726210894707,0.7628144587687128,15.205696679422772,0.4901605108869506
4919,JAX00009274,2.6504483327844355,0.7577681897007439,15.194864872786184,0.49334712802453273
4920,UNCHS002250,2.6505547769857003,0.6640265341375807,15.187585737630116,0.2683320701614035
4921,UNCHS002252,2.650758278846297,0.6489546645929627,15.171360561369283,0.7098303949087034
4922,UNCHS002253,2.6510365676640504,0.6156635095510518,15.118677435655627,0.3088577369920217
4923,UNCHS002254,2.6506306712253718,0.7039406039622594,15.113141030652741,0.5502992010905108
4924,UNC1637133,2.6343646131817877,0.687936471973761,14.998564112016538,0.4410269228755559
4925,UNC1638108,2.7678330128924244,0.6735441506642628,14.564097519871893,0.4234948340073104
4926,UNC1638665,2.790455094348772,0.6155081283920725,14.221859639864533,0.5099834886528629
4927,UNCHS002255,2.8015676592599448,0.7212821075716508,14.20020399468649,0.5866829659089543
4928,UNCHS002256,2.8076955122246545,0.5667368457153796,14.18603475263967,0.38288218150823417
4929,UNC1639318,2.8470063986374043,0.6705903682449185,14.088667041011377,0.4175304682051671
4930,UNC1639760,2.8712132603673126,0.567495256417939,13.969300090158868,0.48847576341163995
4931,UNCHS002257,2.874134915364266,0.48116668603672513,13.96152770440358,0.505990525214886
4932,UNC1640264,2.8800963503583716,0.5733057955543387,13.96108003921836,0.5444011223313735
4933,JAX00266236,2.8991335903126583,0.6775624374052288,13.948836706794054,0.5552583782556946
4934,UNC1641688,2.9004053091653077,0.6680837820195447,13.94812807733365,0.45490813055664636
4935,JAX00266244,2.9039528249511477,0.43338946989724736,13.93071046461273,0.37692216092299224
4936,UNCHS002259,2.934941727560954,0.7824635302051056,13.770299447913885,0.5758208494620832
4937,UNCHS002260,2.9429630644544886,0.4999580791201087,13.745202533350493,0.6065120434854875
4938,UNCHS002261,2.976456951543014,0.4870874111346895,13.64183846364358,0.5954369229999953
4939,UNC1642606,2.985293719481433,0.6181226014697926,13.615197264845392,0.6290635153580627
4940,UNCHS002263,3.0240931115974945,0.6322486109201158,13.568651378363029,0.5655958677860728
4941,UNCHS002264,3.034510839619088,0.48761431088444357,13.570178309590574,0.7288111990533785
4942,UNC1643553,2.897602920116924,0.6961057526480012,14.20724956116237,0.4108585171253671
4943,UNCHS002265,2.899797443962143,0.44908963811520153,14.20953033815249,0.6426382215829907
4944,UNCHS002266,2.901518933258558,0.5651446130337304,14.217870658616448,0.49422309913866896
4945,UNCHS002267,2.93933023884847,0.6703436925023838,14.252017303749653,0.46575378936340295
4946,UNCHS002268,3.1451445702987257,0.6257407151671127,13.6333927353312,0.9118119705621719
4947,UNC1643828,3.1703883613877224,0.8244394041487593,13.596821610695315,0.5821912197655996
4948,UNCHS002269,3.202517226424561,0.48615358362551014,13.526109484058907,0.5903333867275511
4949,UNCHS002270,3.211955099069428,0.46620651008739933,13.500664691347765,0.7893680507253121
4950,UNCHS002272,3.2753844312185265,0.5552848868469238,13.356667490624886,0.7763389727741574
4951,UNCHS002273,3.3240715869460473,0.38675412237106604,13.343899756034034,0.571774409630869
4952,UNCHS002274,3.3256321051117084,0.5080363388815995,13.340748152141032,0.6432591281623207
4953,UNCHS002275,3.0480561011954705,0.4901439143550526,13.281187235638754,0.6243341081953717
4954,UNCHS002276,3.0476661907484868,0.6461116398852076,13.279726626587717,0.5855604766648704
4955,UNC1646138,3.0692829911381523,0.5500862101436781,13.3089417763847,0.8831029963908082
4956,JAX00266341,3.200049581736721,0.7732503574672366,13.587714229636276,0.5703103447012278
4957,UNC1646942,3.2924722868206118,0.382465973200197,13.746566626140066,0.4729092329266266
4958,JAX00266361,3.3572012795211776,0.3682697497720981,13.823907777993554,0.48869026873285565
4959,UNCHS002277,3.360646985321864,0.402317342796036,13.775290347928603,0.6498935259067243
4960,UNCHS002278,3.426639250064909,0.5031948488842694,13.377668579521014,0.5207252698578273
4961,UNCHS002280,3.3048052847011604,0.5352356846238704,13.422126968199564,0.356093701786048
4962,UNCHS002281,3.021059594781491,0.5027440512782544,13.831094686204096,0.6700495773038992
4963,UNCHS002282,2.936001587998362,0.6131422718796204,14.109697668671515,0.46458568778193454
4964,UNC1647475,2.9290445554343023,0.6180067042841778,14.093467738353638,0.5502397188887348
4965,UNCHS002283,2.9271858603374312,0.6214198221728159,13.879022440970175,0.4323457109749506
4966,UNCHS002284,2.8274913771861065,0.5886329389328231,13.748975012074652,0.6815150035298232
4967,UNC1648126,2.9231967306359365,0.7758541453185213,13.952634786830686,0.5495844522918402
4968,UNCHS002285,2.9909064092883,0.6544834389891094,14.110545800926047,0.4828598630909878
4969,UNCHS002286,2.9165336910054975,0.625002832556548,14.209215891048643,0.43575407466618704
4970,UNC1648713,2.958718979038622,0.6099595873600344,14.553347807976024,0.4570984387340658
4971,UNC1649686,2.798847835536435,0.5268553428497396,14.809622557294233,0.407345681305901
4972,JAX00266418,2.782130544404936,0.6171252709064775,14.807887157007144,0.46069816245121115
4973,UNC1650519,2.778593718141792,0.48851866722104104,14.807211079272975,0.5714874925456592
4974,UNCHS002287,2.7580650468776184,0.6203005823966458,14.821463423332261,0.3953177229001553
4975,UNCHS002288,2.5538267840797744,0.8026729462751236,14.922657465853035,0.5592097216024166
4976,UNCHS002289,2.334732017274746,0.8925060561759526,15.057766351200371,0.5184095841008389
4977,UNC1651111,2.3350214071022037,0.8841753556106323,15.05442792212898,0.4094287524353515
4978,UNCHS002290,2.290909593746619,0.7629382890679827,14.743529273102467,0.26791747517069553
4979,UNCHS002291,2.2793766813924776,0.5928825169790695,14.75725522690459,0.3924078753497179
4980,UNC1651375,2.277665652697351,0.9741295050248923,14.759414324959835,0.5152927006357778
4981,UNCHS002292,2.272825416951264,0.6553531117468118,14.754849003277059,0.5610407766967856
4982,UNC1652506,2.0560939222482375,0.8266983109912911,14.597380829804024,0.4371227500921773
4983,UNC1653155,1.9110151164256877,0.8711749147242089,14.291293178572005,0.46691480030202026
4984,UNC1654052,1.7629077405174485,0.9920329826634838,13.845036685810555,0.6691589844549626
4985,UNC1654661,1.6571377095631306,0.8076838122004387,13.918753045945095,0.5516471598797906
4986,UNCHS002295,1.657113234039798,0.811390641895184,13.91866413693765,0.524335194791966
4987,UNCHS002294,1.6562679098028639,0.8315164774302115,13.918759687605416,0.5358961454729907
4988,UNC1655320,1.6494823935126988,0.8807066628738424,13.940638535852486,0.7072804301677343
4989,JAX00266486,1.6563565667829607,0.8211703119263449,13.962542705216492,0.37437115227715195
4990,JAX00266487,1.6570088559806209,0.8441736592242071,13.965316083264725,0.6777504298115185
4991,UNC1655592,1.673390904703183,0.7533228741843261,14.032565420442552,0.5176303892458727
4992,c1.loc129,1.6646592079500806,0.8246277367484887,14.048115981081537,0.5378093720142485
4993,UNCHS002297,1.637925091538591,0.8507073718344466,14.09674087097892,0.547403999908375
4994,UNCHS002298,1.637068651125901,0.9719467551317535,14.098340270436893,0.5191059059905522
4995,UNC1657949,1.6210665938056081,0.994224280685534,14.128962532276546,0.548812285014415
4996,UNCHS002299,1.6209362738600248,0.9558681805273506,14.129215527415909,0.4231819288224407
4997,UNCHS002300,1.6198038358309077,0.7881712788941256,14.131420039922887,0.6201139815481886
4998,UNC1658342,1.6088124312959735,0.9147850062354765,14.153163774019731,0.5374538533226374
4999,UNC1658895,1.5935869304921653,0.9091312219752902,14.184144993480231,0.5978936011022721
5000,JAX00266534,1.5762247805971583,0.8047568392390025,14.22067581974784,0.3312432847681575
5001,UNC1659488,1.5751537744599773,0.8944443017665697,14.222986988214188,0.46274209849995535
5002,JAX00009420,1.5663242154034833,0.830318947964914,14.243670564391095,0.5354860032842684
5003,UNC1659864,1.5619662163176145,0.7781392549997267,14.25296814286844,0.5955625859984303
5004,JAX00009423,1.5532278717930694,0.8626065282276836,14.274155533434396,0.5265624025350139
5005,UNC1660093,1.552750927128045,0.7730706792488217,14.275367913167656,0.6327866684298871
5006,UNCHS002301,1.5423844281647234,0.9396753280293413,14.301080448530001,0.45003392984788737
5007,UNCHS002302,1.5399825991439684,0.8606183509116779,14.307011973317003,0.41949219185140274
5008,UNCHS002303,1.5324766580677078,0.8249980573105625,14.325187166724618,0.5266723033273301
5009,UNCHS002304,1.5316691498530872,0.9897589830054565,14.327628071148638,0.6469519264278804
5010,UNC1660841,1.5313386664072368,0.9648823171284898,14.328452779868485,0.48312636387009905
5011,JAX00009432,1.5165901849275087,0.9567497647613074,14.365858257102218,0.6245482876585426
5012,JAX00266560,1.5136655351332138,0.7870138334794903,14.373252909893608,0.40445522439062037
5013,JAX00009434,1.5124828346786217,0.9112151287601238,14.376243765395202,0.45841074696598627
5014,UNC1661452,1.5124088848035626,0.7389880557711128,14.37643656393334,0.5718055306852784
5015,UNCHS002305,1.2997753194108554,0.9567882141370875,14.4265920404805,0.40726139350024404
5016,UNCHS002306,1.2804318244775459,0.7924069765044006,14.537148382813484,0.5150339574191338
5017,UNC1661967,1.097594435924293,0.9392640450197461,14.772274192099303,0.30583154190424566
5018,UNCHS002308,1.0634384692818912,0.9029326688470063,14.635013429693117,0.5321995486717873
5019,UNC1662525,1.0597429911049403,0.9390655226961844,14.692249383273975,0.3529670478832832
5020,UNCHS002310,1.0556157706432714,0.9061341977214379,14.705989549565174,0.5805699134304875
5021,UNC1662742,1.05323725237281,0.929879630730308,14.712782659151117,0.40685159421470574
5022,JAX00009446,1.0416903610150712,0.9869285202331264,14.74653998151598,0.5549219069515193
5023,UNC1663601,1.046387074893346,0.9375221420233374,14.905520506217727,0.42823575391023716
5024,backupJAX00266606,1.0460302136725659,0.9703262076838034,15.102729499314592,0.3396189266881358
5025,UNCHS002311,1.1321532345521064,0.8830073550455473,15.381119805913158,0.29662994624609007
5026,JAX00193312,1.1303590150416767,0.9981938571403585,15.415032000629708,0.5506712088995959
5027,UNCHS002312,1.1289226472235896,0.9177119962672001,15.440469861638348,0.30945041905805176
5028,UNC1664572,1.120407145789386,0.9888996539393134,15.501553914659553,0.4152418938487755
5029,UNC1664884,1.110264497461003,0.9730580353902128,15.54415013110065,0.5692975037543957
5030,JAX00266644,1.1066338352079583,0.8105354917310129,15.578018770261224,0.268667681743468
5031,UNC1665189,1.10957603396605,0.9878973834424791,15.577615844612637,0.40867907181246566
5032,UNCHS002313,1.098008142360868,0.9875329437810643,15.620960678380925,0.3603037924936826
5033,UNCHS002314,1.0933369009633225,0.8985594268651391,15.642967606118418,0.31877385119940543
5034,UNC1666042,1.0863893163202647,0.9550087394048111,15.664853610855289,0.34550219475929067
5035,UNC1666268,1.0782034743856457,0.9974108051549347,15.690130519210925,0.27123186570932883
5036,JAX00266667,1.0709335322701463,0.8510651213775371,15.727714793357336,0.31254640618450286
5037,JAX00009472,1.0475641902960433,0.9892837502720435,15.802306484688643,0.37962015863522414
5038,UNC1667054,1.0470593865766205,0.8641375573722119,15.806030144704891,0.37424352367807445
5039,UNC1667469,1.079675360104602,0.9357627117142258,16.179999681300387,0.3754340136954819
5040,UNCHS002316,1.002022666457151,0.982290567966613,16.21086318726907,0.5220750278157901
5041,UNC1667919,1.0457131330499578,0.8890124590196216,16.463954649563675,0.3015230030703604
5042,UNC1668538,1.0049461805920146,0.9829804844562994,16.700645926042625,0.251735385223717
5043,JAX00266711,0.993575929924873,0.9743543885534226,16.758182380141534,0.1966011571428343
5044,JAX00266713,0.9933044292154136,0.9463129808075903,16.76044899020144,0.3617548726818852
5045,UNCHS002319,0.9923741206769137,0.9368383936747922,16.783483344776414,0.23869376368821388
5046,UNCHS002320,0.9925795732294773,0.943818123960185,16.784395040788922,0.1818112122523258
5047,UNC1669191,1.0665676575476937,0.9688577943135914,16.60601923984086,0.2682049054544972
5048,UNC1669620,1.5085915320305503,0.9764663820006203,15.770245295559334,0.26993466760164586
5049,UNC1670246,1.499200633854798,0.7745462817806293,15.75846876236119,0.4727455308375954
5050,UNCrs224244572,1.5082470263128016,0.7782234482334692,15.79008609456264,0.23985706297139406
5051,UNCrs216666989,1.5150011406960857,0.9273127498121964,15.779750656996157,0.4110878916920697
5052,UNCrs249866522,1.5190280164824799,0.8386063009163626,15.771683704792622,0.35778229455119087
5053,UNCrs252132228,1.500956587165092,0.9343332298888125,15.876316249665706,0.3375789744371876
5054,UNC1670722,1.5023717951935396,0.7920365883039355,15.875963939920894,0.4251566696588068
5055,UNCrs249021031,1.5065898487655431,0.7896759225938708,15.874837522224652,0.34057247210957486
5056,UNCrs241876490,1.507275985794422,0.9914514555961296,15.874663139895574,0.37091563714819525
5057,UNCrs225470239,1.506990030885845,0.979466760701769,15.875330129499616,0.41887649806571825
5058,complement001,1.5067117641906407,0.9450101705368626,15.875981378106417,0.5489584709073069
5059,UNCrs234720002,1.5066321639365015,0.8174892131641825,15.876390417393395,0.30562391495580304
5060,UNCrs30830343,1.5061646400981772,0.8869580736733629,15.878893062217912,0.2403032258130672
5061,UNCrs30830340,1.5061154102072578,0.7475415687962165,15.879140737764828,0.38434327286280323
5062,UNCrs225374945,1.5061133257390793,0.9484881147393618,15.879151231831202,0.2812838458287366
5063,UNCrs265705264,1.5055396263237526,0.9078165896592334,15.8820426264474,0.2695853348268541
5064,UNCrs30828981,1.505267797573424,0.9275309549133879,15.883414458514153,0.31265883250583265
5065,UNCrs239449270,1.5052628144248956,0.9387652685394923,15.883438381797532,0.4574651640980458
5066,UNCrs255809243,1.5052610815278058,0.6907773011082355,15.883446703308437,0.40073603722103573
5067,UNCrs30828049,1.5051308381375748,0.9966939300517976,15.884073285165641,0.34282759009409325
5068,UNCrs224247166,1.5051012146957419,0.7765166081343833,15.884259742873837,0.3362779281303334
5069,UNCrs30832894,1.4945113998189754,0.7672443956246786,15.808988527434394,0.35171072680264
5070,UNC1670993,1.4595899018620457,0.8859249684851065,15.533739877762173,0.4530550994178567
5071,UNCHS002323,1.4914234099651367,0.836338837950185,15.350321054025926,0.3513395507346112
5072,UNCHS002324,1.569766955904015,0.8126706084725375,15.441660811348584,0.44155973202556575
5073,UNC1671642,1.470508225375852,0.9386101268683813,15.424247700416117,0.3997221702246171
5074,UNCHS002326,1.4700400092197015,0.9975481369006499,15.426829711240316,0.35041535400911805
5075,JAX00266785,1.3551728387305957,0.7365144658009908,15.716863723705956,0.23347847474936742
5076,UNC1672422,1.3497640890834646,0.8684545817193368,15.73038582801928,0.3319112039442008
5077,JAX00266794,1.460749762890373,0.8779530606655863,16.58529272287842,0.2818659616585861
5078,UNC1672968,1.450211723210714,0.8580999126245483,16.62673770073252,0.34006723512578896
5079,UNCHS002329,1.4344245872930514,0.9450892317873959,16.742504501851727,0.2754191625557715
5080,UNCHS002331,1.4345520449628566,0.8788934451338107,16.744102619948535,0.21426717294697456
5081,UNCHS002330,1.4346153256121852,0.8960028781530608,16.74490104577194,0.1872517139900533
5082,UNCHS002332,1.4351590501873943,0.7249417018439994,16.749652274265827,0.2578040540633274
5083,UNC1673446,1.4373232768114121,0.9140686062237239,16.77354720035487,0.21689928507198616
5084,UNC1674733,1.4512426737344413,0.895653848238331,16.87767777423801,0.26751947722940367
5085,JAX00009526,1.454690599927062,0.9661406206546368,16.905554793216425,0.29700188698459773
5086,UNCHS002333,1.4330439814107194,0.9042011465497987,17.13224426238844,0.2611752643784805
5087,UNCHS002334,1.5191853860546871,0.9366297416504358,17.864878225433813,0.2564868670199443
5088,JAX00009529,1.6237780943806683,0.8475023293329337,18.227303819737926,0.2664249916232108
5089,UNC1675521,1.7213972225288217,0.8430613157446836,18.39672798767947,0.20325082527871724
5090,UNCHS002335,1.7325232017644794,0.7877829799849387,18.41790010887098,0.15942733741421208
5091,UNCHS002336,1.7429563288969803,0.937088508894848,18.445950829021513,0.1206431504798065
5092,UNC1675886,1.7697565138635127,0.8549538156741967,18.592234242687937,0.13931359016396178
5093,UNC1676448,1.709549401194181,0.8462745210799947,18.665214329587798,0.11520640428225483
5094,UNCHS002337,1.7141182745006063,0.7658052228270806,18.673658355221733,0.18236271271676938
5095,UNCHS002338,1.7528079977621474,0.7903827654400012,18.64351261147499,0.23375486253007186
5096,JAX00266864,1.7537275047927778,0.878547126602262,18.64580296382951,0.21013972251532773
5097,UNC1676877,1.7554337441579264,0.7168392794211277,18.6503631605799,0.1221869071263105
5098,UNC1677482,1.7613690723426316,0.9836056150940543,18.66735219813495,0.13302889794212003
5099,UNC1678106,1.7404467219514572,0.8449649363853247,19.036615384722836,0.06854784035350583
5100,UNC1678382,1.7506436760038468,0.9909230618093544,18.887328950325582,0.14531864377031267
5101,UNCHS002339,1.7506859822406113,0.7834537586662005,18.891309566284235,0.0828630871126487
5102,UNCHS002340,1.7509383306687596,0.8848781155840657,18.89105532370513,0.11768403434824508
5103,JAX00266895,1.7611965044909539,0.7997944520753829,18.831733886783468,0.15793614580765958
5104,UNC1679056,1.7741747629665952,0.9532087459561378,18.79175071621421,0.12911998726687438
5105,UNCHS002341,1.7742620707604146,0.6781069342566337,18.791919862428813,0.19084525299785796
5106,UNCHS002342,1.7747242522671058,0.9653584865055888,18.79311877888904,0.13099929503757343
5107,UNCHS002343,1.7795136496501982,0.8562128003249373,18.801949023762518,0.16847533209513466
5108,UNCHS002344,1.780020830549347,0.8340794044464198,18.802169020777,0.19553723212738125
5109,JAX00009557,1.7805551092490077,0.7421026171006443,18.801871863744964,0.12461552058316074
5110,UNC1679857,1.7814903993239568,0.8713970338171408,18.805821918823995,0.1841252712205803
5111,JAX00266918,1.788218100771246,0.9022071465368803,18.8165604191081,0.11861697400788616
5112,UNC1680373,1.7900065426354104,0.8966794181549573,18.819483889863704,0.12438349869197386
5113,UNC1680580,1.793358388350498,0.6433868258666484,18.824432275484924,0.2528120593420218
5114,UNCHS002345,1.7968706404030854,0.5109265343484479,18.831248204466647,0.12590796039690047
5115,UNCHS002346,1.7975406928699158,0.6309574829025202,18.832416039619602,0.1019835666508903
5116,UNC1681036,1.8034419983741827,0.9638458459159723,18.84171030172297,0.1561086828817499
5117,UNCHS002347,1.80421447820072,0.8668036613756296,18.84290956957966,0.14449796473314508
5118,UNCHS002349,1.8042775414373864,0.97385125541514,18.84300562867179,0.18601886997915962
5119,UNCHS002348,1.804661882243181,0.8761307426706881,18.84357175196874,0.19511042546304333
5120,UNCHS002350,1.8048435945893289,0.9307018220433168,18.844124090623154,0.21402272526977878
5121,UNC1681465,1.8130017254713948,0.9178865998594633,18.85003594879231,0.0851788018894854
5122,JAX00266954,1.820843175494474,0.975134503446113,18.857780542568662,0.1409250101377535
5123,UNC1681979,1.8208478887538604,0.8369045173825925,18.860913661419545,0.08457807530454164
5124,UNCHS002352,1.8259437435933705,0.8941639134029155,18.868965645897106,0.1543622452170869
5125,UNC1682327,1.8264158860592943,0.7862445702634048,18.869321920588845,0.12226772164643902
5126,JAX00266968,1.8242845729378132,0.7553613514020173,18.8546223790172,0.19835875545154782
5127,UNCHS002353,1.8158198961259586,0.8895850945387666,18.820416691959053,0.09282702404392064
5128,UNCHS002355,1.8164337159259958,0.9237766767489641,18.755661838006063,0.1771253950916411
5129,UNC1683050,1.8272955867780638,0.7059198731792559,18.75888594476214,0.10301269190419074
5130,UNCHS002356,1.838297448762205,0.8894949533301855,18.839680542160295,0.11028690542437791
5131,JAX00009591,1.86473060342405,0.7855920064066033,18.759753327823546,0.11532521829711856
5132,UNC1685429,1.875568970978975,0.8755040484365356,18.744775494124042,0.11753694141633224
5133,UNC1685599,1.8786252832676382,0.8486196194765012,18.74186126500649,0.2492474703991346
5134,JAX00009597,1.8811379888854844,0.710231603270409,18.73904668942896,0.12947734908164976
5135,UNC1686272,1.8177280756906384,0.9382328786617559,18.478723716434843,0.21279074027845835
5136,UNC1687139,1.7062517261529138,0.6268166329446585,17.54328675568513,0.22677115361221054
5137,UNCHS002358,1.6869794425836062,0.9079126021569004,17.33241628685755,0.2849553122307132
5138,UNC1687748,1.6869306280173078,0.8977711953906433,17.330232967786515,0.23044530645781267
5139,UNCHS002359,1.6913130841867314,0.8075323020397245,17.302934304980454,0.37801752408345224
5140,UNCHS002360,1.6915709619427162,0.6956795642549569,17.300889647187432,0.45554793600341553
5141,UNC1688141,1.6928020643592845,0.6532119513422107,17.291886780682717,0.21765540939731468
5142,UNCHS002361,1.6937831368779825,0.8873178724977756,17.28979074882136,0.2732736141536883
5143,UNCHS002362,1.6941152271328974,0.8007719809397036,17.289645507632258,0.1327564221633291
5144,JAX00267098,1.6944447063240204,0.9872515601457627,17.28960997587251,0.1270706778530588
5145,UNCHS002363,1.6987979136004014,0.8938062999601304,17.287438867201672,0.2206409822355704
5146,UNCHS002364,1.6989653586599616,0.8110319399456989,17.28710804299476,0.25364001161348665
5147,UNC1688945,1.6994770206390513,0.9057889266297128,17.284623171229214,0.4547794141262172
5148,UNC1690698,1.702306924821869,0.9414670300664645,17.400404011166756,0.2063828442896094
5149,JAX00267160,1.6845843210901421,0.8499428098855001,17.370308409809923,0.20289052840222954
5150,JAX00267164,1.6697678604671182,0.748037699064782,17.363683439756414,0.3137100122575465
5151,UNCHS002366,1.685212916492901,0.9474917672690858,17.34599432410141,0.2643196995774148
5152,UNCHS002367,2.1227011613759714,0.8184514190886909,18.677468372353587,0.15889521618002195
5153,UNCHS002368,2.1432269161907698,0.6910915232037708,18.746294865002255,0.18958072146094623
5154,UNC1692771,2.13448153577383,0.6664110015713874,18.74999165109557,0.15145123578520142
5155,JAX00267212,2.080566960811666,0.8982820311204561,18.70212031632127,0.11844834519520564
5156,UNC1693872,2.081594740539458,0.8596805287669094,18.979312483654894,0.11270737526278687
5157,UNCHS002369,2.097181921386891,0.793932921373873,19.10330359437694,0.17824637427483223
5158,UNCHS002370,2.6911866176758394,0.7751184173614366,19.07201580777587,0.11248263297977071
5159,UNC1693985,2.706932893721387,0.4433296473444071,19.086828061969754,0.12334104161626752
5160,UNCHS002371,2.7520845335075137,0.7798292621929996,19.18907083846716,0.21154570256047855
5161,UNCHS002372,2.7523710982593457,0.6846918637846382,19.194707439318563,0.06791113301420686
5162,UNC1694738,2.7374554595696736,0.6244959647169962,19.30359923566425,0.07683869013130472
5163,UNC1695128,2.7269901995975943,0.7436209381467511,19.371348292906305,0.0976210922951672
5164,UNCHS002373,2.7293007803482396,0.5898068299051892,19.371611511016454,0.14436526220881654
5165,UNCHS002374,2.729939918683158,0.6795237042520375,19.371656804959684,0.17153536866739755
5166,UNCHS002375,2.730620904463649,0.6017872771750374,19.37095656875772,0.0958908691048511
5167,UNCHS002376,2.7326407312498304,0.7459016791076073,19.370004453979845,0.07647617377021257
5168,UNCHS002377,2.6652931482819895,0.8327412451600026,19.4164636782491,0.1594093373519108
5169,UNCHS002378,2.6562230440538315,0.7528038244800873,19.411991971141788,0.12007742488129881
5170,UNCHS002379,2.6633936364639794,0.646970056485234,19.257349125267638,0.15271365623156113
5171,UNCHS002380,2.664841323525252,0.863718446193445,19.234323021577893,0.1067991393214519
5172,UNC1696219,2.675054110608926,0.567493066999372,19.102522350867048,0.12724699895385166
5173,UNCHS002381,2.6756495799907043,0.6725368501244039,19.011301371999025,0.11729769251534514
5174,UNCHS002382,2.6754730053726234,0.6017391221805328,19.002677294459772,0.10252524406769523
5175,UNC1696976,2.291584079981476,0.7270314144809424,19.245269637679485,0.1627333514757527
5176,UNC1698124,2.113052101455878,0.864940189452941,18.93475089430558,0.12653966582489923
5177,UNC1698692,2.05043946057458,0.9501156742185317,18.75685410779397,0.12753084097656991
5178,JAX00267408,1.9951568038202367,0.681343692667606,18.712785321458114,0.11546751493766226
5179,UNC1699502,1.9388274561533763,0.9158839464528264,18.658794448710978,0.1634982479618765
5180,UNC1700014,1.8591783379156368,0.8082277036222411,18.560817632187536,0.14147073933932353
5181,JAX00267456,1.8112116984127624,0.705142429716702,18.48478512735778,0.1649608349250769
5182,JAX00009678,1.809877686865093,0.9936095409780954,18.482694394605915,0.14398578611368648
5183,UNC1700691,1.7828968809587877,0.8255431682642486,18.437491584061263,0.140812708192761
5184,UNCHS002387,1.783269721811621,0.7875129903497861,18.34110929176518,0.1736071528951031
5185,UNC1701557,1.7845357651008271,0.876709972812788,18.24904912711122,0.1364601408323387
5186,UNCHS002389,1.7856515033211053,0.8757202995960645,18.166389733042934,0.18708831074405613
5187,UNCHS002390,1.7845584718088503,0.7248678763557295,18.159266769440137,0.179432202597299
5188,UNC1702506,1.4840489413932119,0.9097894298721958,18.68547222237885,0.17071685947632664
5189,UNC1702816,1.4266258611728517,0.9589888170518296,18.700023718316515,0.20455192212498308
5190,UNCHS002392,1.4250570179315218,0.8147292828175194,18.69367750021206,0.1180311909194022
5191,UNCHS002393,1.4254131031282213,0.7704550699735928,18.66868591749494,0.13396611828344304
5192,UNCHS002394,1.4262925620353144,0.9795081219466122,18.652360533706997,0.11240155316198631
5193,UNC1703518,1.43097769645874,0.793255050929256,18.558130442582524,0.20680128543017248
5194,JAX00267526,1.4301958201560865,0.8082857250226111,18.563731864406236,0.17270045468974649
5195,c1.loc133,1.5308493438740243,0.9831679535019039,18.654481798156894,0.13789581747297003
5196,JAX00009700,1.6060027741618796,0.9031003102099742,18.65853390107509,0.14128878449968196
5197,UNCHS002395,1.143724227257735,0.9611750357310512,19.835526372985214,0.06001533674439354
5198,UNCHS002396,1.208140758181571,0.9865740475687075,19.82819669931837,0.08464176201489929
5199,UNC1704374,1.1893874664533541,0.9513542970821245,19.813775312463576,0.07282506563886174
5200,UNC1704699,1.1704293262341707,0.8655084338303346,19.996088598487177,0.07377482417789272
5201,JAX00267573,1.1752652295613188,0.8308160363197865,19.981354836889977,0.08273875666812489
5202,UNCHS002397,1.1888776884702565,0.9718285009060441,19.888009091340336,0.09693469625194305
5203,UNCHS002398,1.2051520054526463,0.8534931055882584,19.840951045244765,0.14826982210433343
5204,UNC1705122,1.2332503648026432,0.918831579954736,20.436041537712754,0.09664167803546171
5205,UNCHS002399,1.3153677547525149,0.9597416426593338,21.729105368272258,0.04505360450080213
5206,UNCHS002400,1.3170070322978518,0.8711213519215607,21.730531218801616,0.04576963730178772
5207,UNC1705547,1.305713408743486,0.8251930130883203,21.75513889758713,0.043091053487077896
5208,UNCJPD000395,1.271898474579757,0.7390893997446046,21.8642505592793,0.04371158585493952
5209,JAX00267601,1.3853756037460698,0.89757617414298,21.542375280888336,0.03472015346434065
5210,UNC1706873,1.38796628922114,0.9901851223423633,21.505848708704434,0.047019302793462905
5211,UNCHS002403,1.3901723457859134,0.8064050433308745,21.503361328108667,0.042123733957744304
5212,UNCHS002404,1.3906576058452629,0.9128747501443698,21.494738228611823,0.04833413992047404
5213,UNCHS002405,1.3909386389766496,0.9535538250195245,21.489861355515586,0.05031549557998251
5214,UNCHS002406,1.3911255355440062,0.9305301052348517,21.486666162659958,0.03426625334272523
5215,UNC1707230,1.3912201220723546,0.9082810650391444,21.485019946142756,0.06191359439698509
5216,UNCHS002407,1.390601575360506,0.9993386862239814,21.483907009250288,0.04365144014308276
5217,UNCHS002408,1.3908465185249952,0.9476909001828958,21.49415823973277,0.038861437315435565
5218,UNCHS002409,1.3897008230453594,0.9111272918350629,21.533647510358378,0.038175108303521485
5219,UNCHS002412,1.2045170114265602,0.8101952022695728,22.49569629419716,0.019250637918070447
5220,UNC1708765,1.1701846866019423,0.8978841857129349,22.48865836097343,0.016065819190230465
5221,JAX00267655,1.1573294252311825,0.851092561496729,22.535734754560735,0.02982400289843442
5222,UNCHS002414,1.156711948496195,0.9227465579222927,22.536044396188345,0.022621052231802625
5223,JAX00267656,1.1326371267630293,0.9080810108625503,22.455216250552212,0.03381044086926485
5224,UNC1709861,1.1293669375775153,0.8862672352585254,22.47286523222624,0.02470566996348998
5225,UNC1710042,1.0611545615138311,0.7911895406840123,24.105580653202196,0.011680608979415318
5226,UNCHS002415,1.046835792480124,0.9189184246986459,24.885909324671047,0.009775955823171355
5227,UNCHS002416,1.04648059280089,0.979931249120803,24.88810028838293,0.0112371276994879
5228,UNCHS002418,1.0446640569150532,0.9763368235617532,24.89786478439487,0.021822960791172154
5229,UNC1710615,1.0445600647765332,0.9052517003224523,24.898419392189226,0.022177567070874482
5230,UNC1710873,1.0434005384861393,0.9447072588260571,24.903422337560414,0.006876272326758358
5231,UNC1711490,1.0415291952747339,0.9058065373474924,24.911369023686348,0.011806280721028524
5232,JAX00267714,1.039979774300491,0.9944403321801651,24.90691842730962,0.010598101730744977
5233,UNCHS002419,1.0398588239370383,0.909204211019104,24.90647982253472,0.006357609073652127
5234,UNCHS002420,1.0397676077977849,0.967413437243346,24.914942135624642,0.005591769021395654
5235,UNC1713106,1.0266623700858872,0.7465330116949015,25.053811154224377,0.0062466209225722205
5236,UNCHS002421,1.0417360223559626,0.978729987851118,25.086375504695752,0.007425775925928632
5237,UNCHS002422,1.042019993003123,0.9650432232482377,25.091023520863473,0.009150324911972804
5238,UNC1713635,1.0423899185300343,0.9092532327078583,25.095948228970883,0.012095212412120313
5239,UNC1714772,1.0416669832256957,0.8492643091695623,25.110685751358915,0.007142159946556346
5240,JAX00267762,1.0418461476740504,0.9108078194359291,25.109494853785463,0.011492945979136904
5241,UNC1715756,1.1528570392879374,0.8485531684877959,25.604014976169765,0.011914496477018706
5242,UNCHS002425,1.1650803801996972,0.9575561028053592,25.60902648573483,0.00693683413473504
5243,UNCHS002426,1.1398121546294533,0.8735503943091586,25.793684822746172,0.007008112170812567
5244,UNC1716074,1.160648941950285,0.9724841288653183,26.130781810953295,0.0064937287041520134
5245,UNCHS002427,1.1518761947090752,0.9623115561564787,26.330085934887165,0.0038482722953725327
5246,UNCHS002428,1.1830893892977201,0.9077589502944348,26.331428006888018,0.005130074756620626
5247,JAX00267779,1.2154686564172152,0.8844780245897748,25.800382283921863,0.006088806442165562
5248,JAX00267823,1.2732636230907701,0.7870634670769884,24.19097559869374,0.0116064553245575
5249,UNC1719554,1.2797290258959038,0.9305872005696294,23.52418057467662,0.01328358428487347
5250,UNC1720316,1.1591910524070954,0.9162035104040231,24.868982979504153,0.009337029921522933
5251,UNC1720627,1.1697380169305234,0.9415922517637881,23.677035781458244,0.011085574968650444
5252,UNCHS002429,1.1697090145837592,0.9155672300895432,23.676684899696966,0.015553949988628222
5253,UNCHS002434,1.169429233239498,0.8989646391651771,23.67550891986616,0.010807811108857169
5254,UNCHS002437,1.1703330550399187,0.954541697330568,23.685977360891002,0.009591208587862507
5255,UNC1721079,1.167355024510016,0.975148519356425,23.686713466231822,0.017666901063028626
5256,UNCHS002438,1.1622267433579054,0.9168614544353331,23.68828002882401,0.03614220692797145
5257,UNCHS002440,1.0033963431026223,0.9526875498715827,24.153595679762475,0.012858921787305713
5258,UNC1722263,0.9855175557459006,0.998307152014472,24.088917562251936,0.00849437909465924
5259,UNCHS002441,0.9822787926586898,0.863645041640581,24.090875838071497,0.01217852963997108
5260,UNCHS002442,0.9814061538070291,0.9466506874141385,24.090718304790926,0.012255452967886505
5261,JAX00267931,0.9693265587075075,0.9507248870759034,24.084104944431147,0.011155640868710131
5262,UNCHS002443,0.9669166199116717,0.9943944229805831,24.082581039149773,0.01429348326915771
5263,UNC1722670,0.9667620721204457,0.8582362390164284,24.08310385815753,0.021525269050719293
5264,UNCHS002444,0.9668172375797894,0.9243173091787636,24.09274063970338,0.02608961290654998
5265,UNCHS002445,1.0622571527139826,0.8326270956034132,24.063252917319232,0.03596666325219711
5266,UNC010609322,1.0965933677666726,0.9580860199853807,24.007123422477207,0.017218182094832626
5267,UNCHS002446,1.1011468574602077,0.961629832721276,24.00441149340486,0.014692540356791834
5268,UNCHS002447,1.352843673704001,0.8592018032567386,23.70482362710686,0.02902175673204979
5269,UNCHS002448,1.3665536548264754,0.9785436782732114,23.692003146484012,0.01587937470198193
5270,UNC1724338,1.3665899742998135,0.8559168940483347,23.704091072831943,0.010586358321477286
5271,UNC1724774,1.366280321939712,0.8866289441661251,23.76007369267586,0.012079625263620402
5272,JAX00267974,1.366327580627967,0.9953448430549168,23.759932279590657,0.018067344270947017
5273,UNCHS002450,1.3695981092421334,0.9864800493525184,23.738733262915275,0.015302322883074036
5274,UNCHS002451,1.3705430877503204,0.8948178121055228,23.73099645444813,0.013795422631301141
5275,UNCHS002452,1.3706378802321524,0.8726473813459305,23.728268267244403,0.01775139265020585
5276,UNCHS002453,1.3706381375779984,0.8737972866237866,23.7282608761725,0.012492495005131264
5277,UNC1725243,1.37067153795806,0.9410043637898083,23.726188607007316,0.029797047457219405
5278,UNCHS002454,1.3709210955230446,0.9857520735601734,23.72463161403084,0.014653041873126387
5279,UNCHS002455,1.3722852043231342,0.9053925553118075,23.7158934899835,0.01447771948951082
5280,UNCHS002456,1.372609794010259,0.7423529450663664,23.71377244937753,0.015901487839328036
5281,UNCHS002457,1.3726571963020433,0.9704318012152243,23.71336620644479,0.01233068722517688
5282,UNCHS002458,1.3734281662718786,0.7647950036704985,23.7066617184787,0.02562770466391407
5283,UNCHS002459,1.3737384964438206,0.9758923583684248,23.703914656200823,0.02095187686923296
5284,UNCHS002460,1.3740196245303196,0.8868233441590176,23.701404406325082,0.02122842429834727
5285,UNC1725625,1.3747854111220477,0.9134649682273637,23.69446510994544,0.023455619776087382
5286,JAX00267994,1.3767802208096782,0.7673189373419917,23.705006909453004,0.010048566405037361
5287,JAX00267996,1.3771752736661256,0.8956043849180969,23.706955894925613,0.01824689530731949
5288,UNCHS002461,1.3799387184901661,0.938660321792536,23.71931172243376,0.02539496530956644
5289,UNC1726338,1.3843408602958789,0.9437770367221352,23.73297838533813,0.016572831950886643
5290,UNCHS002463,1.385074054268216,0.736675484428986,23.734765552920408,0.01719149315594135
5291,UNCHS002464,1.3855233258748285,0.7861530207742407,23.733033317103718,0.012066885621742775
5292,UNC1727060,1.3888856047419722,0.8637238298957574,23.698176466336918,0.013606516787672045
5293,JAX00009837,1.3897886970339641,0.9123646296488896,23.679432239075595,0.010445878484785107
5294,UNC1727606,1.3929996196702632,0.8363756662636117,23.66327829692318,0.03281101526014143
5295,UNCHS002465,1.3954341375779222,0.9886771883480828,23.60994041455524,0.020253731048406522
5296,UNC1728467,1.394730998283194,0.7987952868317902,23.425961722149395,0.025290857253994017
5297,UNCHS002466,1.394670620485158,0.9987152643663161,23.293092008123267,0.024814737086459118
5298,UNC1729122,1.4229548754653933,0.8055673226505458,23.38472121158702,0.02278281650465979
5299,UNCHS002467,1.5555033514210663,0.777089406039442,23.825263091517172,0.025966033128947703
5300,UNCHS002468,1.7119416870059467,0.9845538714477624,23.66058952128037,0.03032553381314487
5301,JAX00268041,1.711631398193731,0.9361554290933325,23.631114742469208,0.014819547571728452
5302,JAX00268045,1.71321309382256,0.7231408770610516,23.627807519935686,0.015185573528919624
5303,UNCHS002469,1.7190158896098637,0.9164055306213323,23.616081881559467,0.01748184614388232
5304,JAX00009853,1.7325691828941672,0.8564480096336213,23.591823038258326,0.02553882492191416
5305,UNCHS002472,1.7332392472164884,0.9842294089492947,23.590835258959487,0.037423930950174426
5306,UNCHS002473,1.788828531560739,0.7439494663992724,23.5843285827641,0.026398464596187436
5307,UNCHS002474,2.499539668403486,0.7841144392376803,24.758032282668637,0.009328600135112665
5308,UNC1731041,2.541741491859284,0.6010220028602529,24.732281475799482,0.008132356547260869
5309,UNCHS002475,2.575644944769465,0.8240485274925384,24.7491245769329,0.010115707643474097
5310,JAX00268084,2.5028157634405943,0.6599236735340608,25.01013181166695,0.014700324685172773
5311,UNCHS002477,2.5029539903350724,0.5755735377753229,25.011732887816834,0.008918479111415797
5312,UNCHS002476,2.5029569917430763,0.7205471165383924,25.011805576618826,0.0061849060280098015
5313,UNCHS002478,2.5018472775843748,0.943574354219959,25.028771810279522,0.006560011273971683
5314,JAX00268101,2.501663458851681,0.6554970714103602,25.053679500743783,0.011058199191938083
5315,UNC1732940,2.500824044683668,0.9930229776971078,25.07445671266828,0.008044000604851102
5316,UNCHS002480,2.5000459891116407,0.8160174905514529,25.095792740028628,0.008364393227251153
5317,UNC1733690,2.487973465615596,0.7621045426362968,25.204112580487163,0.010585302538486338
5318,UNCHS002481,2.5831803536375446,0.6791310942823563,25.44446274642746,0.010496810646921529
5319,UNCHS002482,2.526195196564913,0.6994333674893458,25.4689903904914,0.006306079541018853
5320,UNCHS002483,2.5140207808808555,0.666288449911316,25.468700632497985,0.00818504399274155
5321,UNCHS002484,2.488307497593496,0.6304149899259567,25.314394924693033,0.00454131181036734
5322,JAX00268141,2.291911320305644,0.8513027504670169,24.950938311470964,0.012603594054928828
5323,UNC1734749,2.031029867467396,0.6693458536956972,24.745375427921545,0.00905358277672699
5324,UNCHS002485,2.018913003505304,0.6289136292639007,24.64237676070843,0.009037640069639407
5325,UNCHS002486,1.9731992467791315,0.8670441050065261,24.716749913907506,0.009379648559042579
5326,JAX00268154,1.9753274604079252,0.6659854138213722,24.655025076567426,0.009208411009338053
5327,UNC1735400,1.9767538394103212,0.8262685907607608,24.620347508470786,0.012078708384328802
5328,UNCHS002488,2.2300321404643455,0.7714534425923706,23.69956431484684,0.013552505844422816
5329,UNCHS002489,2.2379243452617175,0.5825681045339096,22.76019272683675,0.019446167179555218
5330,UNCHS002490,1.9732693342359653,0.9476052859504613,21.264520201455525,0.06178011033357823
5331,UNC1737217,1.934915201296917,0.8960526347451737,21.05706127363578,0.03433610737540952
5332,UNCHS002491,1.8963737958356433,0.7970911635009651,21.140061975149592,0.05674371442109113
5333,UNCHS002492,1.9110040624502744,0.8000961432201257,21.143519810834732,0.09285695601510395
5334,UNC1737980,1.9807652849876831,0.6499412283561748,21.18249870100817,0.07188122659944732
5335,UNCHS002493,2.0364967756986516,0.65184113789646,21.234130411281967,0.08340071242136919
5336,UNCHS002494,2.0562450565530526,0.8769559492210061,21.255302846619543,0.06195946648560677
5337,JAX00268221,2.041249849072301,0.802151680648327,21.316197193111748,0.04657813487880653
5338,JAX00268227,2.03362427133834,0.8190555031737758,21.32924007266365,0.04141384811990708
5339,UNC1739568,2.051228686784725,0.7133939735613943,21.18778859749932,0.03289307280888899
5340,UNC1740277,1.7582901016048709,0.7452978808867661,20.892120571886608,0.10689893869168514
5341,UNC1740819,1.726117650019205,0.8365891348414597,21.5407889756425,0.06962927298807643
5342,UNCHS002495,1.7546647629010295,0.8668134229206923,21.87638571866023,0.044226485105482466
5343,UNCHS002497,1.7539614793006422,0.9279709111031275,21.90589636066693,0.031926648014152376
5344,UNCHS002496,1.6782310891392171,0.8885150131992676,21.92719265445521,0.04799384225464837
5345,UNC1742019,1.6607838895986333,0.9039900714630167,22.047108961917502,0.03493275220971387
5346,JAX00268326,1.6869170976242458,0.7708405128807879,21.774737656875914,0.03261955089719219
5347,UNCHS002499,1.824377669131536,0.8321955036934373,21.22761111680984,0.05305747109377589
5348,UNCHS002500,1.8683839688794706,0.7452815190464576,21.18515000600314,0.03145151042994863
5349,UNC1742569,1.910273797964237,0.8315559565569459,21.36227419617603,0.06361431535910883
5350,JAX00268336,1.9098639892413303,0.8214841642894257,21.370584276839963,0.05225307630302781
5351,UNC1742972,1.9057452901802208,0.7323131295863999,21.457374346133292,0.05680097497376648
5352,UNC1743748,1.8969482922784664,0.7628194604856456,21.658729402813606,0.07408408963677707
5353,UNCHS002501,1.896470384618624,0.896378841420642,21.669919312363163,0.038755664243040465
5354,UNCHS002502,1.8960512274634311,0.9976892805156247,21.679785536310646,0.04159411459153116
5355,JAX00268373,1.8949789883472477,0.8310370560064454,21.705465541387184,0.04034017219778961
5356,UNC1744210,1.8933561859596466,0.7903894032077046,21.74404995122495,0.04353028348314197
5357,UNCHS002503,2.1238257399716076,0.8821211237838017,21.463463600641717,0.045420560687679426
5358,UNCHS002504,2.011979052804918,0.7594031130548909,21.69441273754478,0.0407780338535965
5359,UNC1744868,1.5452251675210391,0.7526762374209717,21.660830084162626,0.04743307485064594
5360,JAX00268399,1.545132634364336,0.837911253763447,21.661805780360282,0.039808765620356235
5361,UNCHS002505,1.5399408254941136,0.7915816331164242,21.72698644331831,0.049817609804092174
5362,UNC1744987,1.5396078977412344,0.71587251665942,21.73195039074426,0.034288669797867606
5363,UNC1745329,1.5363595697419896,0.9382424376278093,21.871213448788012,0.027306945442141187
5364,UNC1745494,1.5352004854030383,0.9548015603469734,21.92908809636924,0.032809352518612424
5365,UNC1745702,1.534044111059302,0.9225027913022887,21.996107019284636,0.02686280138639771
5366,JAX00268421,1.5327710181370549,0.8258911417265083,22.086962134225132,0.047616941988321296
5367,UNC1746117,1.5325266906497745,0.8402962999822867,22.10735399523378,0.030492352060167326
5368,UNC1746282,1.5319189040235415,0.8396093116433472,22.16546026696028,0.024194193297887256
5369,UNCHS002507,1.5318369960045857,0.9064815371927968,22.17325932487256,0.06070050080269809
5370,B6_rs31375526,1.530070845366481,0.7919099922394198,22.238124886551986,0.03723780646036329
5371,UNC1746787,1.5281209890886203,0.9094409123819432,22.24873534046128,0.036003980216142664
5372,JAX00268443,1.5288646097442324,0.901170808405699,22.25179029243168,0.03861159375161302
5373,UNC1746983,1.5306174540614848,0.9266878862399525,22.258474164622385,0.053878665806960505
5374,UNCHS002510,1.5392113669115588,0.8614133840872903,21.412796495288603,0.06461829110840796
5375,UNCHS002511,1.5391976663004243,0.9925389457199322,21.411554105673986,0.05182298743515114
5376,UNCHS002512,1.5392044594714207,0.7988923959319101,21.410774284974877,0.05104169735005545
5377,UNC1747244,1.5388765469224381,0.7337366582132145,21.407673477694743,0.047507728348248464
5378,UNCHS002513,1.5358811104342749,0.8676551797119442,21.377443225391062,0.05105108323325755
5379,UNCHS002514,1.5350833169277394,0.9198817314304191,21.368539873894633,0.0591944340766034
5380,UNC1747980,1.5046790279855031,0.8161372501043969,19.177067276533535,0.1447866020631263
5381,UNC1748420,1.5192751335011963,0.8830010254819909,19.126614728634422,0.24483671016845537
5382,JAX00193436,1.5194495925443334,0.7928196013098362,19.12605973939776,0.11395323945277604
5383,UNCHS002515,1.5290958532716559,0.7917943294641053,19.095576106594535,0.17214321345915082
5384,UNC1748868,1.5318275643912784,0.7881495694463206,19.08446926809961,0.11952528118760679
5385,UNC1749099,1.5372693987067123,0.907331583752006,19.10725298401576,0.11856266152202981
5386,UNC1749502,1.523499301387801,0.868128001297098,19.226119565369117,0.1158269659765845
5387,JAX00268482,1.5303796543025783,0.8990104572900204,19.267561407861194,0.1343947863283291
5388,UNC1749999,1.5316537639921535,0.8479917474949532,19.27568514728523,0.1467149554918405
5389,UNCHS002517,1.4752406368756965,0.8599545653612295,19.25877644842558,0.08180537734075154
5390,UNC1750738,1.406451229139293,0.933608700897534,19.335654000450177,0.13976939229991725
5391,JAX00268498,1.4062877606147595,0.8572042461423661,19.371498694802995,0.05870705820116358
5392,JAX00268499,1.4062892004017158,0.7932485049393417,19.371554202780317,0.1098668792930717
5393,UNC1750981,1.4011875632538704,0.7647119260540524,19.694263403674995,0.10934541438354105
5394,UNCHS002519,1.3987133614170943,0.8009943070865693,19.790832595897655,0.09322567317922514
5395,UNC1751427,1.3475610188768314,0.802826437652658,20.17949218164199,0.05712083052398092
5396,UNCHS002521,1.5950438487304837,0.7784010463545387,18.911174448975316,0.1572212591291809
5397,UNCHS002522,2.116375657934441,0.7279728244065925,17.073228565112004,0.358249872812876
5398,UNCHS002523,2.3794449141892073,0.7270419532904566,17.453014909121748,0.14629156089107584
5399,UNC1751623,2.466988158278582,0.8875003385853931,17.56064103491599,0.09414875003467377
5400,UNCHS002524,2.4768642464903223,0.829144841873069,17.52090526761276,0.16044891910455275
5401,UNC1751940,2.526155645829931,0.6519141803293782,17.418504762855264,0.2327404362080611
5402,UNC1752370,2.528189760312671,0.6928882817638053,17.371381638343337,0.21398429121606005
5403,JAX00268528,2.5388402518062776,0.6852172197332833,17.376931387342438,0.38932758914543664
5404,UNCHS002525,2.5536135902791557,0.7384116123807827,17.396446828201533,0.20549535471853686
5405,UNC1752539,2.486481983638214,0.8409328185696009,17.333340201120336,0.24734699289809023
5406,UNCHS002526,2.3912720182224803,0.7801492964913295,17.29726663736028,0.21943552025032817
5407,UNC1752851,2.437094660343064,0.9384473883917315,17.399910326064855,0.366220964302993
5408,JAX00268538,2.4479868450498543,0.6836714460819413,17.42126397683319,0.28533367391194747
5409,UNC1753306,2.5121580955787977,0.6440884687235777,17.534898304118542,0.2970211384400588
5410,UNC1753695,2.6119996802781316,0.6594463398477619,17.677919132901934,0.1639200686355657
5411,UNC1753882,2.649820261629202,0.7714336282601861,17.71597212699544,0.13218639276480718
5412,UNC1754146,2.724734616664591,0.6242570416193893,17.788115617164067,0.1676738423524181
5413,UNC1754202,2.724702708417226,0.5798840075693852,17.79083713176783,0.21933055077498947
5414,UNC1754576,2.724357089503883,0.703399444261808,17.79941598544565,0.37748699640911854
5415,UNC1754760,2.724129965547263,0.5605296135398592,17.802941098704196,0.18161276921965777
5416,UNC1755261,2.723349710700859,0.5291177981561287,17.810966805746148,0.16141460801684274
5417,JAX00268589,2.7233293129736467,0.6859798664296451,17.811144644573915,0.23820455872538082
5418,UNC1755471,2.722617759738114,0.6505583810077666,17.816198743185396,0.2462419889149109
5419,UNC1755586,2.7220736270576253,0.7024635407132319,17.819441605787233,0.1678518397252697
5420,UNC1755807,2.7210480171406743,0.5803984913544575,17.824421442166795,0.1900925241656245
5421,JAX00268604,2.7209632900153338,0.6955631318267326,17.824780430385545,0.1948991428539107
5422,JAX00268608,2.7209415938364145,0.5643538175262357,17.82487129753622,0.22312003363963112
5423,UNC1756524,2.718506252714633,0.4908816810150303,17.83334897987106,0.20094183799880863
5424,UNC1756857,2.7175406386327268,0.6561068054760232,17.836239837298763,0.1857074411095119
5425,UNC1757252,2.7166448048851635,0.6479644587636566,17.838407493594787,0.2658789755599837
5426,UNC1757623,2.716016067930468,0.841962899591008,17.838592973947925,0.2384948337491041
5427,JAX00268641,2.7124296007550583,0.7419747686193499,17.844909884359367,0.40576614005128814
5428,UNCHS002527,2.710758276575916,0.7778769116459033,17.847141919915885,0.16607385694080823
5429,UNC1758301,2.7103591471591244,0.6785923097501491,17.847496801591205,0.15114660527150464
5430,UNCHS002529,2.6955522055457095,0.663440752469522,17.813988287259917,0.18796376051695202
5431,UNCHS002530,2.691938191533154,0.6050092055833511,17.80532268670754,0.29788714783175113
5432,JAX00009999,2.6820172797283703,0.6069084059326335,17.78066741967359,0.2216730148373017
5433,JAX00193459,2.6502154145391614,0.5887993768180914,17.695425692370918,0.23041237316434823
5434,UNC1759162,2.6500058425219777,0.4775787289159628,17.694843689911522,0.1645390210682411
5435,UNC1759461,2.623321779555681,0.7064146301469172,17.619859312589597,0.2671313705727123
5436,UNC1759601,2.61853442921074,0.7018485879814605,17.595784462600705,0.14675322810876146
5437,UNCHS002531,2.6564826356184312,0.6265036736339549,17.449091447100727,0.168800571755776
5438,UNCHS002532,2.6957560815772013,0.5274818039632904,17.137907051821458,0.24080969832803295
5439,UNC1760476,2.3581465576905885,0.6510556009875624,17.76370570119957,0.17554089868983525
5440,UNC1760696,2.3724544936756047,0.7312602676171586,17.772413953366822,0.3298667700331356
5441,UNC1761545,2.4077038374823587,0.7632413598700613,17.768607128042277,0.1559868134974358
5442,UNCHS002534,2.406605057300567,0.8397983158923119,17.805883361386577,0.2228753270841334
5443,UNC1762014,2.402322513538138,0.5981330656543594,17.80859376785179,0.21651959350364497
5444,UNC1762309,2.3987043219049156,0.6169607761504614,17.80861040089394,0.21534321091923878
5445,UNC1762718,2.39355240744635,0.7445301427820413,17.807867965962032,0.17408407060931197
5446,UNC1763453,2.384536402294316,0.6497046705137355,17.805863763175466,0.18429956970794384
5447,UNCHS002537,2.380065696554766,0.6170108566326957,17.804844135743224,0.15964584625560263
5448,UNCHS002538,2.3793808524983433,0.7284866129730313,17.80480623964172,0.2552061776450392
5449,UNCHS002539,2.3764206672537966,0.8258095694232644,17.809405969774843,0.15709254547956877
5450,UNCHS002540,2.3878740813202057,0.8156908839086294,17.80540404592284,0.230884281905086
5451,JAX00268741,2.4555750994907157,0.697854130568605,17.785178591331942,0.23842898444434435
5452,UNC1765149,2.7350692179168163,0.6248061614924683,17.76436469630812,0.19565215122683316
5453,UNCHS002541,2.835483058151567,0.5627928172461792,17.70994866952765,0.29611022327539976
5454,UNCHS002542,2.9284544432064195,0.5259038374506305,16.826594172029445,0.2045651658494094
5455,UNC1765809,2.8604620482954033,0.45414459430100684,16.867209919344532,0.3938391823462056
5456,UNC1766157,2.691935053429006,0.5511728354891468,17.047302673929607,0.24968877864508449
5457,JAX00268792,2.7155584445504246,0.5375512059540021,17.166910618394468,0.2854761797886941
5458,UNCHS002543,2.656974868035377,0.7170410972893754,17.16079906910568,0.29764671699590245
5459,UNCHS002544,2.6687696874275844,0.5321035865658921,17.201012407223743,0.2712390796409368
5460,UNC1767179,2.691577294453282,0.6155065370133653,17.20045055658443,0.2655585614145061
5461,UNCHS002547,2.3661009509974065,0.7429819044122796,17.481538591037406,0.27750755820287154
5462,JAX00268824,2.1472461092671438,0.7703488417716801,17.39930624357362,0.20059440392786218
5463,UNCHS002549,1.887053338997248,0.762417623836852,17.252328038593078,0.2711622349228711
5464,UNCHS002550,1.8808648759459174,0.765559368101284,17.234301364876046,0.18648319320553003
5465,UNC1769297,1.8713806720606954,0.9192240662435363,17.206812487848765,0.17168393847050584
5466,JAX00010060,1.7917674131608692,0.6385415850611406,17.011931819882875,0.17328769750867987
5467,UNC1770327,1.785544837456655,0.8080555431432378,17.02727148030408,0.36352793319613036
5468,UNCHS002551,1.8140401180735353,0.831724760108418,17.056364587292137,0.19832704602843876
5469,UNCHS002552,1.825595314326165,0.9004455509601479,17.079078081628268,0.25092569402379344
5470,JAX00268864,1.8260453813172717,0.8545197651486729,17.08143996320996,0.2670743503032383
5471,UNC1771228,1.8382574831814509,0.9134914173916162,17.14197438424958,0.2588186976876747
5472,UNCHS002553,1.846821361807315,0.8487383824138481,17.342166012055486,0.1433752069833771
5473,UNCHS002554,1.8584218703967963,0.8228948502174899,17.331841015937925,0.19011476125180798
5474,JAX00268898,1.930992069945205,0.6033631637283138,17.12055725281516,0.26748575273235364
5475,UNCHS002555,1.9333943088975047,0.7146196790170971,17.08791166465403,0.236425359075905
5476,UNCHS002556,1.9336029469006917,0.8060294698524022,17.090953104684786,0.2579343937199059
5477,UNC1773103,1.923039966492297,0.7811666024477278,17.1275677266849,0.27835766730198014
5478,JAX00268914,1.8653707048529213,0.9107489076282302,16.866989486464263,0.24559351025324958
5479,UNC1773890,1.866146870380362,0.8738682807128483,16.544330976222227,0.27882662400094704
5480,JAX00010088,1.7754890223984603,0.8636078381895852,16.347977804553693,0.22281242431908047
5481,UNCHS002557,1.6197395264930492,0.8232920102067016,16.182156700108635,0.395592069786222
5482,UNCHS002558,1.6315140944775521,0.9365900665667705,16.14561321197266,0.37011077436902384
5483,UNC1774662,1.7080268609556697,0.9321967959300957,15.951376195248486,0.4163899358498295
5484,UNC1775576,2.099704335754268,0.8328028912185556,15.201640504613351,0.3637677127804526
5485,JAX00268949,2.1150118526177266,0.6376728354537183,15.198304187749045,0.3591363598282801
5486,JAX00268962,2.3020557252395975,0.793775202376132,15.173182062855176,0.44584795282606793
5487,JAX00268963,2.3126959573576187,0.588610513247305,15.172573393682114,0.40244145313226
5488,UNCHS002559,2.3113872430578795,0.5911972760217474,15.174342551234759,0.6272028216940471
5489,UNCHS002560,2.3108995433665314,0.6178818131393948,15.17496506011662,0.5335601663921334
5490,UNCHS002561,2.3095581806067003,0.7891345579861931,15.176675446846502,0.33662022688390963
5491,UNCHS002562,2.308460005619054,0.8280301892865781,15.178189315862255,0.2988955438503817
5492,UNC1777022,2.3896857167233065,0.9058280260069982,15.068459249383977,0.33444516243293054
5493,UNCHS002563,2.3921138904445343,0.5883650297368935,15.082810503592782,0.36826004080199237
5494,UNCHS002564,2.40235560267638,0.7473966908410528,15.1420520992192,0.3401205066400994
5495,UNCHS002565,2.456191363930884,0.7551219913975034,15.381379730078834,0.41216923643004977
5496,UNCHS002566,2.455972655923688,0.7691013649790173,15.38213983822402,0.3784173060732635
5497,UNC1777709,2.455380157124182,0.7730195621004844,15.384674271632093,0.3395204441088993
5498,UNC1778501,2.448990734611698,0.7058011847498232,15.413655015255245,0.35509021237449095
5499,JAX00268999,2.46916601060002,0.6068040835859468,14.98610556808535,0.38355476879536315
5500,UNCHS002567,2.518270343902259,0.5355430476162519,14.35328842372519,0.44739724010988474
5501,UNCHS002568,2.530751176077956,0.6957082597824021,14.214673951249097,0.40229426265248425
5502,JAX00010117,2.659674485636515,0.5036009953030508,13.174371746759334,0.6744187976930611
5503,JAX00269020,2.6768003158438205,0.7668489002948967,13.25881558329138,0.5117788907164406
5504,UNC1781391,2.7542533242626632,0.5727671073638417,13.360912646530323,0.6608399643711941
5505,UNC1782025,2.7674537742250322,0.5041207715265451,13.377922732872548,0.7024338801283669
5506,UNCHS002569,2.7644985734641523,0.6683257833756652,13.364334250482898,0.5263405385018236
5507,UNC1782763,2.7899588483219304,0.5126822250507846,12.999067888349373,0.5293051215460088
5508,UNCHS002571,2.7987100408065544,0.6991576415812785,12.878300172269064,0.5882885364124589
5509,UNCHS002572,2.7996806792684765,0.4301387857110168,12.8656626252764,0.7626826069868634
5510,JAX00269092,2.798786685445293,0.5250478393168428,12.861238605952849,0.5407163122889608
5511,UNC1783074,2.79590545379142,0.782891125796248,12.845457996175355,0.6684677188422714
5512,c1.loc139,2.78429530635799,0.5754049530539654,12.780720499811423,0.6108069546149549
5513,JAX00269105,2.765339291849159,0.6820717485585046,12.660743604235222,0.7979093167026897
5514,UNC1784366,2.7501438864708234,0.6759491582229045,12.626521439005046,0.5247083709902297
5515,UNCHS002573,2.7456703069419746,0.5025577818201694,12.610626741241731,0.609250292070884
5516,UNCHS002574,2.7450541106607034,0.587914362444053,12.606655907564118,0.6801737771506919
5517,JAX00269115,2.742935535797187,0.6988745669130154,12.594080588366523,0.7234394283439315
5518,UNCHS002575,2.7453150291260044,0.3805255476440912,12.587008909953965,0.5871259320732493
5519,UNC1785026,2.8654749432782864,0.5780529716297147,13.060422955573586,0.6112806744281482
5520,UNC011881810,3.1400566115248694,0.7126411410370987,13.066996081159232,0.7896806420010186
5521,UNCHS002577,3.173067495950818,0.5608615154753158,13.193110059612081,0.5070326921231328
5522,UNCHS002578,3.173515794173909,0.47867379928131226,13.197466307648028,0.5773012965273063
5523,UNC1787544,3.170823675799056,0.3767124692061338,13.202211929527039,0.7068633093260817
5524,JAX00269145,3.1706880358813123,0.5593116383800051,13.202352741287541,0.770176888704012
5525,backupJAX00269153,3.165342256924987,0.6222291691467086,13.20790474526575,0.45851186697536744
5526,JAX00269155,3.164644428710062,0.5334919907472135,13.208716406144504,0.6208277651456459
5527,UNC1788773,3.1467344653724467,0.4468268705790896,13.230111796656047,0.6369129474692224
5528,UNC1789955,3.128363936632013,0.6972579066501778,13.249287206798954,0.5325067523996349
5529,UNC1791992,3.094865023718512,0.5381406309096098,13.306075739120615,0.49457553973837093
5530,UNC1792619,2.985185109593658,0.503343238762529,13.538350505709786,0.633370753386518
5531,UNC1792946,2.935458750515636,0.563066466230602,13.57914792389306,0.6735038861637075
5532,JAX00010216,2.910381039743015,0.806677231731489,13.600370060577234,0.5054361474868421
5533,UNCrs245760932,2.904373940392361,0.6879071684292892,13.618501237278224,0.5643915164569464
5534,UNCrs258450749,3.0258395734731494,0.6759047021139989,13.259711845537367,0.7818511344401914
5535,UNC1793565,3.0258386908139983,0.4388070602204355,13.262661371681588,0.5434261052317867
5536,UNC1793646,3.024795702105166,0.7933936061568031,13.291732933907497,0.7855515580663618
5537,JAX00269224,3.020352157523803,0.5642041654696809,13.290789690898237,0.5247070385357032
5538,UNC1794157,3.0190119596481964,0.49638803605351006,13.290699173415305,0.5867281494357894
5539,JAX00269238,3.0147961915026826,0.4653837335094205,13.286355203595804,0.5641372399024142
5540,UNC1794951,3.010386087574716,0.5984965542723822,13.289895542397971,0.5588639527581666
5541,UNC1795522,3.000561720001542,0.4292590514924492,13.331363214350176,0.6633612829689912
5542,UNC1796470,2.9818732767989786,0.7377952252767662,13.408577576238713,0.7240709998788035
5543,UNC1797532,3.0235178335860837,0.76482010052885,13.782256046209568,0.43589508158506757
5544,JAX00269276,3.0237349376670863,0.5795461451034157,13.784169163482602,0.6657960222356645
5545,UNCHS002579,3.03040648553133,0.3581506532766176,14.082392994860129,0.5494245872858728
5546,UNCHS002580,3.03113057132623,0.42232255345998265,14.10953866742534,0.4410650411691119
5547,UNC1798594,3.075715058377,0.526710840717437,14.117110482627368,0.5022673639643301
5548,UNC1799788,2.9456210682687924,0.5709680592725885,14.207199914787907,0.4499534098325312
5549,UNCHS002582,2.7965683624656776,0.4839204935985141,14.261158964299284,0.492803138956583
5550,JAX00269311,2.7941432969155358,0.6839982716263754,14.23835912664299,0.5419053398829202
5551,JAX00269314,2.794141850043161,0.7354205012228661,14.236412350246383,0.4777717118822722
5552,UNCHS002583,2.7946976355847255,0.6824999353170127,14.221086071332138,0.5368337488012809
5553,UNC1801891,2.8355074982346196,0.6318270370162175,14.19495255738002,0.5947895505467011
5554,JAX00269327,2.841750721571998,0.6282399334696865,14.190187885604473,0.3589244766786197
5555,UNCHS002585,2.8419098974618464,0.5322662921871297,14.190057666474331,0.42834872579178146
5556,UNCHS002586,3.0265253569600645,0.6966124387836069,14.285345951586805,0.5599757613714409
5557,UNC1803006,3.046387770311185,0.5043382485315764,14.541585498796167,0.6602045079475096
5558,UNC1804293,3.076137010950788,0.41095576964032515,15.457879969155783,0.3330361203431577
5559,UNCHS002587,3.084851791296842,0.3653995360857728,15.954578450572171,0.3154634388740316
5560,UNCHS002588,3.0851772050737054,0.560338240093294,15.975772934807537,0.3467274145955192
5561,JAX00269375,3.0595985798474885,0.45272702451556496,16.308144190752046,0.32983173456764286
5562,UNCHS002589,3.0491679374031264,0.40983116117503204,16.451765719695686,0.31284651131574787
5563,UNCHS002590,3.0487339217024783,0.6126771140844876,16.483639339196543,0.33889892922629977
5564,UNCHS002591,3.05087339299871,0.4639233721560384,16.56550181905982,0.23716859367887938
5565,UNC1806326,3.0600813289308917,0.528406666085597,16.760430325955213,0.1746351748205955
5566,c1.loc141,3.0618104805062103,0.4918183914782976,16.94509989483481,0.28035109965070126
5567,UNCHS002593,3.0628624593725817,0.553447808927318,17.062735951620425,0.4068890566391404
5568,UNCHS002594,3.0630424046480584,0.49682210349440015,17.082745524294978,0.23902809161822264
5569,JAX00010301,3.065773627211911,0.3758129351829842,17.482041883698912,0.16242604318277729
5570,UNCHS002595,2.967396922022999,0.6195267866168334,17.2419414505041,0.28228908981435447
5571,UNC1808116,2.969793825639499,0.3944125496861624,17.353762130967198,0.27980213402826626
5572,UNC1809056,2.944861101079823,0.6698371680832053,17.46980711509127,0.127015834590831
5573,JAX00193550,3.0056447918543654,0.580711047889718,17.849018245645766,0.12401827813715192
5574,JAX00269411,3.00473722475067,0.6299431093602523,17.850885842369507,0.27140779041094154
5575,UNC1809830,3.0073780264544894,0.629082714827432,17.858780946643037,0.1960125148024592
5576,JAX00269413,3.0012532211160305,0.8599024530029284,17.87358470710842,0.24971315511158643
5577,UNC1811593,2.954655690237132,0.5751042133254562,17.999787432973562,0.21177677194336125
5578,UNC1812244,2.880549759047426,0.7586762344417957,17.875037693584318,0.1468344640616436
5579,UNCHS002598,2.8807124638669848,0.5802569823209479,17.871686132938976,0.22934457847884437
5580,UNC1813531,2.8866571746252703,0.5501927416451703,17.794145253858687,0.1581816687176112
5581,UNCHS002601,2.8867039524288884,0.6209408574839171,17.794161072534735,0.17012226236775627
5582,UNCHS002602,2.8882303180851068,0.7324991341301104,17.791500434576164,0.1959193430458596
5583,JAX00269438,2.9429474294377087,0.567454769996552,17.74205894116767,0.19565658639172176
5584,JAX00269442,2.9621219247737827,0.6127338508952107,17.764559611780896,0.18820599567429425
5585,backupUNC011898258,2.9547792286393815,0.5958129354647773,17.740242932888123,0.16354802010285222
5586,JAX00269452,3.036645069606493,0.8105396216680971,17.796428559048763,0.19088732008906747
5587,UNCHS002603,3.0918489594509992,0.47720237165958407,17.875108705765797,0.1729839393168405
5588,UNCHS002605,3.1134527218596304,0.510973922677816,17.708041464556572,0.3296473889081819
5589,UNCHS002606,3.1129732107178825,0.5684498174661661,17.709835313593203,0.2482802037134958
5590,UNC1818589,3.108986053472563,0.5713984425675916,17.653241871493265,0.1649566660052876
5591,JAX00269464,3.1274487951586707,0.47625270239482304,17.323076126052456,0.24341164006538332
5592,JAX00269465,2.899218924001616,0.6018044437161758,17.561690011719293,0.205294357325017
5593,UNC1819375,2.9645667337535997,0.3774016882473768,17.45052419889612,0.18106662823296416
5594,UNC1820725,2.965295378194469,0.48626719706212357,17.49782050130034,0.21305848605217229
5595,UNCHS002607,2.964969724716184,0.6205333280536643,17.48666697719159,0.2463392201030867
5596,JAX00269487,2.9654442873320477,0.5712188662970137,17.47716600379681,0.21588740283226404
5597,JAX00269501,2.9652586983345373,0.6128182598437559,17.471948126233656,0.20722229656116428
5598,UNC1821880,2.9652508360341017,0.6923862609008274,17.471288430348523,0.31059010451912544
5599,UNCHS002609,2.9679892456135804,0.3975584693913019,17.480821665974645,0.18028073146423193
5600,UNCHS002610,2.9681899960739884,0.535308119411715,17.481459031744862,0.2346270774720882
5601,UNC1823389,2.972535878069266,0.6279136568858017,17.500137041964535,0.2236370018659523
5602,UNC1823974,2.9752587701414086,0.5177301805967701,17.503184626558095,0.28636401834063663
5603,UNCHS002611,2.975158247678337,0.5882197574712321,17.50321471386451,0.23502180981579024
5604,UNCHS002612,2.86556293440799,0.5589380993101705,17.52032724508672,0.14717992044175648
5605,JAX00010381,2.645750314407678,0.7383539576896134,17.494193573762686,0.143969410573656
5606,UNC1825459,2.643575636477408,0.6781701100272827,17.497833045500784,0.23836754805528895
5607,UNCHS002613,2.7018674496498534,0.6960691918291332,17.41974850231145,0.2529019220426047
5608,UNCHS002614,2.946215211009303,0.48716947199466965,17.204810193039293,0.18559982047852033
5609,JAX00269535,2.965523553525145,0.6106819322860062,17.155166794800152,0.21098013988465508
5610,UNCHS002616,2.9793138585177985,0.4808959846806567,17.130397610919317,0.17443682225166074
5611,UNC1826224,2.8381041141904007,0.6136082818995026,17.346185607787675,0.25784990779971445
5612,UNC1826779,2.734924096173927,0.6618077779016074,17.372687426444827,0.2879328771944044
5613,UNCHS002618,2.7291922542613065,0.48519566147690263,17.360961514584233,0.2071316522954719
5614,UNC1827895,2.634348541204872,0.667772535919942,17.18559354111403,0.2822834617562159
5615,UNC1828946,2.5495429181919462,0.6931436939846709,17.052414416486272,0.24655822839774086
5616,UNC1829738,2.509496959532953,0.7731567366225829,16.996634051894944,0.21523365379712406
5617,UNC1830818,2.5097715987189986,0.6745795902604321,17.003206263923857,0.19659920545760054
5618,JAX00269621,2.5097850775873667,0.7068440796025923,17.004376555928502,0.20578296055409523
5619,JAX00010419,2.5100817649338296,0.6501962386676976,17.006553384746667,0.23890014586395336
5620,UNC1832009,2.5104699678333873,0.5903373182426753,17.016218716035155,0.25568075093669085
5621,UNCHS002619,2.5036301932386777,0.8287414055773081,17.02959290515446,0.15575441836434428
5622,JAX00269634,2.491577137677041,0.6530835103725673,17.042439876196113,0.2055415245917444
5623,UNC1832863,2.4501585868113125,0.8076112791325578,17.058812364992946,0.1813280479768324
5624,UNCHS002621,2.444356485509388,0.7228410182438583,17.028249985302182,0.23492693099281145
5625,UNCHS002622,2.4443167379358783,0.7956331260312448,17.028722630908078,0.3456737577292251
5626,UNC1833297,2.4437878577498395,0.797307538949009,17.03541053629192,0.3075173374465583
5627,UNCHS002623,2.4426592697313936,0.5803643397717093,17.048400050799955,0.19961132227936218
5628,UNCHS002624,2.442588091725611,0.7568229489818614,17.04885614778459,0.3439181128807934
5629,JAX00010438,2.4422958854070203,0.5146057678645023,17.050682718595453,0.5900168804684792
5630,UNC1834559,2.442097929029387,0.7176874617743094,17.05192041880673,0.2687272978398499
5631,JAX00269692,2.42752310660444,0.898891145782541,17.021223813664392,0.30603521957320784
5632,c1.loc143,2.4043334571799733,0.6304402858711632,16.956788107360808,0.3407294034192702
5633,UNC1836825,2.3662686646578095,0.9691333397771418,16.811508310152703,0.2634350564148474
5634,UNCHS002625,2.363269215361015,0.5611870680518427,16.797961557909275,0.2935108895617205
5635,UNCHS002627,2.3626015028730762,0.6016044720677702,16.79498333005995,0.15821977514709462
5636,UNCHS002626,2.3622522958289665,0.6110736692272304,16.793610349181563,0.30171011348461074
5637,JAX00010458,2.362226814294445,0.8166745162927581,16.793531210843412,0.28426296932041595
5638,UNCHS002628,2.3618940034793923,0.5431412984972398,16.79248393044918,0.27254829458360913
5639,UNC1837401,2.351564855023298,0.9177798218778634,16.76040971772204,0.29678040622009855
5640,UNCHS002629,2.3305954470997676,0.7904999317201281,16.69043865100889,0.19188862350331592
5641,UNCHS002630,2.3300217576527302,0.9759977764410287,16.688890718686935,0.30692818689954454
5642,UNC1839008,2.368533318654954,0.7899357563800202,16.975156174203676,0.1990673838011054
5643,UNCHS002631,2.389299716151072,0.4840997188263347,17.013073282497544,0.21535063501994195
5644,UNCHS002632,2.3920584934137423,0.887550516486968,17.017814872332792,0.15086223507792956
5645,UNCHS002633,2.4082211924505827,0.7488562658214453,17.04599649734928,0.2966215842738248
5646,UNCHS002634,2.409465857081841,0.647428719542896,17.047836934142424,0.13929868630680825
5647,UNCHS002635,2.4118000159051007,0.6856175789953534,17.052409156965496,0.15137756270443306
5648,UNCHS002636,2.0243719176551167,0.7015048028743748,17.31387534965029,0.1933401132786782
5649,UNC1840182,1.9956631289694542,0.8201584387515871,17.334943663159038,0.26507952785709954
5650,UNCHS002638,2.032063971900243,0.9042863229191267,17.401182564032297,0.23847751976070716
5651,UNC1841019,2.07778074862199,0.7689474888146967,17.415840652312227,0.21488686645836816
5652,UNCHS002639,2.082992941348948,0.895677703283495,17.42756919943963,0.21193341697150642
5653,UNCHS002640,2.0804704042516278,0.802381729163346,17.436412773920438,0.18576245958698415
5654,UNCHS002641,2.079788925246703,0.7289491185030011,17.438495083670887,0.11777706200106733
5655,UNCHS002642,2.078625051347899,0.717828269305196,17.44054705854819,0.25293525595077687
5656,JAX00269820,2.0738495615485135,0.7247534150124397,17.44831560952457,0.30944877383599817
5657,JAX00269821,2.0734704454989696,0.7988071962482522,17.449018474572995,0.22173122214963187
5658,UNC1841967,2.0733982217966513,0.6655321328650308,17.450079806103076,0.18701662904092356
5659,UNC1842952,2.0725082364729133,0.9406943372147275,17.46878327839113,0.21073457643872945
5660,UNC1843688,2.0705615888650755,0.8275396181302145,17.48308759583051,0.1624677056247742
5661,UNC1844458,2.070684475618009,0.8323200286245356,17.504330519842142,0.2764226362840026
5662,JAX00193609,2.0707073081603085,0.6654429721841209,17.508957917597854,0.20170489575795528
5663,UNC1845127,2.0710456016856824,0.62213534441128,17.519929840548684,0.19354488986937332
5664,UNCHS002644,2.070946436423583,0.9001584777314142,17.520947088543153,0.18157496307844162
5665,JAX00269892,2.0658778059275846,0.5718850946833292,17.483515365545145,0.2558319750038034
5666,UNCHS002645,2.069554914042101,0.8636024138414945,16.993041521840723,0.2404389364855075
5667,UNCHS002646,2.069501412394402,0.83737225040784,16.99365462231617,0.1508170979484638
5668,JAX00269918,2.0694714226685846,0.6528372817807923,16.994247066327034,0.236062344326191
5669,UNC1847505,2.068556198863007,0.5879276716696703,17.0127961543285,0.2118949945769631
5670,UNCHS002647,2.068544593721981,0.7035906084766034,17.012888896227878,0.5374132779860312
5671,UNCHS002648,2.068113591629981,0.660419053384288,17.011309682013916,0.18780743473146344
5672,UNC1848254,2.063992112096912,0.8322019425711614,16.99657084791579,0.27401494912485663
5673,JAX00269981,2.0638255147755444,0.6379255656153335,16.95898075154105,0.26576273538297934
5674,UNC1849020,2.0612462178182795,0.7716268776084197,16.960035772780884,0.21180325879273018
5675,UNCHS002649,2.060629555303194,0.7000623045275083,16.95907413061491,0.3017045664800154
5676,UNCHS002650,2.060005957907606,0.8342682687450244,16.958123273590672,0.26498730189256314
5677,UNCHS002651,2.05989395595725,0.7536950168162436,16.957921784235168,0.20360198698800563
5678,UNCHS002652,2.0594617022986768,0.8419326264762547,16.957115004166326,0.35710330233335014
5679,UNCHS002653,2.060839438003768,0.6642945943970533,16.978393122288253,0.32533457454049347
5680,UNCHS002654,2.06125083018469,0.859110657725761,16.984769115690824,0.1788956275941858
5681,UNCHS002655,2.33102851095191,0.6605488394639111,17.492426579899302,0.2823569605790972
5682,UNCHS002656,2.3538342373062733,0.6308655472423478,17.506023297565662,0.2483624038220659
5683,UNC1849492,2.356602031401735,0.8417058780784248,17.522347832518108,0.27275954626769716
5684,UNCHS002657,2.3675080877130767,0.6707641181423701,17.557309960451676,0.16769953159531384
5685,UNCHS002658,2.427418133603851,0.7640231425469476,17.648746691702172,0.1461217401064485
5686,UNC1849934,2.395646880237564,0.7969530410601884,17.873394080663957,0.17646703759862434
5687,UNC010300060,2.305730134900159,0.8824935414418146,18.744649223033093,0.20418612365134134
5688,UNC1852039,2.354297883515301,0.8755861526401145,19.363631993618583,0.26301131600480226
5689,UNCJPD000427,2.359795127964162,0.5677459579107086,19.440760805673108,0.10946126742301736
5690,UNCHS002659,2.3946269846371706,0.6391429957904184,19.638305123196005,0.16540276990097813
5691,UNCHS002660,2.3992903369526175,0.8596559772489343,19.666552007596692,0.14977659645535296
5692,UNC1853926,2.229884643120613,0.9326888033289209,19.786538820120995,0.10075146431784698
5693,UNCHS002661,2.258664535129583,0.7543517381150642,19.836167675180832,0.08414544180751617
5694,UNCHS002662,2.2648012539534648,0.8426250767898003,19.84419826450676,0.08324087796855029
5695,JAX00270076,2.2807448479734376,0.972595228823836,19.860652649964095,0.13363177788514166
5696,JAX00270077,2.2875953569218836,0.7268146697616563,19.86232000847167,0.1301200265455686
5697,UNC1854486,2.2911683262950646,0.8216156021828116,19.862464003864716,0.10817518642781034
5698,UNCHS002663,2.2668103075593535,0.7531879587995627,19.833550058583796,0.07893259954359409
5699,UNCHS002664,2.271917481958326,0.7082878108721982,19.838841963226287,0.09053225464512969
5700,UNCHS002665,2.621142094554898,0.7268443243380661,20.123291641097012,0.10420649762895418
5701,JAX00010581,2.8422567694019563,0.6592795701865993,20.30617905770623,0.11004045215955334
5702,JAX00270096,2.842021581487188,0.6006622008151096,20.50684972382669,0.05411636016922865
5703,c1.loc145,2.8433241238703886,0.6978320819353684,20.88982745668227,0.07271908674180891
5704,UNCHS002667,2.844306670197966,0.5395743247399021,21.0045623619626,0.17431203760172023
5705,UNCHS002669,2.2669959977022245,0.647377794582497,20.855175432280703,0.07883521796775143
5706,UNCHS002670,2.2521548208947024,0.9007934052027995,20.81994047967578,0.07627039192858287
5707,JAX00010611,2.241738143921566,0.7410541709025643,20.799381560552547,0.07549773468848758
5708,UNC1861016,2.2224614985007065,0.7638008301771926,20.769651199763757,0.07377158759147115
5709,JAX00270162,2.222027398412365,0.7431370025610908,20.769387662837744,0.07605341236337632
5710,JAX00270179,2.2199073249698813,0.79414553241837,20.755442296904448,0.06611992197796872
5711,JAX00270191,2.2261367395294656,0.6418237282662598,20.691348248899658,0.04767897296215852
5712,UNCHS002672,2.4619722193274356,0.5652293415423228,20.340262456595156,0.06308122239417206
5713,UNC1866430,2.4513252361393825,0.6666936060079109,20.28145626271771,0.06274841719895943
5714,JAX00010652,2.4563035587943887,0.7335785598310867,20.11670672069249,0.19359030490953902
5715,JAX00270247,2.4529759332026515,0.5758864969069943,19.97086420462847,0.07848133440891553
5716,JAX00270250,2.448473598254168,0.5893505274998436,19.968852345357845,0.06889584105034297
5717,UNC1872920,2.4287715842770012,0.6090590700090753,20.19696326887197,0.07944251473448154
5718,JAX00270283,2.4271491472165962,0.5492220828667348,20.270674364586057,0.08250985947380797
5719,UNCHS002673,2.426495525932978,0.6636406535081747,20.270177659311003,0.09994335269751284
5720,UNCHS002674,2.4262887881832285,0.5932486873267729,20.268488934363177,0.06903165407930502
5721,UNCHS002676,2.423615303405768,0.7248805033527435,19.432213175342667,0.07457547778240553
5722,JAX00270292,2.4234730150351425,0.616526126573232,19.43136324962461,0.145550843818181
5723,JAX00010683,2.4231946844213326,0.7097729639275245,19.429950509039145,0.10739363242916856
5724,UNC1876903,2.384478594423399,0.771506366628184,19.33329420003679,0.12208665675212953
5725,UNCHS002678,2.367623555847331,0.6944446377509718,19.27641872407048,0.09177611124204602
5726,JAX00270357,2.3617186702772415,0.8389947444544988,19.257608443411073,0.09759146219173384
5727,UNCHS002679,2.3483558653365435,0.7945972485645378,19.191429661341772,0.0712285845487807
5728,UNCHS002680,2.3211987880179095,0.8087007839972209,19.758859614580842,0.11548884570094257
5729,JAX00010715,2.3150876895892907,0.6805771226161986,19.74602137326815,0.09183222566719672
5730,JAX00270385,2.285107676596681,0.6106017659123453,19.651082127042628,0.09491075783638261
5731,JAX00270386,2.2841473522357774,0.742832963100437,19.647380269126415,0.0839486382577691
5732,UNCHS002681,2.2817167353755394,0.626199525895431,19.63811567521884,0.15046227685151983
5733,UNCHS002682,2.2819579624569997,0.6775222556804171,19.62583474354915,0.12551772650575377
5734,UNCHS002683,2.284326399281781,0.7486561016277885,19.573715982033264,0.07933764723925499
5735,UNCHS002684,2.3092655948275933,0.717064360686556,19.66354988648618,0.10896531604003354
5736,UNCHS002685,2.364105028884296,0.817867593588294,19.480102756217093,0.13292832309818753
5737,UNCHS002686,2.3679580303626153,0.7056235982497353,19.458399552422634,0.13114925940160904
5738,UNC1883987,2.4178805457170256,0.7552541252422383,19.300391817968148,0.09104758594342545
5739,UNCHS002687,2.415328980090635,0.610345769010121,19.267675811420304,0.0767980091775027
5740,UNCHS002688,2.415206369144471,0.7662364591631371,19.26616021864288,0.16262597125929398
5741,JAX00270423,2.4152284764047636,0.57788423443678,19.264757859719793,0.17014403036265552
5742,JAX00270448,2.4139791610491557,0.5824838818763183,19.23138899529249,0.14221823712412202
5743,JAX00270460,2.4086332821048018,0.6511624234388999,19.209222008278175,0.17741018216084742
5744,UNC1886404,2.4075794162895363,0.827623834183066,19.204879355432922,0.1342546927709884
5745,UNCHS002689,2.504179838263326,0.6195800883402243,19.03608402235409,0.1271645460669412
5746,UNCHS002690,2.5083051000269734,0.6453951843530189,19.15842668510436,0.08300032532398181
5747,JAX00270509,2.507468648535223,0.6055445447122565,19.174412483064543,0.18709869555916167
5748,UNCHS002691,2.3560631613815985,0.5464317413344578,19.478763455608487,0.13262066177744966
5749,UNCHS002692,2.3470413039451614,0.6800692285240113,19.460698310846738,0.14466987591934408
5750,JAX00270529,2.340216610312382,0.9056806470842945,19.45310978378393,0.07306293076268361
5751,UNC1890675,2.08366253864142,0.5984897652830449,18.52868582363294,0.09674827802491962
5752,JAX00270549,2.089231554591379,0.8298282924650243,18.264007406951123,0.12310367430611766
5753,JAX00010791,2.0457430436038067,0.8335962231398811,18.068491084605967,0.18083817202706734
5754,JAX00270583,1.8948040437339841,0.8115385238218742,17.515091025980382,0.18891619066245643
5755,JAX00270624,1.904724130492923,0.7013176008594177,17.347381683405274,0.2733698814189576
5756,JAX00270646,1.9377963565893879,0.8564012837209475,17.531295482475116,0.27985632384456044
5757,UNCHS002693,1.9033818121458808,0.8925903714317813,17.51194594864728,0.13923412693131654
5758,UNCHS002694,1.901760362096411,0.700443048820369,17.506545029024664,0.2262534967474157
5759,UNCHS002695,1.8867974552249507,0.7884212708637468,17.450459968317773,0.16047932900674525
5760,UNC1903098,1.8613593421450787,0.8856412703425689,17.337187506492,0.18903898055842716
5761,JAX00270663,1.8523687517449616,0.6713182184586958,17.355639126845062,0.25345966465356273
5762,JAX00270667,1.8515673732260893,0.7682814991159757,17.357078656576277,0.30139499507859707
5763,UNCHS002697,1.8455978475951724,0.6933727701975109,17.306674731418525,0.3054820454639201
5764,UNC1905607,1.8431483293520614,0.8416257088567197,17.28412413758042,0.2594673065674374
5765,ICR4190,1.817985898361485,0.8087187261301477,17.23597335615591,0.2930283916891004
5766,JAX00270730,1.8168716274162762,0.8579408965940362,17.19014155414402,0.20553376609274943
5767,UNCHS002699,1.8063601252154058,0.8618188011544797,17.05599354963192,0.19179503723539373
5768,UNCHS002701,1.8462327521140196,0.7801583314685662,16.716908428404167,0.2540666194859236
5769,UNCHS002702,1.846063759779554,0.855004474232888,16.714283467415726,0.30981542764570535
5770,ICR193,1.8401339538634147,0.8295588168234118,16.6608109780384,0.19452506434404038
5771,c1.loc149,1.831523591459245,0.6891025504212047,16.675275668617815,0.21438637667153151
5772,UNCHS002703,1.8262616740548765,0.9203600800682878,16.68432869245794,0.123746824378375
5773,UNCHS002704,1.825818139837338,0.9717145335647641,16.685172211233294,0.25726890768050886
5774,JAX00010896,1.8255023854583214,0.8736161852379283,16.689349041920423,0.29628965335466806
5775,JAX00270790,1.790583580668681,0.9555025752805055,16.76455589249781,0.2331171626641501
5776,UNCHS002705,1.7839640868028255,0.8268565088116593,16.782213454103612,0.35077323589531806
5777,UNCHS002706,1.7778201846440425,0.6770598092234092,16.895387746719052,0.23937175498959448
5778,UNC1913549,1.6932411489137849,0.9317563185270201,16.83297161281007,0.31191951123477174
5779,JAX00270806,1.6817030819738648,0.8099384063428207,16.798570580649766,0.2675616892576181
5780,ICR196,1.6819229600519066,0.652569867098991,16.85144526500312,0.2528502817928702
5781,ICR4197,1.6897181153742622,0.8977976121477984,17.070796723003696,0.1770003339924776
5782,JAX00270861,1.690791243237527,0.9145149776466326,17.182005709826626,0.2435184417179861
5783,JAX00270882,1.7062848375576323,0.9896248869252678,17.334695672379212,0.3920469646950817
5784,UNC1917999,1.704846312246218,0.7100106448949182,17.38655690825817,0.19818515245790636
5785,UNCHS002707,1.7096736713633618,0.9677348479767941,17.476451364452032,0.25571676175143376
5786,UNCHS002708,1.710104397654959,0.9017117455782286,17.481064003091433,0.1602276221772226
5787,JAX00270903,1.7209299266742164,0.7773539365319808,17.53012204331685,0.30359739994580326
5788,JAX00270917,1.731305357798874,0.7544601059661745,17.57663972355499,0.30502155782015494
5789,UNCHS002709,1.7522724011630544,0.8874631180051193,17.669349774077318,0.404604471543408
5790,UNC1921260,1.752746652067799,0.8886862296593485,17.671422137561194,0.3039087918595451
5791,UNCHS002710,1.803898597737998,0.9490912757306482,17.609484619172918,0.29918192161681045
5792,ICR4202,1.8352459993345747,0.9431410006931711,17.727540176114417,0.2632526353199446
5793,UNCHS002711,1.8450250983198657,0.9929987088325686,17.756297398323795,0.23143740668792478
5794,UNCHS002712,1.8456848794503458,0.8794001642538993,17.75818160602921,0.18463575096935464
5795,ICR203,1.8486633245922803,0.8100542753993578,17.783678422879575,0.1548548450338066
5796,ICR4203,1.8488251635458255,0.8871848629279874,17.785196365001866,0.12772526214617488
5797,UNCHS002713,1.8554138465294727,0.893375489797937,17.845900043869506,0.18783366207784502
5798,UNCHS002714,1.8467319261076227,0.979659942755955,17.947442926801614,0.22387677305699916
5799,ICR4204,1.8244144328866696,0.9257884914452562,18.223132396457913,0.15031990223676783
5800,UNCHS002715,1.7980985473395776,0.6937431883702241,18.582223196505765,0.1582768371936948
5801,UNCHS002716,1.7979400905455805,0.9251120090846855,18.583538809949232,0.23170758930746813
5802,JAX00271052,1.727560680542183,0.9048085797868548,18.62191793757006,0.10133646007500358
5803,JAX00010975,1.5200017648426183,0.9715781731953705,18.70811640516081,0.13491519527749074
5804,UNC1928645,1.5120333524544094,0.8644448876644394,18.736939779755176,0.0844435584871106
5805,UNCHS002719,1.5040401625228697,0.6942174350247037,18.76486608078426,0.1300593318896837
5806,UNCHS002720,1.5037600100654345,0.7745633981323041,18.76593620558242,0.09612846936116401
5807,UNCHS002721,1.501538591467579,0.9799368955530389,18.774365011337068,0.09211915024905022
5808,UNCHS002722,1.5011976916100593,0.7899196485939616,18.775655605387783,0.08553358701382234
5809,UNCHS002723,1.4972751701927791,0.989147501424632,18.76111737245742,0.1477778058054617
5810,UNCHS002724,1.4965306098943074,0.9700525324868502,18.75982619609158,0.13101035029509167
5811,JAX00010994,1.4798873406157327,0.962304379787175,18.745422908750243,0.13061922620579994
5812,JAX00271166,1.4778893076822897,0.9791304427092234,18.71594043807113,0.11669751773016132
5813,UNCHS002726,1.4643129376286197,0.9763508773706499,18.634439826581456,0.2035442013474581
5814,JAX00271202,1.463730179107415,0.9139631196702943,18.632650130999764,0.19925887970378003
5815,UNC1934398,1.4670571020071748,0.9135852981386813,18.64106503921016,0.07260052770051778
5816,UNCHS002727,1.7897111543970823,0.7462706272928687,17.28376233121321,0.1966035487168516
5817,UNC1936512,1.864701674022399,0.871623576394702,16.927565013163303,0.19615442047442055
5818,UNC1936845,1.922157675381186,0.7535822263028215,16.65383334616854,0.2340759523987574
5819,JAX00271265,1.9358267169075134,0.7401668819510636,16.63229680665836,0.23373423178670288
5820,JAX00271268,1.9427601609045269,0.8869080441895791,16.626179066349778,0.2818077916479799
5821,UNC1938148,1.950562277254221,0.8596269725348417,16.618544487094596,0.2908104786879899
5822,UNC1938399,1.9569516894114258,0.8728790864695772,16.612347757642738,0.22980544578602996
5823,JAX00271278,1.9592992372154185,0.9262546360495969,16.61014865513357,0.3486018197794743
5824,UNCHS002730,1.9778053158970579,0.650922965351033,16.599477480457608,0.24800405268495498
5825,UNC1939261,1.983536036804935,0.8564120737707889,16.59633551496404,0.20624149050954602
5826,UNC1939528,1.9849594924012308,0.8944321280195892,16.597055925129325,0.3426280061668739
5827,backupUNC010628673,1.9895260843218239,0.746370038087144,16.598460527656698,0.2659822315837412
5828,UNCHS002731,2.015044075099013,0.7158780477450247,16.40030389616686,0.31691173355884783
5829,UNCHS002732,2.0179136955571266,0.7845435504173819,16.37964487549334,0.3671379833281612
5830,UNC1940721,2.030408140982672,0.6649515955177606,16.290684506233447,0.25939671976536205
5831,UNC1941082,2.0516189516101804,0.6364568449451071,16.124550076452124,0.42222507582866103
5832,JAX00271340,2.0826491990765135,0.679067598025682,15.894418204883323,0.28502250367067167
5833,UNC1941988,2.1247579947139457,0.7253800243936159,15.618102973793611,0.5154179595650927
5834,UNCHS002733,2.1272324375763674,0.7917703991604973,15.6107139826413,0.35848901968183966
5835,UNCHS002734,1.8788163018055002,0.8755330777602666,14.616883469588402,0.4582801092133351
5836,UNC1942621,2.303546302772247,0.8975949218009447,14.080378611115293,0.4847764629633267
5837,UNC1943175,2.668741206406594,0.610673983660124,14.297890616624727,0.42162779367356673
5838,UNCHS002735,2.6695547619117406,0.6124380568261362,14.25126269307134,0.696464877435828
5839,UNCHS002736,2.6694855498103607,0.52798127289781,14.257617062389954,0.3738762754832572
5840,UNC1943577,2.6702007451390273,0.7688034474008398,14.261289469837038,0.6680552733962806
5841,UNC1944082,2.6718675808447188,0.3984247342066121,14.271140762426285,0.5367467482494567
5842,UNC1944257,2.6725492254215624,0.5308025615488978,14.275066317600704,0.44588340769973733
5843,UNCHS002739,2.671458717230962,0.6208876031484432,14.337487889220483,0.5931280653339632
5844,UNCHS002740,2.6713528348038835,0.6344834707522671,14.34561956001562,0.5349984740433842
5845,UNC1944789,2.66904732296598,0.6266598555943661,14.383433718554897,0.48062006613941055
5846,JAX00271411,2.674360216443347,0.6418150937980541,14.505104058375764,0.5709070281545867
5847,UNC1945404,2.7138246943925424,0.5112463557400895,14.84625295888668,0.450475270199897
5848,JAX00271419,2.732127756137288,0.6880750716666282,14.92970873852164,0.44740287569094617
5849,UNC1946205,2.780924968733416,0.5648260488991078,15.088432255233784,0.5389842692590822
5850,UNC1947153,2.8677774374737055,0.6403112409244324,15.35009147144956,0.468451084880051
5851,JAX00193766,2.9588626187032787,0.5284340867645171,15.486448631302437,0.3445530181662225
5852,UNC1947829,2.564289976588043,0.7399528542269238,15.557479817277226,0.28750556329748794
5853,UNC1948234,2.6808426268448784,0.5112266267547062,15.846733428381185,0.24614531083264782
5854,JAX00271459,2.943795324990333,0.5832139530779845,16.230540792778356,0.482471244855686
5855,UNCHS002742,2.948847901529689,0.6436557857727677,16.249680840632436,0.25725336782693403
5856,UNC1948835,3.349486065857718,0.6288380956780201,16.94498854555968,0.34223212742132114
5857,UNC1949073,3.318055392086535,0.534212099127355,16.878456894420196,0.27693159301145687
5858,JAX00271468,3.30010117900747,0.6236910270943853,16.864926924685733,0.17712714526913473
5859,UNC1949569,3.1400720259109676,0.38784436635887104,16.68822659344346,0.46892275564364116
5860,JAX00271483,3.0221522220954284,0.6777822437717318,16.55556929406316,0.28476872526927877
5861,UNC1950039,2.9756245162161576,0.6541539855890047,16.47969327214446,0.5793745434788793
5862,UNC1950553,2.8574404372668596,0.7572318133371294,16.283544152165177,0.3685897480511415
5863,UNCHS002743,2.7563435885106173,0.5181137266756208,16.108608428911566,0.39917165179594566
5864,UNCHS002744,2.88976878562039,0.6122162273939126,16.098093908365854,0.4960367457146665
5865,JAX00011099,2.902746539699365,0.6028248985538157,15.199020953198897,0.37132151569863175
5866,UNC1951142,2.885639554775935,0.6060236179083132,15.213077077024309,0.30822712599332797
5867,JAX00271510,2.886082674318459,0.5997961932869884,15.216357350079988,0.4214423096179224
5868,UNC1951289,2.8933011712160805,0.5835585831801717,15.204351086750194,0.3299925574139208
5869,UNC1951925,2.850005665939534,0.6154713199651092,15.197377765015062,0.38776921201801773
5870,JAX00011107,2.831575430873272,0.7911948181854822,15.197102929683751,0.2816349223562366
5871,UNC1952460,2.7997066239902324,0.63875889645833,15.297275211372607,0.39777764609716026
5872,UNCHS002746,2.778922206241077,0.46472366916249597,15.376666489852369,0.5028488159232275
5873,UNCHS002747,2.75966554722163,0.4102448994847291,15.430323204824163,0.2822731840913583
5874,UNCHS002748,2.7575321524682295,0.5907366292088388,15.430658607446276,0.3733032262838832
5875,UNCHS002749,2.756192261892693,0.6868642843670192,15.430870985876027,0.5113931764892183
5876,UNCHS002750,2.754470431933896,0.4368517658038684,15.431157618335192,0.3140698060238547
5877,UNCHS002751,2.746768618963415,0.5086029224653976,15.432607151444017,0.5012213801392144
5878,UNCHS002752,2.7450470682388186,0.8238277301423869,15.432952025458235,0.5127818351493532
5879,UNC1953417,2.7323592660786744,0.9450196841446454,15.435885537403237,0.372403406253281
5880,CEAJAX00271542,2.723635450577376,0.7207192728694009,15.422979254067059,0.3029943984860041
5881,UNC1953593,2.712657423988503,0.6658339236937677,15.419175541493814,0.28395229177377057
5882,UNC1953873,2.606846178226988,0.7745819115861861,15.482918182237654,0.23525346290865887
5883,UNCHS002753,2.496213488056128,0.602205412764296,15.446393623431277,0.4164048958483112
5884,UNC1954704,2.4764123851407476,0.8090569158032995,15.519714196348787,0.3909632103746179
5885,UNCHS002755,2.551639688961586,0.6066855948626148,15.660787997868738,0.4728794819895627
5886,UNCHS002756,2.3792599053524555,0.668894832646949,15.28166235232652,0.4283913149309565
5887,UNCHS002757,2.371546985011264,0.7737115784453412,15.202193701274155,0.41420212313625504
5888,UNC1955304,2.0902033612292144,0.6899454898960344,14.035794282749293,0.5695057949579747
5889,UNC1955813,2.1078105230724304,0.723705073933398,13.701648125639167,0.4733746773012035
5890,JAX00271575,2.129106764225753,0.6778126812630503,13.736475009303604,0.596851173243017
5891,JAX00011124,2.1370527487231357,0.9927044761960745,13.749249567495326,0.5730436874072671
5892,UNC1956316,2.2267566338937286,0.6841298324187111,13.947603310960403,0.6523068052445222
5893,UNCHS002759,2.2930526433915475,0.48602175399373965,14.096090740511272,0.37610939624280104
5894,UNCHS002760,2.301522901796943,0.7715147962925216,14.114833132344529,0.4425177383054085
5895,UNC1956739,2.3015504303666603,0.7041842401523248,14.115180973032466,0.3401463702283187
5896,UNCHS002761,2.289060144398036,0.677418219939945,14.236240968396714,0.7160526821785148
5897,UNCHS002762,2.288272704141491,0.6421531610262009,14.243454560741156,0.4668263741826578
5898,UNC1957652,2.290257391322939,0.6513462006759749,14.257993069444183,0.38494962524877074
5899,UNC1958264,2.424628591838882,0.9038949652219637,15.220797111817546,0.4533051060906168
5900,JAX00011136,2.5423956140800783,0.6857090476994772,16.109265467574687,0.23264577420812863
5901,UNCHS002763,2.606524527025158,0.4597407032605405,16.0405602403971,0.4992925571305448
5902,UNCHS002764,2.490222504967278,0.641631415908008,16.137962633769803,0.4308870639718184
5903,UNC1960105,2.531225927354626,0.7016534002597503,16.06119849029301,0.25495060856008167
5904,UNC1960768,2.558136550809195,0.6668454486047879,16.05521737297113,0.3681674329985756
5905,UNC1961263,2.582027846400706,0.5003913720873372,16.046154048877725,0.5145017295697968
5906,UNC1961820,2.614373938957442,0.6084253438821616,16.03378781119841,0.23449383849993882
5907,UNCHS002765,2.6159503774681525,0.6644836125905633,16.019669736077276,0.21438557703192554
5908,UNCHS002766,2.616080752590051,0.6211316592676025,16.018325143965058,0.461538434677802
5909,UNC1962195,2.6146295479566106,0.6445792493290579,16.009697744228333,0.2657531176593522
5910,JAX00271715,2.5827447120000215,0.6286256287486431,15.866514311273022,0.4430970070202117
5911,UNC1962782,2.571873066298167,0.7739408379335859,15.832737876143483,0.5080731987780767
5912,UNC1963301,2.5416834621096314,0.42978599840700654,15.875670222102144,0.314272078100008
5913,UNCHS002767,2.531127872608522,0.5757139457955455,15.919480290801403,0.302142939399171
5914,UNC1963734,2.530553361138118,0.4757519467209775,15.922302380316069,0.28546777638540427
5915,UNCHS002768,2.5303666157601583,0.7591620292406782,15.924598959404875,0.35298313390475095
5916,UNC1964025,2.5256562726935954,0.5498988159924684,15.979012130049796,0.3010711028201756
5917,UNCHS002770,2.491547514448939,0.8334940668520707,15.997395245865846,0.2397012889284371
5918,UNCHS002772,2.485438536800075,0.8143381064803468,15.999129140242076,0.47438792165348076
5919,UNC1964792,2.4763726414437315,0.8712882087260407,15.99788701577495,0.3865581678099715
5920,UNCHS002774,1.9316288415698182,0.9134456140504653,16.260925191925935,0.2239068912562508
5921,UNC1965019,1.7895571525800733,0.7320736924977687,16.45700084059763,0.3499549520159064
5922,UNCHS002775,1.725279073679303,0.8270859069905196,16.58052171499594,0.25851296358850373
5923,UNCHS002776,1.7242321373578307,0.9648766011619873,16.576690338249136,0.36019561204362044
5924,UNCHS002777,1.7235828777750157,0.9076976745857932,16.574237409537773,0.2962266363020962
5925,UNCHS002778,1.7259384678081915,0.889981433680839,16.57963863271516,0.3076857190314041
5926,UNC1966069,1.757740407548681,0.7903609090172734,16.597473847358742,0.20717388906066087
5927,JAX00271789,1.7546248528569777,0.7208961128677647,16.582394893264336,0.30041902837586354
5928,UNCHS002779,1.7510009073760102,0.8396503325076202,16.563269252358168,0.2435734084232558
5929,UNC1966373,1.747794440988855,0.8902397951889667,16.545219009641414,0.3103751244923783
5930,UNCHS002781,1.744657762948009,0.9245096035555849,16.525971347588666,0.31464253898473415
5931,UNCHS002782,1.7454973836393037,0.7872824616646134,16.522000638596182,0.3454986075542566
5932,UNC1966867,1.7631153613201604,0.7836782080196677,16.470110393190907,0.24489554431205618
5933,JAX00271810,1.7685220797061447,0.9705282950066892,16.46079706118121,0.48764022829152276
5934,UNCHS002783,1.7734617921666995,0.7613815203147126,16.47054789629624,0.43033913009048885
5935,UNCHS002786,1.8578947244429855,0.9154750876851465,16.721114314267425,0.33505563851785336
5936,UNC1967652,1.859952359038516,0.77466649831868,16.7220465730843,0.28436936053992967
5937,UNCHS002788,1.8601436833259868,0.7296582433973308,16.719207208787793,0.25239172306824464
5938,UNC1968356,1.8626805145936487,0.7243756872660715,16.68915584529759,0.5455935728256615
5939,UNC1968641,1.8624012039126683,0.9032370342096823,16.67841548550291,0.20620370698768767
5940,JAX00271876,1.925408216933647,0.7504159952860832,16.67098433497381,0.355431604972935
5941,c1.loc153,2.000080393479948,0.7249462300998774,16.603509984336597,0.36768733484419536
5942,UNC1970775,2.0230561601306363,0.877494016596463,16.57398505184392,0.30158017703025425
5943,JAX00011195,1.7025946899195787,0.8615940173987777,16.311061995593263,0.6039344217694205
5944,UNC1971409,1.6145841695572472,0.8047328913357141,16.132469850159623,0.33902438944466967
5945,UNCHS002790,1.6524063902613761,0.866504220790979,16.01724241191141,0.41272500905022064
5946,UNCHS002791,1.6146849647677755,0.7874680062038039,15.861995952153165,0.38217655318802063
5947,UNCHS002792,1.51917306665041,0.850344108008572,15.666224073287822,0.33968501068696305
5948,UNCHS002794,1.5192951713283946,0.8566208706836136,15.651535064441305,0.2555836335595441
5949,UNC1972093,1.5200854482880004,0.8890353977361479,15.625033924901345,0.37667422748408413
5950,UNC1972342,1.520910811156682,0.780781769117318,15.608948257814973,0.48353489033171804
5951,UNC1973125,1.5237031253759596,0.982236610635423,15.590684846745944,0.4258733009953991
5952,UNC1973447,1.5293484195694873,0.9211292966458673,15.590563050958508,0.5281183213319771
5953,UNCHS002795,1.5412038639256025,0.9340304748050469,15.590394170439822,0.36898550282893267
5954,JAX00271948,1.5415560264541455,0.8575622389471308,15.590345050624592,0.3554412392939852
5955,UNCHS002796,1.5419715030573116,0.8046066919732677,15.59024018236778,0.30466144663516226
5956,UNCHS002798,1.5844004259313351,0.9575298424019429,15.533234062469091,0.44629771255654566
5957,UNC1974981,1.5853980639190013,0.9860263138074674,15.532596651836684,0.335351070109063
5958,UNCHS002800,1.5861021404969051,0.780130373960201,15.532384160636639,0.33981103884577213
5959,UNCHS002801,1.6069294472708862,0.8358636702917283,15.453876828485363,0.5655525945551344
5960,UNCHS002771,1.522803470814324,0.8820385720092846,15.762049872804255,0.3930544799214885
5961,JAX00271959,1.5230345330630826,0.9020219922759549,15.762344880700994,0.3976866567725834
5962,UNCHS002803,1.5238107107661563,0.812168439822719,15.763335173256337,0.31809576699381875
5963,UNCHS002804,1.5241269275422837,0.9046202766799447,15.763615854119053,0.3417478213123939
5964,UNC1975228,1.5241109844714629,0.9637302241679585,15.764108701504256,0.37633546962292985
5965,UNC1975589,1.5180901502080815,0.8784210479776317,15.88713944736378,0.4909298946490608
5966,UNC1976268,1.5039860455235612,0.9839420053935156,15.813526433287734,0.3533173140522941
5967,UNC1977065,1.4673617344517424,0.858338154340857,15.527661604213563,0.37575400181121055
5968,JAX00271982,1.4669357656673583,0.9096067798996627,15.523676663634205,0.4611912191278362
5969,UNCHS002808,1.4702506276839813,0.7530515688320674,15.53052014196146,0.5337847150103152
5970,JAX00271992,1.4724267659223642,0.9367607648546815,15.52943530790435,0.3836903194767488
5971,UNCHS002809,1.4724986686810553,0.8089320201280744,15.529404365082883,0.4960059469841789
5972,UNCHS002810,1.4731979737975962,0.9817548559412984,15.528786295962163,0.37167979100012905
5973,UNC1977687,1.4739524416340828,0.7878825487986213,15.52808611952878,0.6542079411070026
5974,UNC1977921,1.4771582975772617,0.6833556981628328,15.525066651704492,0.3746748062517382
5975,UNCHS002811,1.2774432888536467,0.8593912674718545,15.80073478575082,0.2875072549429934
5976,UNCHS002812,1.2676080512692351,0.8939585891819617,15.824929446348278,0.4675743779438315
5977,JAX00272024,1.269320776419363,0.9154269654954973,15.830845888420072,0.3027701074128776
5978,UNC1978827,1.2740447966573356,0.8608438482265697,15.741148413204655,0.32155925127781215
5979,UNC1979324,1.196375781484221,0.8768837485936575,15.867354375134255,0.4165870806504515
5980,UNCHS002813,1.2049421235947193,0.9940120103228112,15.972200495392826,0.28251935946473294
5981,UNCHS002814,1.2057204608486245,0.9199171828516631,15.97605678739933,0.2839517394014333
5982,UNC1979520,1.207643612371612,0.8930842337874781,15.984177025388362,0.18685247630865362
5983,UNC1980362,1.218179639559139,0.9818362060385428,16.028951372143183,0.39836542479613296
5984,UNCHS002815,1.2772059959263515,0.8082012094497925,16.050460269122823,0.23858349891637268
5985,UNCHS002816,1.3040762574548808,0.8880275698757201,16.043299907214305,0.28253937217036273
5986,UNCHS002817,1.304609338859109,0.8969034840948837,16.198260753901423,0.36411835414722954
5987,UNC1980733,1.3136973477885476,0.8449144991193853,17.57289083011301,0.13370204455155948
5988,UNC1981188,1.3431721900419689,0.9768016758409728,17.683969456702926,0.24124435624406365
5989,UNC1982125,1.4468417649857201,0.9422544700984093,18.212110199363906,0.1440230666530557
5990,JAX00272100,1.458456367313829,0.8742440605983334,18.137390967623105,0.12575112999703883
5991,UNCHS002819,1.463815804670503,0.9364695016704069,18.14376017990594,0.1681209663874123
5992,JAX00272106,1.4639280844194218,0.8253128476819399,18.143850524499612,0.1618456361049572
5993,UNC1983252,1.464007021259249,0.9915592615146118,18.143918006147715,0.23388683211131656
5994,UNCHS002820,1.4761597777910538,0.7796255738466941,18.190396040253745,0.1654962574150815
5995,UNC1983810,1.6276119429244318,0.8478158872625191,18.543118677833718,0.12878721710369964
5996,UNC1984158,1.6332216956516277,0.9394070039224984,18.54976683662744,0.15586125767594763
5997,JAX00272120,1.6333758963523906,0.8170490626008103,18.549844181085064,0.1639952741766602
5998,JAX00272123,1.6394319068140248,0.7139957628172852,18.551004168477675,0.10047472918582735
5999,UNC1984844,1.6388538649780457,0.8755876027147779,18.476124648257837,0.12721375993625478
6000,JAX00272130,1.6443792072277574,0.7759807197754867,18.35044688239168,0.11981020458388124
6001,UNCHS002821,1.6446564317297998,0.9689589400908964,18.34636068443342,0.17479060627304893
6002,UNCHS002822,1.680017939393565,0.812440971594203,17.969532342705406,0.15704601015232092
6003,JAX00011277,1.7124194198863734,0.828160025259027,17.688012517604648,0.17255462410949168
6004,UNC1985853,1.7319293481175464,0.914926606655708,17.5839147069687,0.347837816942883
6005,JAX00011280,1.7342172551072963,0.9859967166604804,17.574848357597375,0.22916064642845607
6006,UNC1986257,1.7385622983699704,0.8899563778359518,17.55494033702894,0.2718949592541027
6007,UNC1986401,1.7414094073433262,0.800448426943205,17.53822033660458,0.1827652205228135
6008,UNC1986786,1.7450467492881216,0.9548870959795062,17.50726335943523,0.2951090142628439
6009,UNC1987057,1.746828616860057,0.9263872000010566,17.475591060314855,0.2167551148559043
6010,UNCHS002824,1.7472013740393777,0.8590349296974734,17.46634841663581,0.27207010890321137
6011,UNC1987211,1.7473906095765415,0.9180703475869612,17.46067404360747,0.20484565414259562
6012,UNC1987292,1.7475323561734513,0.7852113271124785,17.455619703556295,0.3575196055362994
6013,UNC1987347,1.7476909615652403,0.8108296833985249,17.44864025038237,0.2729377465694028
6014,JAX00272165,1.747897869532153,0.9029203351730437,17.43421265624943,0.14524746167418803
6015,UNC1987490,1.7479030429508384,0.8720144903128073,17.433631513171804,0.30062821551993174
6016,UNC1987645,1.747954737250211,0.9147926181511912,17.419140388929463,0.1860739228296948
6017,UNC1987703,1.747988484924008,0.831239103369969,17.41325567882609,0.23880904036437783
6018,JAX00272168,1.7479970883218812,0.874126367546289,17.409996377627976,0.2134504715859162
6019,UNC1987774,1.7480002500808496,0.8046288490253276,17.40638036736823,0.15879273584870718
6020,UNC1987889,1.7479795386204842,0.8990367293841426,17.39352279984405,0.24353283136347015
6021,UNC1987920,1.776257379310664,0.6681749437570054,17.438929628812275,0.18979334449618912
6022,UNCHS002826,1.944449129735176,0.8961154153811072,17.377670612221436,0.2644936285868627
6023,UNC1988027,1.9297598685632238,0.8431029172797554,17.344729692263854,0.3394719585041371
6024,UNC1988099,1.9155904765891592,0.7966606951556088,17.30872912338532,0.1850401744283278
6025,UNCHS002828,1.8949672767716947,0.735853086048908,17.253019895937996,0.17323613436847535
6026,backupJAX00272176,1.8789290181532579,0.7419786840327178,17.20950730152981,0.27387356614711106
6027,UNC1988287,1.8784025720979116,0.7455981047156496,17.203912985719626,0.2504980091139021
6028,UNC1988322,1.9128706929936925,0.8373926074591259,17.30451112247897,0.2598949293964611
6029,UNC1988352,1.9123027916180035,0.7432100086561612,17.299929160015836,0.25048526224268264
6030,JAX00272179,1.9115977653520986,0.7444711204729596,17.285946986184854,0.19603159434758294
6031,UNC1988421,1.9115221835686498,0.8084175226350881,17.284517578577834,0.39720731263427805
6032,UNC1988456,1.911077782819575,0.8456181826932003,17.277651091516418,0.2296712368062578
6033,UNC1988555,1.9103833191652484,0.9144862212279453,17.267407336821407,0.22526705763738497
6034,UNC1988625,1.9098815787067451,0.6999676697248811,17.260652797411012,0.11364567593513261
6035,UNCHS002829,1.9090824802956377,0.7417979696074931,17.248272356497182,0.2297447918787878
6036,UNC1988684,1.8992455918414635,0.8327802441703949,16.888031703754905,0.2971853737787241
6037,UNCHS002830,1.8840539351606367,0.7884098946995689,16.5232570612186,0.33273257333689693
6038,UNC1988706,1.864474726604385,0.8463368784565012,16.258376743641975,0.31574442045443313
6039,UNC1988752,1.861841713038757,0.8696806150075278,16.235171531595824,0.26480788850727144
6040,UNC1988760,1.860226712209851,0.7563118959326928,16.220625448643432,0.2007814788130418
6041,UNC1988850,1.8580495062597038,0.8528955047265464,16.196556316883743,0.24545948281871519
6042,UNC1988911,1.857042343127432,0.7795394921762252,16.18428209384797,0.2924055833625232
6043,UNC1988963,1.8623402826156052,0.9662904696615884,16.105586001942356,0.20818862525012086
6044,UNC1989080,1.8697447153979283,0.8912526609219598,15.99348847311876,0.15704400038917535
6045,UNC1989138,1.8750165469380136,0.9594525272556153,15.914630896567132,0.35527564672817363
6046,UNC1989201,1.879762774037772,0.9727125091363502,15.838010607558317,0.41875719914266685
6047,UNC1989247,1.8831475541212512,0.8196478268597391,15.784017560682742,0.3421985872790993
6048,UNCHS002832,1.8831816599899867,0.8734397183387743,15.783476291861234,0.32445799083895127
6049,UNC1989275,1.8871916658363261,0.7865278408185321,15.720235326534521,0.5002062960614289
6050,UNC1989322,1.8959572998610383,0.8390016627341829,15.585784149126084,0.3287639361289425
6051,UNC1989353,1.8937471582084981,0.9099716442897475,15.571280546747857,0.5596545245973655
6052,JAX00011308,1.8933754098643476,0.6873773907242197,15.56765233960914,0.4273990851606369
6053,UNC1989377,1.892902493003703,0.6484852207949758,15.563066255108424,0.3585175617459409
6054,UNC1989419,1.8911806360335959,0.8145961932134487,15.547720184796617,0.5365217232844407
6055,UNC1989439,1.8903517799831207,0.7552776348263831,15.540588352432678,0.37320270601843136
6056,UNC1989492,1.8885273372939082,0.8317143028098887,15.52515150474187,0.3783596926874543
6057,UNC1989553,1.887363367207854,0.8227714493955236,15.515479277281656,0.31817755753738836
6058,UNC1989599,1.8860446989424418,0.6526107174976457,15.504681117794462,0.4476710803992775
6059,UNCHS002833,1.8847660044857548,0.746652456192543,15.494356783095554,0.35041806463729874
6060,UNC1989650,1.8840082121323576,0.9044727427701731,15.488303710356831,0.3795273673294721
6061,JAX00011312,1.8831412452645964,0.7629805818402859,15.481292906559702,0.5293127413045012
6062,UNC1989748,1.882239656080401,0.9775583789654764,15.473755931493088,0.5430086053558951
6063,UNC1989827,1.8809072036615362,0.720105554111182,15.463987008162803,0.29974200753593133
6064,JAX00272209,1.8798897186950398,0.7539414290211642,15.45640355791761,0.3518883950611862
6065,UNC1989961,1.8796488232569573,0.720157289486203,15.454617458955,0.3669546673098003
6066,JAX00272212,1.8787665947488676,0.790345588739399,15.448109107618848,0.35881093978368656
6067,UNC1990082,1.8775496016426132,0.7812730542909297,15.439190918481927,0.3272216099515669
6068,UNCHS002835,1.8701366357367988,0.8637150562786627,15.386457790311397,0.4125690805317492
6069,UNCHS002836,1.8693078866826909,0.8326212251948477,15.380719723716993,0.33997859501329203
6070,JAX00272225,1.8667963932919065,0.6854726297100351,15.363497137742343,0.35977404179875766
6071,UNC1990523,1.86399608708507,0.8169563889614101,15.345057687051394,0.3182827022856821
6072,UNCHS002837,1.8257465111346391,0.825034495186196,15.340041587366386,0.3377551956769726
6073,UNCHS002838,1.8242486335711874,0.8156769325288863,15.33090368294279,0.4728607976209378
6074,UNC1990921,1.8220119301183786,0.7868202826574634,15.316901118608484,0.4507585165176969
6075,JAX00272241,1.8091764348901052,0.9102923197143722,15.238935426848911,0.460233736173636
6076,UNC1991330,1.807743053557033,0.8111922220422961,15.230677558103025,0.450594798264162
6077,UNC1991730,1.789896658401176,0.7784838939654063,15.128709585852903,0.4632134112561254
6078,UNCHS002841,1.7853934787526669,0.7828061263875992,15.103880664329836,0.7074686370398516
6079,JAX00272256,1.7766503847715285,0.6669266056593784,15.05656824494099,0.30786797305445424
6080,UNC1992243,1.7707778500177938,0.8787342183953126,15.025240834889019,0.40592389168647763
6081,UNC1992709,1.7598390626769742,0.7935824862573297,14.967926126974135,0.8700497078369192
6082,JAX00272276,1.7514321137978186,0.8898060443442883,14.925230842834935,0.29770638929926724
6083,JAX00272284,1.6821894313102348,0.8172351454298499,14.959039726380524,0.5672122876077546
6084,UNCHS002843,1.6642991477810938,0.7789447520271909,14.968555186957474,0.48110767752614453
6085,UNC1993908,2.0493407653011673,0.748259015456618,15.39495808456104,0.4284312359071005
6086,c1.loc155,2.159239801118929,0.5157878040587651,15.26856123952939,0.533150355378153
6087,JAX00272294,2.1993628017094125,0.8150827429162253,15.227213384748666,0.3615737512525617
6088,UNC1994761,2.1777097791348297,0.6157930679122975,15.129961239864542,0.4907495451950994
6089,UNC1995263,2.3587444118334133,0.5689506420764427,15.093732783429914,0.4903706733310382
6090,UNC1995441,2.5297074543846065,0.7090751371880003,15.052571684606846,0.6299924944613204
6091,UNC1995727,2.7125718149659406,0.5516314809228866,15.003799859508717,0.38017105000564394
6092,UNCHS002845,2.8088973426133634,0.8322255233881819,15.54825901214872,0.3722151041486326
6093,UNCHS002846,2.821563899937246,0.6181608812531564,15.64758717398945,0.45594225019619644
6094,UNCHS002848,2.8747179789061192,0.4537535480251311,15.63232079294471,0.3537247588090258
6095,UNC1996232,2.928479227953858,0.7651554179574596,15.613621567984637,0.2782834382498696
6096,UNCHS002849,3.29351848354554,0.5561072838434428,15.46920949927835,0.3186452965346579
6097,UNCHS002850,3.3420348290392212,0.43892492197103017,15.442068374126848,0.4750388131720784
6098,UNCHS002851,3.414749890253006,0.6585873326673647,15.420897704549361,0.2877032945542859
6099,UNCHS002852,3.6517074640100873,0.4496652463778066,15.718001300920605,0.3654613902285678
6100,JAX00272332,3.745789861729463,0.38902705556306744,15.698045212445322,0.3915840801145253
6101,UNC1997785,3.9381968037114348,0.3599511091291674,15.643211221528873,0.2536872876314966
6102,UNCHS002853,4.030276424078238,0.49207839743787557,15.611905805792048,0.30763722895031
6103,UNCHS002856,4.29690513036212,0.37516638910943945,15.674259168875778,0.30624714382638274
6104,JAX00272355,4.379153788839403,0.4242894624305111,15.655260530200849,0.33781448195469066
6105,UNCHS002857,4.454131507962302,0.3343904980550897,15.638654908988883,0.3851615915340988
6106,UNC1999219,4.519659863227844,0.23521912331777592,15.630608449316469,0.4556946287003158
6107,JAX00272363,4.578426562459981,0.2626734051781101,15.62445140215982,0.37718609925293656
6108,UNCHS002859,4.486291149710723,0.4156078120723763,15.622857671402471,0.343322011556375
6109,UNCHS002860,4.090600408259888,0.2671410197875326,16.036754579882654,0.3774168051239626
6110,UNCHS002862,3.8117167916338985,0.44449944335340014,18.0499110048695,0.21540264355560926
6111,UNCHS002863,3.8061693981412645,0.4244586938173234,18.215433684392565,0.14602260182255447
6112,UNCHS002864,3.833430069262249,0.428522002434897,18.24973097483553,0.10904066560891482
6113,UNC1999963,3.752070692322377,0.5783976119864886,18.276421215470236,0.1312676896062686
6114,UNC2001336,3.6665111567269832,0.747359533093168,18.341409339416714,0.21120923065705235
6115,JAX00272416,3.6590250651552196,0.6080265424510433,18.394664975602154,0.21006891392492377
6116,UNC2001814,4.290158916953487,0.35392819907412115,20.194169942561757,0.07968217092310949
6117,UNCHS002865,4.297139913956244,0.3057753762374753,20.17421930511773,0.1562767647608436
6118,UNCHS002866,4.29781795551412,0.243245900884661,20.174125211402725,0.0775878861578129
6119,UNC2002250,4.303078111848208,0.36852726596408314,20.174197603545053,0.10561645434519192
6120,JAX00272441,4.30869925867205,0.21095766402056598,20.139983883404966,0.058438628789202675
6121,UNC2003065,4.316179009963662,0.3974743061782162,20.091194971291543,0.13091772917837197
6122,UNCHS002867,4.319705896265077,0.3574099888970412,20.06658591710675,0.09268396021856883
6123,UNC2003272,4.318148956957202,0.32129933121194365,20.052855745437455,0.09692566030844504
6124,UNCHS002868,4.31728057789087,0.3275257666211402,20.05177378411463,0.08887776528937645
6125,UNCHS002869,4.302446077801733,0.3153228446599304,20.013413794314147,0.07453787777154991
6126,UNCHS002870,4.3027932746676925,0.3013666784431936,20.01571453710835,0.07579068148522093
6127,JAX00272462,4.302627068900847,0.35863052182648036,20.015839852128238,0.08198559932334007
6128,UNCHS002872,4.2497763360306635,0.3714623759985544,20.05691349870699,0.07164238417055661
6129,UNC2004125,4.193665910117943,0.33289479948532813,20.107314511787308,0.08361060852367866
6130,JAX00272486,4.130374043777692,0.36150785126453505,20.15207505974945,0.08984320052930089
6131,UNC2005080,4.123221439377176,0.39812580044617224,20.157584050763035,0.07612560749041801
6132,UNC2005492,4.016575258867306,0.3172467771652623,20.236777919966244,0.09358935081769845
6133,UNC2006445,4.183637078077027,0.39777298350671275,19.770032828120748,0.08470729436107091
6134,UNC2006963,4.214036230704551,0.44512419558953137,19.76384656483333,0.061180862609640015
6135,UNCHS002873,4.218834871688387,0.44518897866559115,19.758741490726834,0.13399902749592954
6136,UNCHS002874,4.223959478395045,0.33481464551616213,19.763600942444555,0.1419927630475736
6137,JAX00272535,4.236064252505685,0.7799181142638429,19.78439877954679,0.05718778567816346
6138,JAX00272539,4.225116694699636,0.32582241770661785,19.779017375221883,0.0500865754363176
6139,JAX00011426,4.221809837163164,0.4179374066083352,19.777446680773664,0.09355993010210033
6140,UNC2008271,4.137952599381151,0.5149616919324892,19.679586183508945,0.1122596456452119
6141,UNCHS002875,3.6546447134639948,0.45012055083158214,18.712138388350695,0.11833371502647384
6142,UNCHS002876,3.628573317192604,0.6822037076816475,18.63976364507448,0.18265157446850355
6143,UNC2008828,3.4721691342001577,0.44471917265301214,18.38140098188228,0.18842809993818033
6144,UNC2009084,3.4015462163358734,0.49228174234434496,18.385293488408706,0.1541002427120876
6145,UNCHS002877,3.218714110858855,0.531612110816302,18.468865728724722,0.09833134365625025
6146,UNCHS002878,3.2066101618161156,0.40984567496425406,18.482472859197742,0.19091251151937336
6147,UNC2009875,3.2225283364618917,0.5884637623303498,18.46528392551818,0.15981490706870785
6148,UNCHS002879,3.303303596530668,0.6744977038565004,18.554262429410983,0.19392720413830175
6149,UNC2010743,3.513961555993319,0.5925312872733433,18.84980661862528,0.1423086039084792
6150,UNCHS002884,3.5177606331301376,0.45548067038807555,18.914449241107377,0.1027893558205392
6151,JAX00272600,3.5180480277942934,0.7720363490064406,18.92156919409649,0.13465096560897466
6152,UNCHS002885,3.5194951326545834,0.5766499656936351,18.963024902652478,0.15826037265463164
6153,UNCHS002886,3.519942647186781,0.6028541082010459,18.982469889397635,0.1052822665386169
6154,JAX00272605,3.4837376062071144,0.6042297752213708,19.108167373222614,0.17258483871956817
6155,UNC2011321,3.4828477086207386,0.6262109861141444,19.110436321800762,0.19489156559486726
6156,UNC2011729,3.461392187540241,0.5806759104614314,19.14283895321114,0.08661742576313299
6157,UNCHS002887,3.435035576943392,0.34861163881451246,19.130767845206265,0.1407288303808716
6158,UNCHS002888,3.428913302105684,0.406579812618894,19.12598773373179,0.059388181471497124
6159,JAX00272621,3.295094583965465,0.3889805328443385,19.21307316249363,0.10342532179694221
6160,UNC2012484,2.9830075303329977,0.5326556761266561,19.383796562924545,0.25278820572438965
6161,UNC2013051,3.679248743109838,0.38846089515882026,19.52083589549966,0.07196478961897201
6162,JAX00272637,3.6810224443522657,0.38499122729225843,19.443976209388666,0.09457968508508882
6163,UNCHS002889,3.737153191356356,0.5513004638287228,19.35513954017756,0.07435505773233299
6164,UNCHS002891,3.748657155657156,0.34445750374088613,19.362006062985756,0.08717332651286284
6165,UNCHS002892,3.752330440955575,0.4972449256974548,19.363026746525293,0.14164020053374163
6166,UNC2013805,3.7704249283074205,0.4599655424119656,19.363695736995624,0.0747642542047445
6167,UNCHS002893,3.7944872572795703,0.3611334770460372,19.353760544294573,0.06941229516187782
6168,UNCHS002894,3.7960883900364024,0.5401850133498398,19.35248177265362,0.10468164276448365
6169,UNC2014242,3.8580343851338057,0.46088390570204185,19.318646378940684,0.10411872423536304
6170,JAX00272656,3.8805397014880327,0.5018975429414255,19.31495011202105,0.08578667175584138
6171,UNC2014798,4.056727465024778,0.27510294325421486,19.466472680685456,0.19526634872783324
6172,UNCHS002896,3.978755821472305,0.49770536240766805,19.280223303753928,0.07287826662765401
6173,UNCHS002898,4.002173666302269,0.556015426563307,19.129030656775285,0.14730643008255465
6174,UNC2015725,4.015131952665342,0.6026963530864131,19.095005290599147,0.13559393563158423
6175,UNCHS002899,4.016706618945136,0.2765249617086836,19.093876965560412,0.06480507570594238
6176,UNCHS002900,4.0171308144890645,0.7253651405909305,19.0942763632288,0.16885529825956336
6177,UNC2016318,4.017594600261418,0.522984058569464,19.094478271037815,0.10114532552389965
6178,UNC2018109,4.024995100910473,0.4296105966208274,19.076823315786896,0.1083978099035349
6179,UNC2018619,4.026729352731309,0.5041879506569923,19.071448795080414,0.07896199307482882
6180,UNCHS002901,4.027245642264461,0.35426508699092424,19.07041850217456,0.10771965153111152
6181,UNCHS002902,4.027312158200402,0.24630456586444316,19.070239949819097,0.14963442679200445
6182,UNC2019191,4.032517776612849,0.43593280533817,19.06811661636334,0.133909758444213
6183,UNC2019431,4.03541915017945,0.38429028301657603,19.06492231278844,0.10185089594726485
6184,UNCHS002903,4.036404088343716,0.40039763116884264,19.060780665273796,0.1211792953541696
6185,JAX00011498,4.0381326607853225,0.3325746590156085,19.062526377446602,0.07830046764447826
6186,UNCHS002905,4.038177722509317,0.33228788200284454,19.062501366455308,0.11786272064294258
6187,UNCHS002906,4.038351098527528,0.4020086730458735,19.06240948758159,0.17433402057995542
6188,UNCHS002908,4.038672483223763,0.38102826058192873,19.061695987654502,0.21974002955519042
6189,UNCHS002909,4.039266859942927,0.39163156842981606,19.060658672343834,0.0887950870225333
6190,UNCHS002910,4.039274926503367,0.4458207693264088,19.060383005336234,0.12434561061612379
6191,UNCHS002912,4.038351323251845,0.26405917887455727,19.06415262399969,0.07490572903436091
6192,JAX00272726,4.038381564949532,0.36686114072463344,19.059416915808242,0.12639361947663372
6193,UNCHS002913,4.038380668570426,0.2631303656093272,19.05750692454808,0.12411509435190565
6194,UNCHS002914,4.038363199265859,0.3930835246368422,19.055914931419693,0.1307516772636938
6195,UNC2020328,4.038324372065063,0.3736663074396481,19.05197559899034,0.17090609474372873
6196,UNC2020818,4.030056946967761,0.3373687626670143,19.03919968974401,0.10565732638756185
6197,UNC2021171,4.02378416603915,0.5018888435784088,19.058187128328655,0.11347555012222063
6198,JAX00011514,4.014526281801409,0.37334649401334447,19.082305730652706,0.12154647464396741
6199,UNCHS002916,4.030671911199306,0.36538237312894106,19.143779522178193,0.11147100922498086
6200,UNC2021880,4.026985241712282,0.346818254818493,19.17531040384688,0.15685862927084562
6201,UNCHS002917,4.045256175990971,0.33801467442934696,19.412296585035392,0.18819684838943868
6202,UNCHS002918,4.043162980527995,0.342843416728257,19.415202992413242,0.11662559742408399
6203,UNC2022438,4.038011283727883,0.3878010764820252,19.423519576809895,0.0842065452794556
6204,JAX00272769,4.016622885528932,0.5373620076857597,19.46955980794246,0.06433313560069256
6205,UNC2022940,4.012800082324247,0.32620934528000234,19.479515210573027,0.08461180805046552
6206,UNC2024255,4.0203354287918955,0.42077666132654734,19.463999567785777,0.1645738025361086
6207,UNC2024860,4.033565687660484,0.46645358150438676,19.444236444276157,0.06968375030689603
6208,JAX00272811,4.034397248726236,0.44410557685037766,19.443430944107604,0.098683211917874
6209,UNC2025451,4.036243360913886,0.3574410801088023,19.450038565425984,0.1796247358158511
6210,UNC2025800,4.112422782878866,0.269102897952913,19.887593048599456,0.09610112328136855
6211,UNC2026501,4.285235052802591,0.2833113931744221,20.919064150278473,0.0808871629584403
6212,UNC2027205,4.267417470230157,0.3362195428235532,20.96070461440104,0.08025187193223789
6213,UNC2028173,4.219636755518422,0.16606734173308932,21.02880759923346,0.04561723105640441
6214,UNC2028588,4.2206471464144215,0.3065524491554194,21.02492538931574,0.05000524410937119
6215,UNCHS002919,4.220155387081832,0.23489236722658427,21.018525249601453,0.060764473653551546
6216,UNC2029189,4.220123360791604,0.279544480022072,21.018058783606875,0.055043243684238304
6217,UNCHS002920,4.221938212811892,0.6042304693965634,21.012295532692406,0.04641666832218219
6218,UNC2029835,4.244884191293522,0.33315224776472224,20.928547045422192,0.06701459815899614
6219,UNC2030429,4.272483109662062,0.3169515498923645,20.805350904983698,0.06610939932823284
6220,UNCHS002922,4.253405801553072,0.36693078358330744,20.816585725006917,0.045938115235801665
6221,JAX00011568,4.0826930286025345,0.39449761008630874,20.8879632808098,0.06997040711858372
6222,UNC2030766,4.0852620865284734,0.34031921931583603,20.871764179689535,0.0732500607774418
6223,UNCHS002923,2.9088983534197723,0.8365154527833425,20.6049911278908,0.084160602512076
6224,UNC2031646,3.0768187935714195,0.3988818290280881,20.294692937598484,0.0417365510797763
6225,UNCHS002925,2.7665288791245075,0.37774795475180956,20.487552096703666,0.04145600995695372
6226,UNCHS002926,2.6479446633202315,0.6951269741742926,20.6434427094714,0.14096093629197692
6227,UNC2032160,2.8641346491435797,0.6785230957569705,20.96090426875071,0.05248534377352539
6228,JAX00272982,2.8587496238765198,0.7864625946735186,21.007127929119633,0.05740220420214684
6229,JAX00272988,2.8579430011955083,0.6780900097985809,21.045201570430663,0.03438624647669391
6230,UNC2032620,2.8576294513700304,0.461265024133474,21.04446754150331,0.04847217732563272
6231,JAX00272997,2.85359808460953,0.755799149392728,21.02734060817147,0.04338529761590721
6232,UNC2033008,2.85269064133945,0.5873176612644014,21.022030399607274,0.05130125738139156
6233,UNC2033201,2.8486319777523477,0.6451592475382393,21.005204388932952,0.07034514457109242
6234,UNC2033372,2.8467249061482107,0.6534611794400503,20.993474798169245,0.08531739385076155
6235,JAX00273015,2.8459559805128265,0.7234426368638571,20.989558041691907,0.03614704072469667
6236,UNCHS002927,2.845690473620607,0.7012010733502333,20.98646380795367,0.05368241948471279
6237,UNC2033631,2.8471485425982337,0.5245312429393779,20.89620551057601,0.06402902271643955
6238,UNCHS002928,2.8472211184844127,0.4253759910262392,20.8663247834686,0.032267834585272215
6239,JAX00273028,2.840814582086068,0.611071369337163,20.83144721561507,0.03550161789759508
6240,UNC2034010,2.8353783281991127,0.678621146620722,20.80293779081603,0.05386349486566656
6241,UNC2034184,2.825364036174051,0.6811096308359813,20.74990913953843,0.05809431527792274
6242,UNC2034268,2.8599022047551443,0.6099071139691825,20.563420170188692,0.06426990542196634
6243,UNC2034681,2.972979656451116,0.6471328759931392,19.870006953280836,0.16305569083990126
6244,UNCHS002929,3.0274256551140297,0.4488441854091539,19.56916035790414,0.10810538927180759
6245,UNCHS002930,3.0282198081595197,0.6011683723168034,19.549815573085198,0.18114172264821066
6246,UNC2034971,3.0268956805957714,0.4630455750454637,19.747253585404906,0.4455985775317809
6247,UNC2035448,3.0378797947005296,0.6713573916248261,19.592207742114397,0.07149581108307253
6248,UNC2035807,3.055588058000467,0.5221121076011267,19.42992576316169,0.07789641493170346
6249,UNC2036078,3.0432721992406186,0.7559935223454236,19.37740672990958,0.30486327307929967
6250,UNC2036448,3.0325685108014113,0.3514208454705782,19.333838764999427,0.13960003418896832
6251,UNC2036719,3.0363287545756066,0.7768791817068721,19.1333378033587,0.12061790561189374
6252,UNC2036998,3.023880025149765,0.525356257860275,19.082860167511626,0.070207127095268
6253,JAX00273127,3.0261086613481893,0.6743246980018628,19.087387056772513,0.14602324806629025
6254,UNC2037443,3.039722306717067,0.558896720816946,19.161133347018676,0.1415136320576351
6255,UNC2037617,3.051007300109859,0.4095486153755368,19.248085789274,0.08350654038524923
6256,JAX00273137,3.0522811351424934,0.5198225332689688,19.260569116845545,0.23125918958621172
6257,UNC2037993,3.064632004239229,0.4457205493489952,19.39575362730875,0.10566245205763625
6258,UNC2038373,3.0777745922709983,0.6460928365843611,19.561905134258495,0.11548195678917686
6259,UNC2038662,3.065608648574198,0.5105633562321279,19.54568846820439,0.08845255964907005
6260,UNC2038904,3.054138763241326,0.4229291563023344,19.529094213434746,0.06146390904230559
6261,JAX00273148,3.0344337268222716,0.6357110501855632,19.46595818498531,0.1687665121819709
6262,UNC2039336,3.027832834892479,0.48996842020145437,19.478432706850526,0.13225378986755018
6263,JAX00273151,3.022306467822318,0.4534243334192473,19.484503717598955,0.09911239142179296
6264,UNC2039628,3.0091837688496526,0.5905625825976273,19.4608759691489,0.104799005672526
6265,UNC2039726,3.0026955072639794,0.46484349151315213,19.44007222956452,0.17246725977958272
6266,UNC2039917,2.9900121707087237,0.6275151930537004,19.392023800823836,0.1684818236808846
6267,UNC2040100,2.974828619540858,0.42901887577417464,19.3520582907081,0.07158555463138329
6268,UNC2040383,2.9555291823483003,0.6331185578819384,19.301470267153718,0.10139817565296139
6269,UNC2040568,3.045137439873315,0.8303806717240135,19.197284567895395,0.11147995973533564
6270,JAX00273181,3.0273584043070514,0.5746052777174671,19.143240458556647,0.11211308549384184
6271,UNC2040913,3.045182952025698,0.7212755864319197,19.077456249850457,0.1653744475298342
6272,UNC2041110,3.063939006108285,0.7093471192783231,19.06549800601806,0.12606046755972333
6273,UNCHS002931,3.0901236334568694,0.61010209645659,18.970495303756252,0.1253063968262796
6274,UNCHS002932,3.0964891740120493,0.3694673335502286,18.870038606098205,0.20569230710467862
6275,UNC2041453,3.1070730054373144,0.6659412424059208,18.85800906882173,0.17236065157573846
6276,UNC2041731,3.1129832341080146,0.549587421950384,18.809381460202076,0.09287566950090809
6277,UNCHS002933,3.1162992878453224,0.5931392550148552,18.787610802456584,0.1462085371141148
6278,UNCHS002934,3.117006279301904,0.6106017581334882,18.783364854097044,0.1333495512896036
6279,UNC2041908,3.117496339516265,0.5993098323199233,18.780535431292037,0.11992267190478126
6280,UNCHS002936,3.1165004235674587,0.7216007771868089,18.843016277344987,0.10646317022811222
6281,UNC2042171,2.921776583996916,0.5779682922580767,18.39848062037936,0.18327757840256628
6282,UNCHS002937,2.9155227275969082,0.7225729203538787,18.374739221953632,0.19319735155393192
6283,UNC2042650,2.8740726082528454,0.447910583918198,18.036891260302127,0.1668485267905496
6284,UNC2042839,2.8267817540422584,0.660704369273355,17.803953090022787,0.15842458075504556
6285,JAX00011651,2.785431691163467,0.5546205355060566,17.58526529245455,0.1572477489626595
6286,UNCHS002939,2.767906095884655,0.7277804035561786,17.48093436003569,0.1624299897104154
6287,UNCHS002940,2.762745280385843,0.8251958123773443,17.44604316101504,0.38602429950359446
6288,UNC2043201,2.7431781211876114,0.4791176872211601,17.421231350710286,0.25594512895447624
6289,UNCHS002941,2.697221107122914,0.623327310391126,17.348961940982008,0.2867491894586842
6290,UNC2043332,2.688757332914065,0.6486576121468104,17.251191220049577,0.3207082594974393
6291,UNC2043561,2.6872741644037887,0.6754120788572686,16.986241969578487,0.38276782252258906
6292,JAX00273241,2.6327570458868195,0.6965018196219196,17.000916949238444,0.1549533868510972
6293,JAX00273249,2.2643515817044317,0.9160652976174598,17.133830359987087,0.23134046019798932
6294,JAX00273250,2.268249063852636,0.9145022738438269,17.129031125477695,0.23679488325448267
6295,UNC2044879,2.2431597048666845,0.7994220737334401,16.273495470554508,0.5102117905455498
6296,UNC2045218,2.2544729264232046,0.8601932302379238,16.32254048229629,0.3159860488632092
6297,UNC2045596,2.300049637408165,0.5963199112049422,16.152298783194738,0.20889556127171824
6298,JAX00011665,2.311496411709868,0.6860995266777604,15.893597697040832,0.39653527728158067
6299,UNC2046092,2.308795660956548,0.5938458680134967,15.814937339754579,0.2745132517660179
6300,UNC2046424,2.3063151075621136,0.7344325533525327,15.607877944362826,0.2875599784177006
6301,UNC2046779,2.3041521492962147,0.5793254500226686,15.365858555845762,0.4385127185127789
6302,UNCHS002945,2.337513044313255,0.5772521446230756,15.183863598966582,0.3598550968023568
6303,UNC2047166,2.3411075334201996,0.8597940418612856,15.16392228893028,0.3565593508922031
6304,UNCHS002946,2.3414492991496445,0.6956202383742516,15.16202437144716,0.4025270081334097
6305,UNC2047551,2.371003726750587,0.6831846112852303,14.99574239300182,0.360164069972985
6306,JAX00273305,2.4083820591506537,0.7403658121415464,14.912371813552227,0.5012201045365471
6307,UNC2048471,2.4493235543900482,0.8420969278198829,14.816560237543854,0.42515713712705105
6308,UNC2048716,2.46931384523009,0.6804655704695302,14.703764095728957,0.355267882310679
6309,UNCHS002947,2.4789172518044325,0.5536406002755089,14.924599885771386,0.5133902191717977
6310,UNCHS002948,2.4814859785906265,0.48934704272512364,14.967234866561512,0.27305598665393976
6311,backupUNC010326580,2.482667647691187,0.7386685162354075,14.944693848151246,0.533187889348668
6312,UNC2049133,2.4829098179282028,0.7546226039984336,14.915008276892195,0.32128060122935903
6313,JAX00273330,2.482813965330024,0.7753908056381904,14.89135141898987,0.7022662325467318
6314,UNCHS002949,2.482916725726227,0.8059531520074886,14.8599812761463,0.5195928520739943
6315,UNCHS002950,2.4829682099189085,0.6887561084058905,14.852113185351982,0.33882427720100006
6316,JAX00273338,2.472961614195583,0.6140690977431246,14.836304643317362,0.5979792411967004
6317,UNC2049877,2.4736080458267224,0.5813453409992055,14.746814464732552,0.7343500125407717
6318,UNC2050291,2.483781300804594,0.8695235449783123,14.65705932487299,0.36949164933008194
6319,UNC2050462,2.4881691470029637,0.7801518044423837,14.610207761150605,0.32140170326288986
6320,UNC2050611,2.4893725485630966,0.7847377722329418,14.567699024373042,0.47546539047723824
6321,UNC2050783,2.491486587530744,0.4903068810151226,14.497616376247151,0.41497959129634787
6322,UNC2051115,2.567836049332982,0.6940000557645962,14.466586161423038,0.49704305188662967
6323,UNC2051440,2.629274843014855,0.5007859101202531,14.42828873700455,0.39630023361148653
6324,UNC2051541,2.5826456233842237,0.5708718360626751,14.45375149023971,0.4201005070782115
6325,UNCHS002951,2.46509615295372,0.8348780530207321,14.263504479867152,0.4083688763280846
6326,UNCHS002952,2.4592899289359593,0.6677996008462515,14.168853406808012,0.5918550009300223
6327,UNC2052165,2.4046913171041524,0.6355332635965195,14.194749171048898,0.37590569272795726
6328,UNCHS002953,2.3879473342731217,0.5428948296585566,14.196220993626639,0.37781103087037693
6329,UNCHS002954,2.3327311209845902,0.762719232777916,14.239750181005775,0.44530706553053784
6330,UNCHS002956,2.3587755958362777,0.6552120313142474,12.927458853849203,0.5254454319490689
6331,UNC2052576,2.6082290217173068,0.5616392372229414,12.768677867976749,0.7861137252310867
6332,UNCHS002957,3.441269377053459,0.5193182685131555,13.076407101824543,0.5853548520372653
6333,UNCHS002959,3.4509038928395057,0.5047471884405127,13.086047055669496,0.5172977182034574
6334,JAX00273405,3.451605943311506,0.44512301630723006,13.104721384605227,0.4459201323415883
6335,UNC2052993,3.4699095655153087,0.524287448558248,13.129704580774387,0.6350356594634453
6336,UNCHS002960,3.5384958255731362,0.5684364314963528,13.148390822655529,0.6234946534595117
6337,UNCHS002961,3.3366760735814296,0.5334541177925265,13.402620836513734,0.5910357098548048
6338,UNCHS002962,3.3363864298391945,0.5923545889298033,13.494941036071623,0.55351976121501
6339,UNC2053214,3.3363024961636256,0.5939811756831824,13.524632273007228,0.5487295789038861
6340,UNCHS002963,3.3553384217377697,0.5399451150909175,14.625663799281256,0.4176748765810901
6341,UNCHS002964,3.3611051880814102,0.5609830470900781,14.67222253827822,0.4123477682169916
6342,UNC2053747,3.3742965207818543,0.45556767114421987,14.767831361315757,0.4813342785824271
6343,UNC2054057,3.4364592111396632,0.38756119986401005,15.23475153125878,0.4620663818307911
6344,UNCHS002965,3.4364742688110255,0.4274327388153082,15.276432890999104,0.6052092890975008
6345,UNCHS002966,3.432962427056964,0.7276381658382097,15.324676924718233,0.5835944512628467
6346,UNCHS002967,3.430072712162655,0.2901488690017862,15.365828805915953,0.39978686051854034
6347,UNCHS002968,3.6030844453516693,0.3687936363775859,15.8922157730658,0.26474639603542177
6348,UNCHS002969,3.7544791541768063,0.413811754740839,15.765862603976075,0.3391169657674461
6349,UNCHS002970,2.6496498042938583,0.6954075839897841,17.1686626305991,0.21156124507054433
6350,UNC2054397,2.641957151941142,0.7627834993283213,17.024017381128715,0.1806863145752697
6351,UNC2054624,2.6611505415221473,0.7757354491212967,16.91722486112758,0.2191759010191108
6352,JAX00011719,2.661927499311787,0.7409604760615587,16.915390166042243,0.18020434190050205
6353,UNCHS002972,2.6637481852835663,0.9893201364551008,16.91143104949424,0.22333074975161996
6354,UNCHS002974,2.701370454629341,0.653165623007785,16.863163044058183,0.30896030026551646
6355,UNCHS002975,2.7037392189854472,0.5766396954454045,16.861644233898915,0.333348197506395
6356,UNCHS002976,2.705112029963402,0.8413984828344511,16.860699442742998,0.27462913324032817
6357,UNCHS002979,2.7127590105919808,0.7922174000286403,16.85513900749538,0.2556224676544781
6358,UNCHS002980,2.715073354059996,0.8033154483311253,16.853351169953612,0.3576632896835508
6359,UNC2055064,2.7177313663964924,0.5359450274203058,16.851337864213747,0.374466871069898
6360,UNCHS002981,2.7249373027068486,0.6708483292759683,16.84623690723106,0.2378563392500772
6361,UNCHS002982,2.727404903737579,0.45401941820702985,16.844361621194366,0.315342712413426
6362,JAX00011726,2.7382839416759452,0.5984016893078782,16.8344140211384,0.2778152598819465
6363,UNC2055403,2.7419174967258186,0.7036054530465106,16.830843439493492,0.19243586323557732
6364,UNCHS002983,2.760482161316986,0.7553247353516156,16.81126296826369,0.31132285216488664
6365,JAX00011730,2.7658463475802364,0.8173305851570869,16.80498165701374,0.14593952409511968
6366,UNC2055882,2.7750411804404393,0.6464139624273285,16.7934101629412,0.17231320596631627
6367,UNCHS002985,2.8102050817585678,0.5264472637933535,16.741524782158876,0.22357222253758732
6368,UNCHS002986,2.8132928178365546,0.6429294943955901,16.73747524936971,0.28369731893865496
6369,UNCHS002987,2.814439783902344,0.432690207613668,16.73576266323016,0.2304134535637036
6370,UNCHS002988,2.8170122518181415,0.5067966376773927,16.7313430211002,0.3285460578520031
6371,JAX00011737,2.830983965958012,0.679868475591566,16.707200975238038,0.4123772815637775
6372,UNCHS002990,2.8601962499337787,0.596967590876715,16.650403321554677,0.23879757880782412
6373,UNCHS002991,2.8611338308846825,0.8082929074724927,16.647858023469553,0.253848005238666
6374,UNCHS002993,2.8625353198663106,0.8887815874644507,16.642491360387112,0.4084084751312184
6375,UNCHS002992,2.862814373513629,0.9749014924699033,16.64184501705654,0.26482201351709944
6376,UNCHS002994,2.8641783819164175,0.49252956395372793,16.638773546533912,0.29884377541751833
6377,UNCHS002995,2.865133562277151,0.7220612642502454,16.636623678882415,0.20184124512009627
6378,UNC2056933,2.870598957798393,0.6440609605453245,16.624037302000033,0.23832486028108957
6379,JAX00273497,2.871776786909777,0.4632239219016586,16.621857355931525,0.18178702945405217
6380,UNC2057127,2.873277231448128,0.9056824946524643,16.61892195134078,0.3864972635377806
6381,UNCHS002998,2.8759390401155542,0.5685314461395385,16.612012162571773,0.27472025427217156
6382,JAX00011750,2.8775816596130426,0.4572277355974408,16.607729497866558,0.36645325044588256
6383,UNCHS002999,2.8257589973043196,0.5558079661194136,16.60482879964252,0.24738173663643376
6384,UNCHS003000,2.778760889461637,0.47738028385429154,16.577611316413595,0.14228852618726356
6385,UNCHS003001,2.7822699274415754,0.662435149303211,16.559179206204817,0.2456380493949865
6386,UNCHS003002,2.8037662332717446,0.769686495563958,16.510809639328954,0.2831372091099219
6387,UNCHS003003,2.7977302962369777,0.7407654557576497,16.513353977622273,0.30257209228923976
6388,UNCHS003004,2.6751605329961876,0.6648361753188116,16.478963536970923,0.3490598211684311
6389,UNC2058048,2.677854769972555,0.6149733873921753,16.466242989425382,0.4658852208035653
6390,UNC2058346,2.6931303139681404,0.5790791168797774,16.462534784654963,0.318397385345253
6391,UNC2058631,2.7169793334819587,0.6014985276451793,16.365936418408637,0.2722949341075508
6392,UNCHS003005,2.7397808804630586,0.9328423431568388,16.40614922019995,0.29689450610999696
6393,JAX00273530,2.8091439269524017,0.5172904110091229,16.57880934345212,0.2070390932715153
6394,UNC2059714,2.872945531266396,0.5402591141373265,16.76044953062842,0.31469211368966105
6395,UNCHS003007,2.9353115943424655,0.4117402190700908,16.950813200016682,0.1881345114349362
6396,UNCHS003008,2.942190786465062,0.5162583756571655,16.97590385394801,0.22882287949683225
6397,UNC2059926,2.9461959580457915,0.5061113672028332,16.99072920736171,0.3884148488114128
6398,UNCHS003009,2.980676848088933,0.5682799228252972,17.12602093687383,0.2199822904257856
6399,UNCHS003010,2.99394243358779,0.6371399418069863,17.17303968926194,0.2859080692601735
6400,UNCHS003011,3.0188808441980655,0.7465814426221957,17.26066500846423,0.23938708319961682
6401,UNCHS003012,3.022687157350447,0.5310573808608502,17.27055311296499,0.14523833212420953
6402,UNC2060389,3.026743116694661,0.5487417574087635,17.292914931102587,0.17656188372200035
6403,JAX00273552,3.0346018871086926,0.8902189671039875,17.298183757320203,0.31460470934646506
6404,UNCHS003013,3.2370827341289896,0.3853192460471671,17.7740626353509,0.14035206958337842
6405,UNCHS003014,3.224577342220755,0.4488587223777925,17.77265747461979,0.18462809741752925
6406,UNCHS003015,3.230114241155661,0.6115130996665226,17.617889787981767,0.16031666298458075
6407,UNCHS003016,3.2307211919869587,0.4062723472337478,17.54810997185382,0.16941449752570253
6408,UNC2061568,3.2325794164069066,0.574229768462919,17.535896070094168,0.23857368296947135
6409,c1.loc161,3.2374856607482343,0.572766537024514,17.497157363091674,0.22743077388625427
6410,UNC2062013,3.2444181279024633,0.6156028543018531,17.439764067984015,0.2564789958609083
6411,JAX00273609,3.250631644422583,0.6519360009038029,17.385299313795485,0.29233510623592873
6412,UNC2062943,3.2648974564665423,0.7430584302781926,17.321971835707473,0.21895126973076476
6413,UNCHS003017,5.008157056131722,0.21733109745574758,18.882173336425012,0.14046538246261783
6414,UNCHS003018,5.324003791013865,0.13815427539184488,19.514767727160688,0.12803902506210016
6415,UNC2064059,5.325326532425379,0.2756858599715087,19.496513025678496,0.18663701741954528
6416,UNCHS003020,5.3271574339505605,0.17079079808687306,19.459012816307222,0.12857139303766088
6417,UNC2064598,5.340310134167112,0.1589875343965233,19.38719180440171,0.20780172297640592
6418,UNC2065081,5.081823493030242,0.20823912219156546,19.020274430130257,0.13315314776930143
6419,UNCHS003021,4.921702734999599,0.1616739497920433,18.702466563016742,0.098549565321017
6420,UNCHS003022,4.576000741455118,0.2853204973300085,18.271568609386122,0.22589888994142981
6421,JAX00011812,4.527242997846997,0.37917645548122964,18.128406815284734,0.240992749018501
6422,JAX00273672,4.379842999411267,0.18714371777700997,17.819910338251248,0.17910870600232107
6423,JAX00011820,4.3670346660949235,0.3099030758413469,17.773875816283635,0.14328100956705545
6424,UNCHS003023,4.37276479341358,0.35332091132729865,17.718875831040805,0.2755845024900517
6425,UNCHS003024,4.373589431088931,0.3021380089243359,17.71147581343348,0.22413685385465837
6426,UNC2066181,4.361320576542539,0.2542146640670505,17.711306895784674,0.20076967475020238
6427,UNCHS003025,4.189841672958892,0.466792737708094,17.47168647815215,0.20920385253153015
6428,UNCHS003026,4.1448526897113425,0.2594512752338522,17.487936663958635,0.3762676625058024
6429,UNCHS003027,4.098974551193805,0.4412502472899596,17.513562002314757,0.18871176690122612
6430,UNC2067166,3.9639335354361265,0.35967828772968685,17.15859734109722,0.38282971685831774
6431,UNCHS003028,3.9420686239006955,0.4147279120874112,17.090336102917036,0.29946465331986954
6432,UNCHS003029,4.051304654224623,0.43068894045426576,17.491915632649807,0.36893952165437094
6433,UNCHS003030,4.052636890634403,0.369360939456195,17.492013390169404,0.1818767260235208
6434,UNC2067665,4.055917029277907,0.44646270042368336,17.493231343927846,0.22871276372856406
6435,JAX00273722,4.065579260770846,0.4236238680333036,17.497251614020342,0.13073531558477486
6436,UNC2068275,4.078986932518546,0.3169290002789906,17.505215501679686,0.15856523405536613
6437,UNC2068678,4.101258627934158,0.29748832008310794,17.51644666896027,0.13638949805909206
6438,UNCHS003031,4.113886429999184,0.4263405501825243,17.514919185447752,0.20556431212136828
6439,UNC2069242,4.12093237076715,0.35512637874077146,17.513559455381483,0.2218555112492563
6440,UNC2069655,4.134700471836595,0.46759116552426555,17.51086462626222,0.2833838848957659
6441,JAX00273772,4.1367980615352735,0.5899258925619725,17.322613060577396,0.13329060671604076
6442,UNC2070420,4.136538844600182,0.29581479589663334,17.11174743251081,0.2533037061409959
6443,UNCHS003033,4.141891454372626,0.23164340219683785,17.086656907162023,0.17170883707384837
6444,UNC2070932,4.137745504941222,0.29404089823666196,17.095711780799775,0.13820476944191057
6445,UNCHS003034,4.1309811351418375,0.4459699708670246,17.110636610102574,0.2662580022637722
6446,UNC2071444,3.869754319938238,0.36023207429953563,17.808566038990648,0.24146833348641739
6447,JAX00273811,3.819509428171841,0.3078611210570772,17.977152042610896,0.2041079615969342
6448,JAX00273821,3.7679789596018054,0.629099430102263,18.240169139639875,0.09681016868273509
6449,UNCHS003035,3.7209557672445044,0.5462438960035639,18.457803249653352,0.24120963808560666
6450,UNC2072077,3.727534182530462,0.22371485813855738,18.512977989825686,0.09724405137070073
6451,UNCHS003036,3.7317158499902234,0.44239649655422736,18.562006454281573,0.21535049619995966
6452,UNC2072837,3.9482903910159166,0.4302991019075163,19.13216905736681,0.25752773901944437
6453,UNC2073231,3.976730680211176,0.4498545287277363,19.126688201212573,0.10443854061208392
6454,JAX00273849,4.149203897064808,0.5689412619338992,18.860623588141152,0.1491408283072845
6455,UNCHS003037,4.287009658083889,0.25496938325030744,18.61211313921922,0.12588453472384784
6456,UNCHS003038,4.308797547412723,0.31526247203076163,18.58794274263755,0.15144947668353542
6457,UNC2073776,4.316439918316291,0.33905861560046685,18.58793983595183,0.10448450365344202
6458,UNCHS003039,4.319523206542499,0.37999325317215354,18.587181791122703,0.1293654877832762
6459,UNCHS003040,4.348415498921668,0.38999293486911185,18.258217749965297,0.23893204165179877
6460,UNC2074461,4.3525042232022315,0.30480996774807667,18.249207786250054,0.3330878993104335
6461,UNCHS003042,4.3401101352365,0.29710882655498927,18.23464366215535,0.1555500857044679
6462,UNCHS003043,4.337458678038274,0.3766610002981098,18.230577321216742,0.23243266758132722
6463,UNC2075109,4.412829363902347,0.47659460245753515,18.264598830661953,0.1492889624754101
6464,UNCHS003044,4.4125443090301815,0.4103403000653266,18.264004380952883,0.1391298246796899
6465,UNC2075481,4.39728246405366,0.4230240768937389,18.23009521644076,0.1304140495397516
6466,UNC2076211,4.353877255356792,0.2256676567257777,18.118999710725802,0.12531585767270342
6467,UNC2076506,4.342680860460405,0.38908469209377833,18.092411016053575,0.2502793570242443
6468,JAX00273892,4.339456385525864,0.25775176707576347,18.09800945533516,0.1295491351198215
6469,UNCHS003045,4.3463268715991035,0.29583936011201867,18.88615327895559,0.11198174127794772
6470,UNCHS003046,4.220791625114089,0.3886626790621787,18.53784060882299,0.13431391783489083
6471,UNC2077359,4.295548095956747,0.3797722141991663,18.449291682305102,0.19569196427037255
6472,UNCHS003047,4.3354310389931925,0.4638858999711421,18.422884746349382,0.12537951795231958
6473,UNCHS003048,4.345530570427172,0.378437019820272,18.41656997994687,0.2121087783316773
6474,JAX00273912,4.396788174143012,0.463768692246838,18.320234161101325,0.340240944654925
6475,UNCHS003049,4.428589756494603,0.33985400999551185,18.264259479385146,0.18124582210671836
6476,UNCHS003050,4.476861975932479,0.32146583956473584,18.252097934448102,0.1746836163694527
6477,UNC2077695,4.489510173089457,0.26661604424365093,18.23427947793607,0.1295207657024379
6478,UNCHS003051,4.487209925387106,0.32265809565402626,18.2291900428354,0.2240989407688933
6479,UNCHS003052,4.4806999174061275,0.23397265084032223,18.214881937445398,0.19338684775817533
6480,UNC2078614,4.387133308933244,0.31159392063172,17.94399084843667,0.13284354816017718
6481,UNCHS003053,4.24868246003598,0.2982711441378146,17.64246791785945,0.1703820457582418
6482,UNCHS003054,4.001084498181626,0.2664903682511582,17.310445506002452,0.24916876572902283
6483,JAX00273944,3.9076285669850677,0.42806035215752797,17.029721365014893,0.21653083540608017
6484,UNC2080032,3.493039282139762,0.6352263469805747,16.091749905337565,0.33379844720448826
6485,UNC2080420,3.3738963189341575,0.6381368371123401,15.787960150349363,0.3903316914157891
6486,UNC2081114,3.326435433851202,0.5682134479158414,15.774168039136839,0.3661242725047871
6487,JAX00273979,3.3555003917417707,0.7274572549638212,15.883435077698323,0.31384873886574666
6488,UNCHS003055,3.3525988898784362,0.41934639511248895,15.908055671193324,0.4188341706438292
6489,UNCHS003056,3.3414244888992926,0.3026773992531442,15.935870444997363,0.45211988157331157
6490,UNCHS003057,3.3137861241034443,0.4599661502659513,16.240020359408845,0.28465821223524185
6491,UNCHS003058,3.314318947625452,0.3856047634475067,16.257495552939645,0.3407824503873337
6492,B6_rs6341208,3.333528772672935,0.542438667607557,16.163903754378907,0.33690736283594513
6493,JAX00274026,3.5252186535790315,0.46517894926635517,16.081034267433324,0.2379353433687156
6494,UNC2084182,3.3444825120002406,0.6314795784339713,16.062924555126074,0.2866671591735556
6495,JAX00274050,3.155356933092662,0.8667264705525058,16.035911131535386,0.23616048422989228
6496,UNC2084970,3.095342705025814,0.5432026470264144,16.013660697522027,0.3565491057121859
6497,UNCHS003060,3.0913508296096097,0.554697942919764,15.99667276848163,0.5601190269194808
6498,JAX00274052,3.167672696362388,0.4931214238136595,15.991991881865488,0.2594969701117897
6499,UNC2085343,3.1609949411085836,0.44287680687141,15.957710345361875,0.20444082239574993
6500,UNC2085485,3.158582016189939,0.754572718355176,15.909093686282404,0.5025465947933538
6501,UNC2085539,3.1570794295237192,0.8015181209173032,15.902965950750286,0.329069951659729
6502,UNC2085639,3.154276184231094,0.4980471296594813,15.889504437413507,0.25716141332334275
6503,UNC2085874,3.148426759033555,0.4308551418260886,15.868022340366679,0.32248757557259305
6504,UNC2085979,3.14454932101944,0.6345260390122598,15.857219077208583,0.32700817127511667
6505,UNC2086024,3.14245320133341,0.7027716754163983,15.852250858002435,0.31198821387625547
6506,UNC2086337,3.132789535367465,0.8068754714912288,15.84696943564586,0.24791242095387978
6507,UNC2086443,3.1265176779295416,0.5897751535209245,15.839829387997952,0.30041450200967923
6508,UNCHS003061,3.125954470965098,0.5236441381417484,15.83973522613337,0.4088789935575129
6509,UNC2086500,3.12663145090778,0.7100081683554333,15.782362007010306,0.41846854067749695
6510,UNCHS003062,3.1882231754661916,0.44204133317778743,15.640211019393973,0.4558525610987489
6511,JAX00011960,3.1184810372774336,0.5254839101962295,15.406199713021351,0.3708602191437346
6512,UNC2086653,3.182448688014574,0.6058352022391403,15.5266752640689,0.6136217427729398
6513,JAX00011963,3.1822050673977174,0.6077257640425877,15.522193838322664,0.4845360097505015
6514,UNC2086781,3.1783534707738,0.5337180383780459,15.51364111833368,0.6626335990564182
6515,UNC2086928,3.175551822565467,0.667237476353883,15.506732336112009,0.22967941923526164
6516,UNCHS003063,3.1732039530477323,0.42950656092105566,15.49992321914101,0.37296503169723216
6517,UNCHS003064,3.1722689133457607,0.6235880785669285,15.497035967767715,0.3360001286120652
6518,UNC2087031,3.1718494769220342,0.4514256968775295,15.495960015734227,0.375401446514262
6519,JAX00274086,3.163717952645129,0.7143194466705791,15.47375015549187,0.34488941138195056
6520,UNC2087388,3.1615709862412587,0.5264340445985778,15.467440742616418,0.30864155342569444
6521,UNC2087488,3.157333535543785,0.5011837913149932,15.454536447470446,0.3526713450996689
6522,UNC2087612,3.1612383619856246,0.47468178311746995,15.454773572281965,0.526193827494476
6523,UNCHS003065,3.1643030832099157,0.5076256805758342,15.453901286735345,0.3844009239834266
6524,UNC2087883,3.168593640376912,0.6201733555827416,15.451006822897853,0.40839920419869147
6525,UNC2087971,3.1720135944556205,0.48129120851590873,15.446479866613572,0.3264634729611606
6526,UNC2088089,3.1760550999240422,0.5953620805706134,15.435379588760952,0.3675398578281735
6527,UNC2088187,3.1699628622257023,0.6290836002622253,15.404432422481477,0.5765001005983647
6528,UNC2088343,3.16466483772183,0.5203571223709216,15.380806869924982,0.34739281642488107
6529,UNC2088392,3.1689441712139796,0.5697448843158918,15.381035783410198,0.30393471485536483
6530,JAX00274097,3.180986160732118,0.5228921010999663,15.382412865108336,0.3845303142146142
6531,UNC2088485,3.1813386376893504,0.4602555901488238,15.38245151615547,0.560702819113559
6532,UNC2088672,3.199567789870798,0.5554634989429966,15.37901645365423,0.39687700362083855
6533,UNC2088847,3.2098884442236795,0.6000504976494941,15.374287675767164,0.42532788998725357
6534,UNCHS003067,3.213874080420055,0.3101034521065675,15.371846999734089,0.35041407630814997
6535,UNC2088954,3.2201535108561075,0.610910575528444,15.367243960588212,0.3555615030368149
6536,UNCHS003068,3.225452929718813,0.6827609183115947,15.360052944671907,0.5055524384455873
6537,UNCHS003070,3.3262329610472534,0.410195686354305,15.660625052866862,0.48642815056119726
6538,UNC2089101,3.330558406019918,0.6415804259466213,15.656796260263945,0.5096523779282618
6539,UNC2089243,3.302478934206647,0.5903367881402752,15.649870559299643,0.32192330846157013
6540,UNCHS003071,3.257959501838741,0.5241853428892319,15.629628515382592,0.46358611131092325
6541,UNC2089389,3.306558041179187,0.37216185367960036,15.622883011311615,0.26041085107750717
6542,UNCHS003072,3.368273485968075,0.43554224027036303,15.628456584919832,0.26789989480550064
6543,UNC2089492,3.3741041841008155,0.46111637333758626,15.661113824494805,0.23387067548850726
6544,UNC2089724,3.3842793050052933,0.3994573878706667,15.7183439465648,0.33529416571295684
6545,UNC2089879,3.394945997566765,0.5792133976342525,15.780637081158602,0.38745210502423866
6546,UNCHS003073,3.398430555824916,0.5734220408256403,15.800435678012263,0.32725682807251527
6547,JAX00011977,3.370734711202658,0.5410391975820275,15.809614084642817,0.29264433979303345
6548,UNCHS003074,3.1648315810130043,0.39817481096979923,15.92163803286644,0.38424299507334986
6549,backupUNC010837286,3.1753295007401903,0.6252755824539475,15.991424701362575,0.23711006104278262
6550,UNC2090823,3.263995947168951,0.38857625560019543,16.16229622200558,0.44487859017890447
6551,JAX00274139,3.275622000622434,0.6973282112469434,16.175080933479876,0.39843591121259675
6552,JAX00011986,3.325916179754813,0.7682670147665616,16.284759718423857,0.3076854780247756
6553,UNC2091398,3.3692327965845834,0.7189032891346472,16.379569615033233,0.2699664838945422
6554,UNCHS003077,3.3724721366565973,0.5566931038899395,16.38768559854725,0.2637396010222558
6555,UNCHS003078,3.3386293691105493,0.31621266317879154,16.41284540757738,0.3041070144416049
6556,JAX00274162,3.3244787912310585,0.45930304071675865,16.42619257762385,0.2272549441224509
6557,UNCHS003079,3.2883226970261603,0.8091156116778034,16.464432388657315,0.3128135871333399
6558,UNCHS003080,3.317007335730068,0.8198817830345623,16.266250824907274,0.42856900933236125
6559,UNCHS003081,3.336193867948168,0.480658439659678,15.993295944859256,0.4600334303161186
6560,UNCHS003082,3.3469977006479894,0.5440657884432326,16.116309380994153,0.36847916489121274
6561,UNC2091732,3.3777269658282876,0.4731760793925428,16.293301500980306,0.2436255791980487
6562,UNC2092706,3.2689060309435263,0.514892086624171,16.54422111371605,0.3045304711431621
6563,UNCHS003083,3.2676584447783625,0.7403981678035281,16.532444208143716,0.35041937976730675
6564,UNCHS003084,3.219175676468467,0.460558382579267,16.473247877136828,0.4071833251464901
6565,UNCHS003085,3.1803382338853226,0.6197603381792678,16.426907662824988,0.4689953127176595
6566,UNC2092923,3.1649806853308746,0.5250485824599872,16.408653332862514,0.3387034609480458
6567,UNCHS003086,3.1614904654643396,0.40174403412855875,16.390250592543225,0.2636913517956467
6568,UNCHS003087,2.9718337082526887,0.7456654776485323,16.249974717617533,0.30899472341337036
6569,UNCHS003088,2.9645650325428505,0.8186302868757811,16.25396517382137,0.3626550615151856
6570,UNC2093253,2.968701577774709,0.6651237025893804,16.25920387421661,0.29573506053735527
6571,UNCHS003089,3.0676440830693537,0.6042547949150098,16.39452988480366,0.29600101194111483
6572,UNCHS003090,3.074005672171097,0.4815087057399246,16.381012322937295,0.3350142472950711
6573,UNC2094177,3.1489523450491106,0.4702831684044273,16.1737603079398,0.29740564298994976
6574,UNC2095610,3.1243091953056137,0.4515162385564785,16.075775332034027,0.33831660408643327
6575,JAX00274242,3.1236279536376514,0.6761240758471404,16.073268819368423,0.4072236684168709
6576,UNCHS003091,3.119983805292577,0.49839793040821134,16.060095121677705,0.2236491980768764
6577,UNCHS003092,3.1272004865049894,0.6823132692156401,15.871790357852433,0.4491778298221703
6578,JAX00012018,3.1252295157250956,0.5491217198211507,15.866685794882187,0.46095376891839107
6579,UNC2096203,3.107744429329159,0.4593676890282045,15.846376621662557,0.3931960180369861
6580,JAX00274253,3.102274840913651,0.5140376539229445,15.835104742291605,0.20219187967135985
6581,JAX00274257,3.0939776200748383,0.6566653506601353,15.817488008594637,0.3980290565393012
6582,UNC2096757,3.082046598908846,0.741804708015425,15.792776842894227,0.35875935210347926
6583,UNC2097425,2.5593301204594354,0.5420237132972933,15.270781477974879,0.42579652186113276
6584,UNCHS003093,2.5877733422830715,0.8068885170847632,15.137624305442841,0.3660132816677663
6585,UNCHS003094,2.5902322818135417,0.6720562075757646,15.12710274676283,0.3363959631422035
6586,UNCHS003095,2.6138505379590242,0.43960760965339907,15.036023406081767,0.4315043705859889
6587,UNC2098492,2.6203828099874045,0.6534776617153331,15.012750774819779,0.5051426694943678
6588,UNCHS003097,3.196870754695283,0.709486846558115,15.141984191554002,0.5651968468372567
6589,UNCHS003098,3.241068663184933,0.5734787616357928,15.087551821551415,0.6205783889917288
6590,JAX00274309,3.2417485129024044,0.33915562631781404,15.067551179294242,0.5522507407355624
6591,UNC2099443,3.257609410575469,0.6174493898426991,14.33020330592717,0.5314648031950508
6592,UNCHS003100,3.1767750846993295,0.47571671996724224,13.824223968613069,0.5742085744002129
6593,UNCHS003101,3.1777062969711096,0.6430262310352954,13.819293921762892,0.5528718350329955
6594,UNCHS003103,3.376250527374623,0.5902499150255833,13.97741204927729,0.6544676284712497
6595,UNCHS003104,3.392166394364267,0.5579129152507581,13.965007885108662,0.5249860961635592
6596,UNCHS003105,3.441020355193814,0.6725504562323659,13.977009511129836,0.6822025271752378
6597,UNC2100589,3.45450112311687,0.5950617399172772,13.990087299084735,0.5219572979541427
6598,UNC2101411,3.4794845518247257,0.3297434887688122,14.028339972845288,0.4363348969913109
6599,UNCHS003107,3.23204257058228,0.5994357554942664,13.67826112090711,0.5306057911292545
6600,UNCHS003108,3.2217063450762,0.43198552232461745,13.687168307773618,0.46289407654321135
6601,UNC2102205,3.175464061082266,0.49110178201824034,13.754783779692161,0.39804784290661965
6602,JAX00274353,3.189146918692586,0.413428499457656,13.787235202999,0.848027514658048
6603,UNC2102791,3.19122346311633,0.5750095971564446,13.792417866544156,0.4512066184756739
6604,UNC2103620,3.152969355416417,0.514860482227914,13.742755822616573,0.6234167249796829
6605,UNCHS003109,3.1448224784555805,0.6546204797892414,13.730610809680002,0.6353662713051509
6606,UNCHS003110,3.0819683531744886,0.5566737468519957,13.730628239632779,0.5233038114538524
6607,UNC2104102,2.733099237625993,0.622514173988876,13.763024585837229,0.5678625870681945
6608,JAX00274379,2.7293625615807287,0.8375314263382714,13.764561237384441,0.7955215869788501
6609,UNC2104482,2.614958839286828,0.7837798862863132,13.823033607287243,0.4999594137632874
6610,UNC2105769,2.467954828623988,0.697457566486754,13.839011458990853,0.6470040477790083
6611,UNCHS003111,2.496162299507887,0.6015031070797399,14.000478547573039,0.5887565431220082
6612,UNCHS003112,2.56579219024934,0.6743547221291039,13.899697255783622,0.38260331316805857
6613,JAX00274402,2.6221983848495256,0.7793784114703486,13.920970074687148,0.508170852486311
6614,JAX00012071,2.728665346186517,0.7661384689899821,13.978403493246105,0.5760474373596243
6615,UNC2106581,2.731699748233268,0.8912146752459367,13.979894879372296,0.4595953846618987
6616,JAX00274408,2.7301474199352924,0.676317049729649,13.979042729798493,0.521436349187003
6617,UNC2107061,2.7197877875128142,0.5338619658507001,13.975839907541285,0.6005747001812469
6618,UNCHS003113,2.6914377064183554,0.6751286835750455,13.99930436334671,0.4569767125697047
6619,UNCHS003114,2.7034786044052908,0.6514542431658923,13.995062926748915,0.5438404154797138
6620,UNC2108385,2.7240350812407996,0.45681436122363267,13.98870520536002,0.4163422673693663
6621,JAX00274433,2.747548399376228,0.642090035066675,13.981799651985284,0.48820831516139834
6622,UNC2109067,2.7940357399115783,0.5343242623010971,13.969202526177924,0.31179816382703385
6623,UNC2109907,2.8460036317951563,0.5178607507815781,14.058071061589317,0.47420900668045085
6624,UNC2111325,2.85798964755827,0.6132220800277873,14.134831138615255,0.8304043004526661
6625,UNC2111966,2.8671181920237814,0.624307921530493,14.188737126151636,0.3782135233839401
6626,UNCHS003115,1.7147898017690295,0.9558104932249393,14.470905400764423,0.4626411738863314
6627,UNCHS003116,1.416675422944536,0.8499732581808097,15.048822903903101,0.425486508485428
6628,JAX00274480,1.3318486911798573,0.9076688947479072,14.979486901474047,0.41350843998958003
6629,UNCHS003118,1.1524973315763418,0.9621338875887321,14.951465411832032,0.47364532564892586
6630,UNC2112424,1.1608075582803394,0.9132735430277683,14.47580971572961,0.6248328521796453
6631,JAX00274499,1.142263232752839,0.977597713162884,14.43655871710257,0.379680309811386
6632,JAX00274503,1.140225622590151,0.9530761708057482,14.432390474717522,0.5005358998712326
6633,JAX00012106,1.1322273734731425,0.8766347957518991,14.416597793896699,0.5375949314958094
6634,backupUNC012020959,1.1302854831537843,0.9747549937874534,14.417513814450103,0.33881003647871116
6635,UNCHS003119,1.1230622990988195,0.8826998268756033,14.416923092562001,0.4702770773275637
6636,UNC2113779,1.1226600311797483,0.9994100691382358,14.41685600522078,0.5037975202209031
6637,UNCHS003120,1.1223643823802831,0.9981738117869536,14.416730765061857,0.4088886310042643
6638,UNC2114116,1.113756114834814,0.7563767245297347,14.41509108041464,0.5014236786701676
6639,UNC2114611,1.2002792603871058,0.9657769249825469,13.592291511220083,0.7033881972724891
6640,JAX00274534,1.2584937921492383,0.8470885063580822,13.170185112736817,0.5492607021263837
6641,JAX00274538,1.2619843970744569,0.9953994829431734,13.152437821398053,0.6599729716185383
6642,UNC2115346,1.3101964063203013,0.894203233533695,13.342767824056637,0.7298559629744945
6643,UNCHS003121,1.313426852354496,0.948996236806176,13.352926244680702,0.4930689046137621
6644,UNCHS003122,1.4768338673577546,0.5909865840840142,13.567102453135476,0.7221533155098112
6645,UNCHS003123,1.8290290494633155,0.8233464378830717,13.981979105379423,0.7408713444798819
6646,UNCHS003124,2.017919621754345,0.7766333659328472,13.848414129316325,0.5247003586278675
6647,UNCHS003125,2.0633968664021722,0.8098166800829539,14.053746166583778,0.48482576466464194
6648,UNCHS003126,2.1172619042320093,0.799704685452314,14.054791822352172,0.8172588784281595
6649,JAX00274542,2.115865276203749,0.6336089400355888,14.041790716403511,0.6136249335528293
6650,UNCHS003127,2.1154291790403477,0.8148117546223078,14.038463148922801,0.7023620558392469
6651,UNC2116636,2.146140022262898,0.7039305881417607,13.947357706540515,0.6267033715861327
6652,UNC2117362,1.9340710484855208,0.7664840315249383,12.4505361106892,0.6052540860821936
6653,UNC2118065,1.8965153933036163,0.9560220349407937,12.31972938717854,0.6382648420707423
6654,JAX00274602,1.891845603815682,0.8859160032390424,12.301560977305371,0.8711184592475706
6655,backuprs32565732,1.878966959612626,0.8267916325206873,12.24768778981138,0.6370991330202014
6656,UNC2119193,1.874887834178935,0.7485986442015569,12.252416180519049,0.8270118319481318
6657,JAX00274630,1.874211371086858,0.7083766453125522,12.253514745698112,0.757057685469919
6658,UNCHS003129,1.8781778844972905,0.7134104847519445,12.370472513757704,0.6678632910283822
6659,UNCHS003130,1.8738456083219717,0.8957889052549967,12.473188575285576,0.7002763499839808
6660,UNCHS003131,1.8683369800673972,0.9488053646706492,12.482626911924854,0.6617871498859926
6661,UNCHS003132,1.867545477600288,0.8572150612424484,12.484001268063594,0.8945102891442739
6662,UNC2119567,1.8671545107511065,0.8386176527476338,12.484694809089433,0.5408547990111187
6663,UNCHS003133,1.86197190622147,0.814971168370632,12.494194083965567,0.980653130613773
6664,UNCHS003134,1.8608762060557638,0.6152004939786814,12.496288247544271,0.6244924104844373
6665,UNCHS003135,1.8603085123015717,0.7825872418331469,12.49738427425109,0.7090763218152886
6666,UNC2119796,1.859892566099461,0.873055456331618,12.498192336301145,0.6336528597597441
6667,UNCHS003136,1.858759343179372,0.9114044859010437,12.498000901934802,0.7530742455943883
6668,UNCHS003137,1.8587388822950288,0.8286101687081966,12.497994426968717,0.7809561992289018
6669,UNCHS003138,1.858358001556553,0.9334256694689324,12.497913308425723,0.5492535393076621
6670,UNCHS003139,1.854634628911981,0.6371309447947499,12.496678312862741,0.6973982221095189
6671,UNCHS003141,1.8534974417498233,0.8406806526870244,12.496345361582826,0.7247340900810223
6672,UNCHS003142,1.8528422247056824,0.8484829048801922,12.496306312799561,0.4723399775039901
6673,UNC2120288,1.851030652481768,0.8249745508919558,12.496251159199801,0.7396843208884591
6674,JAX00274668,1.8507141452082578,0.9321396496964977,12.496321092113249,0.6986791008020163
6675,UNC2120797,1.8439936629240492,0.7971813551536255,12.498183308133548,0.6121868596093204
6676,JAX00012157,1.8409768145857015,0.9446493236110767,12.49744835073625,0.7934197941821909
6677,JAX00012159,1.8408237683381685,0.8448663383754097,12.497441142783146,0.8099382359126419
6678,UNC2121284,1.8378039680280835,0.813137722766579,12.49731378251522,0.6579094981175454
6679,JAX00274708,1.8599125971463764,0.9204590617131139,12.390774365288053,0.7717182365146
6680,UNC2122148,1.8691513981618755,0.9310922876634948,12.354235489065559,0.5810571532522214
6681,UNC2122853,2.1967539037314054,0.6308982593750927,12.033928303758103,0.8268259253741751
6682,UNCHS003143,2.252891345082844,0.7620209292727456,12.0215197470784,0.7175301281709974
6683,UNCHS003144,2.277021214687011,0.8292164688460955,11.88685423408856,0.8160579467703158
6684,UNCHS003146,2.2762820683615246,0.7842467925961796,11.887162762899152,0.5564656512076941
6685,UNC2123418,2.2732850909483204,0.7203266078237965,11.889862320788325,0.803357542672589
6686,JAX00274735,2.2702726220136356,0.8170845714237698,11.893071237732102,0.6063687274785082
6687,JAX00012174,2.2697456179528217,0.6536771800825817,11.8937347288836,0.7762938559342288
6688,UNC2123992,2.268475373281035,0.6843759557141427,11.895366915383192,0.6769687594842706
6689,UNCHS003147,2.2865921501011144,0.6684108022080647,11.840986143621421,0.8448701806868535
6690,UNC2124614,2.182138587324971,0.7034483888754087,11.742246953942413,0.7352680706814944
6691,UNC2125276,2.1127119450259215,0.7901729921763032,11.637800706010012,0.8355587738749193
6692,UNC2125805,2.107013231716792,0.7489051489906825,11.608232700622466,0.8088668767815842
6693,JAX00012186,2.1065210231256515,0.6273588054152035,11.609020979521802,0.846367811267412
6694,UNC2126189,2.1053817641170554,0.6719326680452131,11.611272254868481,0.8089137545657958
6695,UNC2126358,2.1028449474742956,0.7027556958532704,11.61730925487177,0.7044110191693341
6696,UNC2126926,2.0981533495846634,0.8130936585211197,11.347054688932076,0.7756861952968761
6697,UNCHS003149,2.0579629279250184,0.7050570358016364,11.618614809924566,0.8819269836234835
6698,UNCHS003150,1.8968013785972744,0.9531695928871613,11.191810546950592,0.983670554545926
6699,UNCHS003151,1.9583491583446175,0.7457741682322795,11.300461153788547,0.9821143139898807
6700,UNCHS003152,1.9671225707863869,0.8035026140823854,11.322452407066748,0.5770366791903337
6701,UNC2128533,1.9693049425741265,0.8326911814815702,11.319750552221876,0.8312456155506777
6702,UNCHS003153,1.9901403205979022,0.8552871668121663,11.29553322247898,0.876071810481629
6703,UNC2128845,1.9901482043173928,0.8409475794197998,11.296101324655865,0.8632060717910833
6704,UNCHS003154,1.9219228346582895,0.8925698933864508,11.197151088994133,0.7621157972626303
6705,UNC2129402,1.8240433709984245,0.7645573692692418,10.789543948087157,0.7937650261912685
6706,JAX00274859,2.2279255175860726,0.7745765046018074,10.245126601534139,0.7306098499653199
6707,UNC2130659,2.2474600832204032,0.7640118945401753,10.207581474041717,0.9041322472818837
6708,UNCHS003155,2.258787704548695,0.7466455973210421,10.20953167667085,0.8607336933189086
6709,UNCHS003157,2.2586875399078963,0.698970912082232,10.211812916982126,0.8735819920864152
6710,UNCHS003158,2.276289164077525,0.8085306073020683,10.142935135095513,0.8882523225729912
6711,UNC2131109,2.275880576619329,0.8174372197326308,10.146297218354903,0.9181617632543257
6712,UNC2131657,2.273999456848287,0.8048292762819511,10.166265109948654,0.7296553647779238
6713,UNC2132723,2.501073732480336,0.7511820513328608,10.344046725227372,0.8123989427447762
6714,JAX00274889,2.5135395765628346,0.5784700272452512,10.355456714511092,0.935680128973928
6715,UNC2133247,2.589777750653184,0.6061554796456137,10.446308440788698,0.8403184993842002
6716,JAX00274915,2.745630041812774,0.44815345926471406,10.621207833310336,0.7418482160416986
6717,UNC2134023,2.7454965923011514,0.5229245029451259,10.622024874289082,0.8666598457197958
6718,c1.loc167,2.7423175462249674,0.570058275893551,10.6415678028834,0.8817787764218703
6719,JAX00012240,2.741190650859153,0.6296861882460585,10.648943445206896,0.7371125291593127
6720,UNCHS003159,2.755097725550513,0.6693485690600035,10.684059777574475,0.897929993564252
6721,UNCHS003161,2.7495957789008116,0.4776881648564202,10.563375780854813,0.9680520837346025
6722,UNCHS003162,2.4624804775605753,0.776559823086888,10.263965710782713,0.770580239324479
6723,UNCHS003163,2.2905763614380703,0.6742198154534124,10.437937919724845,0.7500622677190725
6724,UNC2135660,2.2871155890882164,0.6489960910935721,10.451737811748899,0.8804179379255349
6725,UNC2136413,2.337103586852436,0.6639283121629709,11.078426029044977,0.9331779237100649
6726,UNC2137048,2.3650809550633767,0.7538429410414397,11.137672047304022,0.7250700221386246
6727,UNC2137499,2.456981657661345,0.7727296936083019,11.742914816316897,0.8084093597915869
6728,UNCHS003167,3.307217714311264,0.6076610059024631,11.636460109700693,0.7816484275110664
6729,UNCHS003169,4.402930284505601,0.30701808508991213,11.589880234470911,0.7004869639991682
6730,UNCHS003170,4.3977422713628584,0.32568049230767615,11.525746149120096,0.9742632553177435
6731,UNC2138223,4.38195575953273,0.33470925999291534,10.977007563505822,0.8343308534479524
6732,JAX00274977,4.406167928181958,0.46720331026296397,11.038711541605153,0.7995456609070372
6733,backupUNC012208248,4.416368401843556,0.30189187987509386,11.063913034200596,0.8856879994404592
6734,UNCHS003171,4.420562440296408,0.27188099513749986,11.072041960835122,0.6481097707733346
6735,UNCHS003172,4.422928295221936,0.27844476592746303,11.076479263829015,0.9669893970110076
6736,UNC2139446,4.438738566504298,0.3416730631812837,11.10803017276271,0.6725152743466826
6737,UNCHS003173,3.7576416467795752,0.45721674476842816,10.475284747249589,0.9434178085593106
6738,UNCHS003174,3.5818589033451644,0.3652599295693697,10.423200678056673,0.8698784666927027
6739,UNC2140023,3.602877256897955,0.5142272451276845,10.47710104243265,0.902198184121924
6740,UNC2140855,3.600939171566779,0.34832713013621897,10.600024351622096,0.7216367479138666
6741,JAX00012269,3.5855033087018455,0.5258557583628182,10.591736194917758,0.8510250322746544
6742,JAX00275020,3.579488083425531,0.4517029620186697,10.6173045926937,0.9028163227926955
6743,UNCHS003175,3.6808630898058254,0.45570022184652453,10.748820166948235,0.8540736940371758
6744,UNC2142209,3.6883521819290763,0.3674766934564892,10.757738470577806,0.8926577080263731
6745,UNC2142797,3.809776568022926,0.47989100514968164,10.699764463309748,0.8147936573248178
6746,UNC2142968,3.8120759343194095,0.47040620434978775,10.656101500959494,0.817304365010825
6747,UNCHS003178,3.769989266047105,0.3693771984495073,10.636046300533508,0.8576957875622204
6748,JAX00275064,3.794534228946077,0.5435611554801179,10.80997468378132,0.8778431381905009
6749,JAX00275083,3.825931778268796,0.33994766475949106,11.089211744699924,0.8254054679415982
6750,UNCHS003179,3.827767832294512,0.29835617971272793,11.122921977660098,0.7624435762537207
6751,UNCHS003180,3.819904602423094,0.4465285027395406,11.132585465300735,0.7428958212991024
6752,UNC2145062,3.7425548087944662,0.37131030709375945,11.158042170355657,0.8173456528389245
6753,UNCHS003181,3.6616531570775805,0.4782881291505175,11.500182662907719,0.834735839398183
6754,UNCHS003182,3.6578617567647598,0.3203161956869753,11.504368477638764,0.8640813073173028
6755,UNCHS003183,3.664312673728091,0.4629773530196205,11.501454449070934,0.7405159104319351
6756,UNCHS003184,3.669676041972025,0.3806717265178842,11.500156009969714,0.7851689579213802
6757,UNC2146263,3.7176888260196392,0.30966308532272435,11.487815575479317,0.7578106280996589
6758,UNCHS003185,3.773906065408937,0.3744858972485487,11.443700118713423,0.5913583880654336
6759,UNC2147137,3.829114073976598,0.3606512925599072,11.398629126857031,0.6958680371326884
6760,UNC2147620,3.868757581886257,0.34600265934071833,11.668813372438763,0.6434143963356894
6761,UNCHS003188,3.865177089454164,0.3340833629766117,11.777094742794588,0.6706846830719846
6762,UNCHS003189,3.7541227910523958,0.6084815450803536,11.975742106243615,0.9187633562907517
6763,UNCHS003190,5.887675964115715,0.10112046190892328,12.932853098151554,0.8212416788966487
6764,UNC2148038,6.058377689301551,0.07716713390600757,12.79194310397611,0.9110395069056237
6765,JAX00275164,6.171293028986838,0.09899793537517175,12.753685118907697,0.7327272810698949
6766,UNC2148264,6.254442086740028,0.16460789721603789,12.751181886892482,0.7254819537453432
6767,UNC2148353,6.252680589182091,0.08899759329814244,12.746494430518396,0.6503011411978389
6768,UNC2148455,6.250785747315376,0.13986582109668072,12.742508280285392,0.7229257822242786
6769,UNC2148551,6.2482686374510195,0.1038068221373542,12.738037976967234,0.6040286202426228
6770,UNC2148650,6.245940917266353,0.14079207868599974,12.733261098932871,0.6264789946556306
6771,UNC2148779,6.242973830578194,0.08968741901289416,12.729131795183093,0.5667538248233837
6772,UNCHS003192,5.8768038301495835,0.10347633318373471,12.076609864379407,0.637201739367423
6773,UNC2148948,5.6656406805716415,0.1831574545167314,11.555369364851003,0.6555799778462907
6774,UNC2149130,5.4662676777320485,0.2874117579382366,11.550019937041725,0.7856191803541361
6775,UNC2149275,5.1631470121328675,0.14326735055901024,11.530537173975063,0.7882536064792051
6776,UNC2149487,5.295410407647523,0.1503789240364498,11.431294076372978,0.7970326817234417
6777,UNC2149562,5.345550274975494,0.16014150019333262,11.38435149079828,0.9010633216410535
6778,UNCHS003193,5.3249863811925024,0.24448295037432916,11.347274687449953,0.9031231268765172
6779,backupUNC010333562,5.36245735409716,0.1728705518907184,11.278872080584051,0.669536906833202
6780,UNC2150083,5.408419570094566,0.11550878881559584,11.272350898503873,0.8062334852032268
6781,JAX00275205,5.420961527829149,0.13868394703110012,11.2818417249689,0.7263290868343416
6782,UNC2150313,5.437155161215287,0.20720092702981027,11.321465556831754,0.7295125099188947
6783,UNC2150386,5.436620575340157,0.17938213798972852,11.330666462192085,0.8996521572320061
6784,UNC2150546,5.454339101124788,0.1387688851829857,11.387367853526484,0.6646341391707542
6785,UNC2150651,5.470872564417959,0.30707192406974243,11.456907802325304,0.7637706526100992
6786,UNCHS003195,5.47963398001275,0.2397375362753248,11.508238417884513,0.8308518370680814
6787,UNC2150801,5.481288748589577,0.11250268861978158,11.52013203710976,0.8807698245039949
6788,UNCHS003196,5.500894027581353,0.10849408731741966,11.463680166723634,0.7531759107787422
6789,UNC2150902,5.488222280019272,0.11128526804954003,11.230192557829923,0.7622012633980767
6790,JAX00275223,5.4310612446620325,0.2668209192523847,11.112678913455284,0.7819427085713482
6791,UNC2151041,5.004024978161851,0.23938898905556846,10.710205744456061,0.7400104140366545
6792,UNC2151158,4.3605209072125035,0.24894329883590763,10.34581986527428,0.6514225218722892
6793,UNC2151334,4.35910903739682,0.2819341768589033,10.357518075183862,0.906356406541399
6794,UNC2151520,4.3581332745097825,0.3967825489958231,10.36878830422529,0.880967627930534
6795,UNC2151681,4.356751643319285,0.3645668873436251,10.379390365490053,0.6899399033946181
6796,UNC2151875,4.355175531929262,0.413281611900345,10.392306552244463,0.88249556068531
6797,UNC2152115,4.353265247021909,0.44543354551106534,10.410156525950697,0.8543511698114499
6798,UNC2152184,4.352235087901136,0.2595112325500901,10.420024148608263,0.9888102065087094
6799,UNC2152265,4.351568544527709,0.35396276744530786,10.42642933489924,0.6682497757712841
6800,UNC2152403,4.351278870437909,0.28558820179910366,10.437422043023616,0.6248279205177031
6801,UNC2152579,4.350097905209623,0.2942797867925258,10.452875089766167,0.8504545755691838
6802,UNC2152682,4.3496052562695695,0.2566103717344138,10.459469191231165,0.8482736680855284
6803,UNC2152931,4.358843968041356,0.300081434843057,10.508452506638832,0.8057263738952897
6804,UNC2153044,4.365799503843391,0.2809627804495907,10.546845908942942,0.9044996607496282
6805,UNC2153107,4.369326881886991,0.24163698502864447,10.566414535511512,0.8223921187947314
6806,UNCHS003197,4.336687969051582,0.31450312226446414,10.265257365572097,0.8365491648298023
6807,UNCHS003198,4.30518675993153,0.4062321400495402,10.08736293082211,0.9918632822362874
6808,UNC2153292,4.307042271337195,0.3018609035125155,10.099371664018008,0.8798422490957767
6809,UNC2153422,4.312367023500428,0.4495782052318634,10.133663348193977,0.7954433185513288
6810,UNC2153492,4.509272887827137,0.33380810159191365,10.067420737703515,0.9606105257051476
6811,UNCHS003200,4.742218836860957,0.25242440742980626,10.07562574397889,0.8682002427960089
6812,UNC2153706,5.043526967887374,0.31010321070289837,10.296083069669749,0.9918517394573623
6813,JAX00012335,4.711380154292101,0.27820232529426775,11.113250837941678,0.7230505353160911
6814,UNC2153870,4.7052904397685325,0.3541529834045833,11.122656205745216,0.7396617961785004
6815,UNC2154073,4.543517823594357,0.3165227820797712,11.403901711082426,0.8481471534513131
6816,UNC2154166,4.538981994315691,0.15983329105002772,11.620094332292865,0.7462879584558298
6817,UNCHS003202,4.534424103618221,0.44226165837452397,11.796386373014002,0.7493107139292419
6818,UNC2154276,4.5338023060303385,0.26464416741971863,11.817957790288574,0.7158355230071849
6819,JAX00012338,4.5280753744227695,0.20754038753519718,12.010791107495379,0.8441600575011341
6820,UNC2154438,4.524817569250672,0.3760031029360182,12.107964700031516,0.6369778067519473
6821,UNC2154599,4.513147191134067,0.2820420418956492,12.411203353968176,0.6587983392555153
6822,UNC2154734,4.514360070449584,0.4069634637132276,12.436450279723203,0.8365332124571707
6823,UNC2154862,4.515804155231763,0.407297831426903,12.483114380340112,0.6032975819856867
6824,UNC2154967,4.48346937418637,0.1869104321522099,12.54804392408164,0.9648980334396072
6825,UNCHS003203,4.6407344845986245,0.20711727781696365,12.541654797410729,0.5960990862790749
6826,UNC2155220,3.471664616798762,0.6130314795562758,12.74974170431733,0.6772893743370959
6827,UNCHS003206,3.442529346477386,0.5178320379348865,12.787352908320372,0.39297319689491644
6828,UNC2155319,2.988261440475071,0.737637114029171,12.848663111989708,0.5433623254299303
6829,JAX00275319,2.742975855933082,0.7806998640693223,14.562851007877043,0.5524450378752458
6830,JAX00012351,2.5572143972731283,0.7282049078947446,14.892622225096602,0.49934736553609693
6831,UNC2157704,2.5684717840913436,0.6798667251791858,14.87205699879587,0.5212750377616404
6832,UNCHS003207,2.57545563481699,0.6094238642953597,14.859353971927248,0.37334394644357605
6833,UNCHS003208,2.8133384277966798,0.5397008379119912,14.98092575690157,0.30233052537413263
6834,JAX00012358,2.846755131873124,0.6572807003654243,15.025271939753338,0.4165432975988636
6835,JAX00275341,2.8468529484875944,0.5856256129940645,15.013832315184118,0.5222008584429495
6836,UNCHS003209,2.8467902134318592,0.7858548130041967,15.00222072471638,0.3748968059981516
6837,UNCHS003210,2.8435277894157025,0.6410976863683078,14.993053037605478,0.6477568523652156
6838,UNCHS003211,2.8413981398462056,0.51096149365553,14.987050358553233,0.41394266820239334
6839,JAX00275349,2.8361841822434144,0.5710764860489251,15.008278650701186,0.55264278231677
6840,JAX00275360,2.7878547604823325,0.7437174158234784,15.17675188067551,0.3528375471367228
6841,JAX00012372,2.7586216924839846,0.6073905451388257,15.192347852550029,0.4073240193302269
6842,JAX00275371,2.7143161682652135,0.6470777959284051,15.131318074921182,0.706150903796795
6843,UNC2161597,2.7108891979378313,0.8018507813446006,15.126877802045328,0.40452586937532864
6844,UNCHS003213,2.6942744777168173,0.6053897566859232,15.105554638064177,0.35325289334553117
6845,UNC2162164,2.662313142355515,0.5865743819606287,15.052236675143831,0.37811590116378246
6846,JAX00275414,2.725603398717567,0.7466536983770667,14.841533055663149,0.35561349223149236
6847,UNCHS003215,2.69577926640477,0.6574768210981992,14.668403660454715,0.4001982221181949
6848,UNCHS003216,2.7180266423797548,0.5607651763514108,14.658671593198505,0.48165905871884807
6849,UNC2163572,2.911409280513908,0.549120261079394,14.857174964369278,0.40169963000252445
6850,UNC2164048,2.6821680338343867,0.6259477313832049,14.85289138200983,0.42034259909186145
6851,JAX00012396,1.9656702757529274,0.8984877213555618,14.849521021779765,0.3748258787662894
6852,JAX00275475,1.9658145378011795,0.9114938864983622,14.837505170801705,0.4846115419015224
6853,CEAJAX00012397,1.9659589371722177,0.8153608413875546,14.829100391301836,0.4155045826957787
6854,UNCHS003217,2.0380711536222407,0.9065900602562408,14.68867085251486,0.4773265897241862
6855,UNC2167386,2.0505238736709543,0.8437942069388493,14.66090902293422,0.5343674169931152
6856,JAX00275507,2.046362220389028,0.7960206985060797,14.680822939035806,0.4855299133651295
6857,UNCHS003219,2.046094594022861,0.7455821922392574,14.681347498865989,0.5624059681493386
6858,UNC2168155,1.9498602412729724,0.8634295197734537,14.729732498672547,0.48235170834126506
6859,UNCHS003221,1.9488617223537403,0.8030202448761169,14.733342406691918,0.6125812275029732
6860,UNCHS003222,1.9482285752003463,0.6976440446429383,14.727666608472191,0.5211774622097832
6861,JAX00275522,1.9325678805976167,0.9251189550362751,14.696459542808725,0.5423521749607646
6862,UNC2168801,1.9679081302485883,0.6940953567936408,14.682674114597603,0.3665942791804936
6863,JAX00275562,2.0585781858026166,0.871297228021257,13.291787138713516,0.622885007468478
6864,UNC2170834,2.0603192582352676,0.854007214786276,13.276436404376227,0.5315384514000437
6865,JAX00275566,2.073969933003582,0.6942332353797995,13.18593536393496,0.5781127916943145
6866,JAX00275579,2.085157120523945,0.8386567783716979,13.133969054823638,0.5219157507606341
6867,JAX00275580,2.0855587918390484,0.8135855496785909,13.132411555009185,0.7245781635382574
6868,UNC2173489,2.0551472209576787,0.7535956563639521,13.198444846430675,0.5499545400749184
6869,UNC2174742,2.046980946301119,0.8308621077309661,13.209685590275058,0.6567052340040076
6870,JAX00275650,2.0360447138007203,0.6116442225226876,13.26362385134621,0.5313261088994726
6871,JAX00275680,2.2162418438019813,0.6789239120065294,13.883479205632511,0.6853966588519284
6872,UNC2177126,2.2214594865783965,0.6494813007477735,13.873592138924096,0.5605583959800375
6873,UNC2178186,2.3167486492659464,0.7636932735387308,14.070786254362474,0.625776524250823
6874,UNCHS003223,2.3825867962136726,0.7728744778101365,14.169838829110404,0.4764216436838435
6875,UNCHS003225,2.3578787053195356,0.7068155419849417,14.25405766863696,0.5076053948907443
6876,UNCHS003227,2.3503962854090332,0.6577221957516864,14.2756604619899,0.3376876863277059
6877,UNCHS003228,2.3485152298471803,0.8033244005465727,14.280255008755375,0.4475196460327898
6878,UNC2179885,2.347661804386462,0.605580192560538,14.282079200899034,0.7568314502339039
6879,JAX00275726,2.350531868722328,0.8032136399213955,14.222463537846124,0.5749370036538373
6880,UNCHS003229,2.379500599246512,0.6527276706446212,13.288945143948695,0.4770560383046481
6881,UNCHS003230,2.3797575437547493,0.6803049156355612,13.255353911104066,0.5153610073967363
6882,UNCHS003231,2.3800138691744905,0.5797191466275898,13.205543367907467,0.7809554738771295
6883,UNC2181072,2.2756382619902524,0.6869514829510587,12.94223016665228,0.6331525553122246
6884,UNCHS003233,2.27914406068885,0.7521343231852528,12.765238110317796,0.6012096499866347
6885,UNCHS003235,2.2697577137603275,0.9493820938118026,12.780131204237023,0.7226340145521982
6886,UNC2182851,2.263919057332032,0.6886816556098501,12.770468037723958,0.6542951756653218
6887,UNCHS003237,2.2634246320624243,0.8167009990534269,12.755092333526818,0.7699319000855751
6888,UNCHS003238,2.263412547418966,0.7694986461502283,12.754041299760047,0.5410601042843368
6889,UNC2184852,2.2632131861712423,0.7890719525744883,12.73796292332986,0.6393987780494592
6890,JAX00275836,2.2632833397371996,0.6226191749496301,12.737771004931574,0.733669945465953
6891,UNCHS003239,2.2636091405152,0.7585726054907798,12.73781840501897,0.626968816770009
6892,UNCHS003240,2.263681381126844,0.7792985145330341,12.737138186521179,0.7080874801677975
6893,UNC2185611,2.26370652461992,0.7388467031933706,12.737078024909579,0.7005267628230464
6894,UNCHS003241,2.263709398690253,0.7752608451559466,12.737053500623688,0.8080200871393305
6895,UNCHS003242,2.264223644412823,0.5909487873956386,12.736134777576353,0.6500861603951807
6896,UNC2186279,2.2675710144053483,0.6713246003739497,12.73036350197026,0.913296554436241
6897,JAX00012497,2.4590223993182008,0.5742033584939292,12.799678946506901,0.8068372706548024
6898,UNCHS003243,2.463753104861553,0.7499217730164403,12.806283097175765,0.7535906742630846
6899,UNCHS003244,2.2818311952887598,0.7250670098630652,12.280957138054191,0.6816197408246792
6900,UNC2188237,2.303782839434234,0.8168225833759069,12.095233756151856,0.8149491985631401
6901,JAX00275914,2.3919566751985712,0.7117493249775219,12.12030800600246,0.7211665681039567
6902,UNC2188846,2.393545661815324,0.5684631007098047,12.120293030109451,0.8846059192096033
6903,JAX00275934,2.4551552977604842,0.6815219353352612,11.511016414322967,0.6255163548705365
6904,UNCHS003245,2.452117360816601,0.9522784626449102,11.43820417166421,0.8813531476684794
6905,UNCHS003246,2.452849519925394,0.5650003753923171,11.438805363668052,0.83816057398715
6906,UNC2190194,2.4636917502687083,0.5972552486326151,11.44718440696056,0.8438520381520098
6907,UNCHS003247,2.4739479590382416,0.7190929560214124,11.450908064137593,0.688108622042079
6908,UNCHS003248,2.474899368649176,0.9871963410072111,11.45116908016007,0.7872310572382861
6909,UNCHS003249,2.4805840702192654,0.6557969003278703,11.450920769674212,0.7956430751622139
6910,UNCHS003250,2.481635781389514,0.701345232469652,11.450775053613143,0.7325317490554855
6911,UNCHS003251,2.487524549298314,0.7479735859332554,11.449972740229896,0.826824927924556
6912,UNCHS003252,2.489977363821481,0.6880618510243418,11.449494738474414,0.7533856295825279
6913,UNCHS003253,2.494132952790551,0.7827960585929881,11.448408785772472,0.7701143426431666
6914,UNCHS003255,2.4985254091445768,0.5784227835217326,11.446989480473349,0.9029611355489249
6915,UNCHS003256,2.499459488752109,0.6209175704426676,11.446636486497027,0.8683521914991479
6916,UNC2191344,2.5029504740919037,0.6578700838566842,11.445111255819029,0.9281459866041469
6917,UNCHS003257,2.5054086585739697,0.7903458792002219,11.444105230472587,0.7982058384619483
6918,UNCHS003258,2.5048433254651172,0.7900986499029717,11.441735324078081,0.6180938718565326
6919,JAX00275986,3.0739330500323376,0.6275679000709077,11.34356527163709,0.7228749392446573
6920,UNCHS003259,3.0646549856173806,0.5441264432396709,11.32261731073595,0.7420541349798192
6921,UNCHS003260,3.0727168604735198,0.6803580206576194,11.319454017621865,0.6880722291346378
6922,UNC2192846,3.6993978032382984,0.43244390053709625,11.197410406132803,0.5765636462647621
6923,UNC2192979,3.8117277847161404,0.5438607102404723,11.039299670847413,0.622745554816298
6924,UNCHS003263,3.8145599534891517,0.39317274629138327,11.0352071139921,0.7323971271941636
6925,JAX00012525,3.8064651902077458,0.3490956346108459,11.284208971547741,0.6028416063460045
6926,JAX00276021,3.7969851096345337,0.35324634222547474,10.478012861709203,0.9219957059400665
6927,UNCHS003268,3.8064984182587978,0.5774478551071023,10.465756754683753,0.8255191469395354
6928,UNC2194161,3.824547808269699,0.5279332727710425,10.44663379368535,0.7224166817724966
6929,JAX00276023,3.8247696022629043,0.37334925328799096,10.443591157154742,0.9144014419711544
6930,UNCHS003270,3.8249094899053944,0.3356806936414753,10.441597961807702,0.876861670689457
6931,UNC2194425,3.8785855540434113,0.31115502167468434,10.182249019748724,0.7554258064970394
6932,UNCHS003272,3.8640055449611737,0.2668778871635457,10.145069724543873,0.7056546136230669
6933,UNC2194776,3.590242378505309,0.43654497913789625,9.83718559471663,0.8163315294351955
6934,UNC2194885,3.2750976999691375,0.5129661827645363,9.832138206566697,0.8683696796806037
6935,UNC2194980,3.275396161071285,0.5936921625052496,9.878933755320077,0.8460978806222771
6936,UNC2195301,3.5882017608914794,0.7194457757661719,9.729810373787586,0.9569812011795109
6937,UNC2195556,3.870880221196785,0.45046127361243943,9.581876833792194,0.9034228720237811
6938,UNC2195707,3.8420435071534484,0.5652881774733621,9.3932943059217,0.9449976143730346
6939,JAX00012538,3.8176441357968542,0.30844011131853194,9.29085916816257,0.8885867816989987
6940,UNC2195900,3.5567585102189696,0.35049339518902317,9.073769631758068,0.8531177779828862
6941,UNCHS003273,3.313659503661256,0.5974583063250535,8.974914015276227,0.9988867014705578
6942,UNCHS003274,4.6827915524609125,0.18437201716102924,9.776039505381505,0.9871349479293727
6943,UNCHS003276,4.4070725737387875,0.2184029125327888,9.994070847631974,0.8755144869525137
6944,UNC2196113,4.414026806200809,0.2486349203379618,10.307789818373521,0.8780866389894675
6945,UNC2196251,4.433196434546289,0.48907014296100887,10.389005167778805,0.7620202699316424
6946,UNC2196421,4.434443533800504,0.44036909568650423,10.389792007711776,0.9752656688275214
6947,UNC2196547,4.435944047680778,0.2579974271779487,10.390812248845123,0.8904471661286611
6948,UNCHS003277,4.43660041908106,0.2183829493118583,10.391318670185,0.7972286982981323
6949,UNC2196796,4.47541549167363,0.4264075831051585,10.373874037459473,0.8598952948306292
6950,JAX00276067,4.475303620275099,0.362258663787254,10.373878263837241,0.740931366111706
6951,JAX00276071,4.475215977016433,0.31513748626890514,10.373827471821187,0.8426342480956042
6952,UNC2196967,4.4193383113120035,0.315017615901918,10.398103359118295,0.9214091321530152
6953,JAX00276079,4.4132926252600555,0.2580297821414781,10.40087336923034,0.876074530857704
6954,UNCHS003279,4.25873562392826,0.2627278854546461,10.481228257016028,0.8997862849790629
6955,UNCHS003280,4.25903826071135,0.2128500671075197,10.481054071351991,0.7050347848477716
6956,UNC2197142,4.259084665728778,0.31010980134522076,10.48108003229413,0.8011694786304052
6957,UNC2197216,4.259429333673779,0.28249114862785135,10.481475730392276,0.9479789718281914
6958,UNC2197676,4.266093632397769,0.42658457576440184,10.479653707589932,0.9204054683904905
6959,UNC2197872,4.438177058887504,0.29071694510519835,10.398432929172031,0.9075306080385324
6960,JAX00276105,4.444769867740661,0.30250303529836375,10.39604420552837,0.9887951756675483
6961,UNC2197937,4.446129075690806,0.32181474269745863,10.397236518521595,0.8907701152733497
6962,JAX00276108,4.447618673788156,0.3416601466450559,10.39881512173406,0.9167126893528282
6963,UNC2198182,4.4490726913836625,0.25801568552464116,10.400605403236568,0.8788591281218854
6964,JAX00012557,4.449964654119867,0.18752125298858424,10.401968199332032,0.7213785058301446
6965,UNC2198282,4.450344295373043,0.46159603544572314,10.402824460974216,0.7766315303487712
6966,UNC2198485,4.463415940243067,0.28608043230317604,10.520308338510631,0.8760100861765576
6967,UNC2198731,4.472816578956554,0.26766095495636305,10.609113397444162,0.809568233452707
6968,JAX00012560,4.538992451690774,0.14859376792915846,10.70552294169238,0.7858824737333707
6969,JAX00276141,4.5727452167193405,0.2156055834124643,10.733120723481079,0.897003183739618
6970,UNC2199451,3.607514461528808,0.5123616327360366,11.369900676372936,0.8347724455938081
6971,UNCHS003281,3.51782548120309,0.48487301019734985,11.29852397580703,0.7729203743814864
6972,UNCHS003282,3.4815795503113804,0.5482251830031646,11.259841576626513,0.8915942767147044
6973,UNC2199804,3.4313717533743784,0.40962606932722045,11.086921824170759,0.8498735756890459
6974,UNC2200080,3.39889548155179,0.7901776814668913,11.04458773756528,0.7482391604261276
6975,UNCHS003283,3.28786708086227,0.4348550934992447,10.922967703989798,0.8105394991949817
6976,UNC2200287,3.250597470860157,0.4641819768945266,10.892894631086165,0.6972414189045297
6977,UNC2200395,3.1929263752808765,0.5308433801448798,10.839046536900696,0.8384207518009712
6978,UNC2200687,3.158378298337084,0.7500644463515226,10.77185891999352,0.8695527375200812
6979,UNCHS003285,3.1552116336342806,0.6943264999963917,10.76579951415215,0.9380458903323533
6980,UNCHS003286,3.1501292681941777,0.546336240790725,10.756865323307693,0.8404822453961384
6981,UNC2200831,3.1282193772033224,0.6671346890896398,10.716583826723081,0.8454773558914134
6982,UNC2200991,3.101662547572232,0.48307581104734115,10.662021245839242,0.8561553881024508
6983,UNC2201094,3.0827864642833447,0.527122390254101,10.614797767106438,0.8361212012878843
6984,UNC2201195,3.072190205659581,0.5110555813152572,10.578787450500386,0.6048564428746784
6985,UNC2201362,3.0674293062584184,0.3462552155418717,10.547993039098856,0.9866012127536032
6986,UNCHS003287,3.066315357998519,0.4368319377025112,10.56552912813504,0.8563243518979187
6987,UNC2201530,3.067376936634446,0.5967374274865453,10.62608555243014,0.698512715481865
6988,UNC2201666,3.0738416730989684,0.5637471804447329,10.729896325871778,0.6986974088127101
6989,JAX00012580,3.074646705462783,0.7446358955930199,10.737350844530283,0.7645250065645326
6990,UNCHS003289,3.075442905462978,0.5969762344061348,10.743199988806964,0.8597380209605435
6991,UNC2201764,3.07647552175672,0.4652027309981221,10.752013384815655,0.8643003508490528
6992,UNC2201963,3.083170956384947,0.6257603939514514,10.713963728050885,0.7991314011211965
6993,UNC2202092,3.0840950615206566,0.7055028753693053,10.688649861155454,0.9496879693801676
6994,UNC2202366,3.0849001338210655,0.5860193998658203,10.643794831297328,0.7458019349966685
6995,UNC2202657,3.1136322581078275,0.441443641495568,10.575918763572645,0.8085048368939329
6996,UNC2202768,3.137726462768569,0.6080092256353696,10.52324853185064,0.7633422716549818
6997,UNC2202978,3.163403793335192,0.7805372099394341,10.529281681677503,0.9433846997083781
6998,UNC2203040,3.184233777866666,0.5159814717760735,10.374712725679274,0.7093787019231559
6999,JAX00012594,3.187491722675304,0.7098374488970245,10.351152705414052,0.8516872599811025
7000,UNC2203192,3.230489503319859,0.4086344444700554,10.05251743826966,0.9536746109773115
7001,UNC2203285,3.4145644539514706,0.5406901949269287,9.564209355899266,0.904556067239317
7002,JAX00276209,3.421205022139702,0.7100857497803026,9.522992358678039,0.7086596998845678
7003,UNC2203509,3.462303722508068,0.544687032032193,9.19627277274617,0.8876277522681157
7004,UNC2203633,3.3400860032870696,0.41028938192738557,9.09119736579487,0.8658400484349987
7005,UNC2203950,3.0631314616607597,0.651147666568602,8.888661659759691,0.8509722314450027
7006,JAX00012603,3.232695115649676,0.6519074887059174,8.3647217540381,0.9438627257222953
7007,UNC2204464,3.225724863993946,0.626715996322554,8.16210753390692,0.9992502580358124
7008,UNCHS003291,3.225679927940746,0.5665527283885453,8.157905108436353,0.9348156348120322
7009,UNCHS003292,3.2249705311028265,0.46828845916742273,8.076723313711454,0.9448759016627534
7010,UNC2204652,3.2318950537853652,0.5689301949811956,8.114930755414434,0.974845896033163
7011,UNC2204803,3.245197768286289,0.6343055381707502,8.179798446208224,0.9782204288762132
7012,UNC2205212,3.2659643971533114,0.4315977874994785,8.28180542609607,0.9566534302297893
7013,UNC2205364,3.2794325817048957,0.44051888412776535,8.339517065746804,0.9596142774992931
7014,UNCHS003293,3.2922331531435702,0.6681303425127173,8.404169150221605,0.9375315280554621
7015,UNC2205541,3.2926340704570976,0.38189221191392336,8.406317330838192,0.9189692079370946
7016,UNCHS003294,3.2958533802966485,0.4401487146483112,8.411921590655993,0.8993649930388927
7017,UNC2205626,3.311219001473546,0.6549507556266277,8.440088016001255,0.9703557397040202
7018,UNC2205787,3.222281282363838,0.49719677852711686,8.920920555394787,0.9119414853098037
7019,UNCHS003297,3.2130701180446977,0.7638232844988786,9.221946019911911,0.9855667520432275
7020,UNCHS003298,3.1502881230730964,0.6135109188403194,9.443374892458678,0.8366143995104565
7021,UNC2205970,3.154692961724777,0.5265671498175594,9.4704152221625,0.9476741297328936
7022,UNC2206079,3.1623420836751848,0.5645388044149615,9.539702198926761,0.8921476018584535
7023,UNCHS003299,3.1699228469615264,0.6763936872156789,9.624015625995526,0.9827640295694328
7024,UNC2206209,3.1703153507141906,0.4840356839388977,9.631148106857381,0.944535360350076
7025,UNCHS003300,3.171380582204165,0.5806648857199278,9.643099294199146,0.9789269673861561
7026,UNC2206313,3.175214283846344,0.4110012984529942,9.68652246607553,0.8447086216195385
7027,JAX00276258,3.1809335134871617,0.6266551396057672,9.759237512655318,0.7860888699145441
7028,UNC2206502,3.1854758469253284,0.7578584799566326,9.823741952719729,0.9929086904332766
7029,UNCHS003301,3.187061188637699,0.49271743292142595,9.847430460518126,0.812952379307139
7030,UNCHS003302,3.1880504341143023,0.7228120812209723,9.863232045259338,0.900134589721187
7031,JAX00012619,3.190378334566958,0.616745003459146,9.902001796573813,0.8755140823906092
7032,UNC2206673,3.1904659127080777,0.6478374543427579,9.903513252886114,0.8245984671651203
7033,UNC2206871,3.195775542651745,0.6126535315761478,10.003147233180016,0.8059694361653322
7034,UNC2207116,3.2011279367452516,0.7590152671070524,10.127644116574174,0.8351456142006017
7035,UNC2207536,3.2142812711626902,0.5272397684070352,10.384488904892805,0.9495692411517631
7036,UNC2207758,3.214550587495296,0.5262664967298049,10.630956933064908,0.9831442381226834
7037,UNC2207925,3.214332446546905,0.59096922502839,10.890430349516691,0.8760458744082091
7038,UNCHS003303,3.212769932805031,0.5108868355559988,11.213450711768928,0.8302946821778027
7039,JAX00012629,3.21229432480186,0.5592527040779938,11.261963050914346,0.6673952649518713
7040,UNC2208362,2.7081089415942188,0.5633487220522336,11.314168401457891,0.7526369981946829
7041,UNC2208564,2.338222824983177,0.7988609635037492,11.529529776425079,0.8246070821432586
7042,UNC2209570,1.9366418447739306,0.7903664425684801,12.182392016042286,0.7889590897399226
7043,JAX00276319,1.9195054119472843,0.8465126357576916,12.207744445273875,0.5602705421975102
7044,UNCHS003305,1.8781015722563552,0.7958976454395708,12.219556000524335,0.7264586012207876
7045,UNCHS003306,1.8757075842104314,0.8251392371891351,12.238275165475443,0.6740190377538398
7046,UNCHS003307,1.875989668712009,0.8479006906662341,12.27162813362088,0.7272921694044989
7047,UNCHS003308,1.8986659890611008,0.6768078778932601,12.281216233653595,0.6390359026638801
7048,JAX00276340,1.8502688626629151,0.8551122890934485,12.599452662513386,0.734773250535985
7049,UNCHS003310,1.818278419225635,0.8583511416242521,12.857329746673031,0.6423917146414824
7050,UNC2210873,1.8181680329544179,0.7544416069643064,12.858683943426513,0.6046440726814485
7051,UNCHS003311,1.802754946073037,0.7120961023288999,12.856035821726437,0.6039722540917201
7052,UNCHS003312,1.8014690599247842,0.7640800838883814,12.844107781343155,0.7184847554543845
7053,UNCHS003313,1.541354646267564,0.7045559273903588,12.78719841476186,0.8434682257653161
7054,JAX00276390,1.5322732817201086,0.7536991512485294,12.914485244843263,0.6398365911068216
7055,JAX00012662,1.4560780252541008,0.8538689994284238,13.25668705639032,0.3733376644177911
7056,UNCHS003315,1.2426613459024338,0.8045616504438953,13.655811879814792,0.5043717030541399
7057,JAX00276436,1.156011279661243,0.8643979791502077,13.778558825858681,0.5691357913884867
7058,UNC2215164,0.9588431047613994,0.8788049632828897,14.054502770905856,0.645284599914503
7059,JAX00012673,0.9550976329439891,0.9808614624130937,14.061342097609895,0.4837677566753874
7060,JAX00276472,0.9464636981542753,0.9998051348679782,14.042616397567826,0.6572389634613788
7061,JAX00276473,0.9464309338375188,0.9881293277201649,14.03863625966278,0.29343476131306717
7062,JAX00012680,0.888140215917474,0.8961838200866595,13.992237329752697,0.5600788440615645
7063,UNC2216194,0.8970323790147177,0.9031683912668336,14.013091366402705,0.5748929774991401
7064,JAX00276495,1.0026151514894082,0.9512483600676377,14.215187443572859,0.3459892336912062
7065,UNCHS003317,1.0276751288733976,0.9838640093081888,14.251755856618729,0.6098096822656079
7066,JAX00012686,1.1411745520254044,0.941418191712521,14.384565257093982,0.3903641469484999
7067,UNC2217887,1.1535658822006098,0.9199767320115935,14.38518916035946,0.3858211385563999
7068,UNCHS003319,1.1691552683448663,0.8531645537966001,14.387354058158962,0.3018311065348227
7069,UNCHS003320,1.169542047320192,0.9203814191388995,14.386628870457798,0.48672845332370057
7070,UNC2219145,1.1600509080733445,0.8998125677667806,14.296040170391507,0.41163280099513866
7071,UNCJPD008541,1.194667189892698,0.8823811752487108,13.686900780347969,0.637771583871349
7072,JAX00276545,1.25626897408074,0.9284124208349603,12.951231056809092,0.5152429733547609
7073,UNC2220523,1.2621732046927718,0.8822610321104036,12.908145231441722,0.5309275047124591
7074,JAX00276553,1.2889054137949643,0.8578410067841753,12.644014338799934,0.7254041645953383
7075,UNCHS003321,1.2992678128262014,0.7884178782465833,12.564425592698399,0.6424549181868373
7076,UNCHS003322,1.3043950072762982,0.9407508349792284,12.247152386443304,0.7718525565780557
7077,UNCHS003323,1.5616411832447739,0.8845995079373692,11.258656295570745,0.9113850217683654
7078,UNCHS003324,1.5177348796764818,0.7015152278248848,11.522036785344199,0.8967376165797003
7079,UNCHS003325,1.334236921756883,0.9100960593861533,11.169399441708947,0.7676930077675103
7080,JAX00276565,1.3181702485658207,0.7757975255543009,11.168014461562507,0.8878440954207831
7081,UNCHS003328,1.2156055387222295,0.8127874008562981,11.17688270627923,0.8782475832798845
7082,UNCHS003329,1.6696370122149347,0.9051732287658613,9.343455617444079,0.7723979403272175
7083,UNCHS003330,1.7189107755232271,0.8371212545173945,9.330278852104811,0.9670462732950609
7084,UNCHS003333,1.7351238822539017,0.9099227446419889,9.271991307345615,0.9795171790399478
7085,UNCHS003334,1.7399463987378567,0.8541406117217155,9.293085898640811,0.8278711122341101
7086,JAX00276627,1.7163330655839673,0.9870115361494756,9.381986387342295,0.8675646913952566
7087,JAX00276628,1.718913459691521,0.9455378853696241,9.380173243420359,0.9110729009350691
7088,UNC2225062,1.7229853630774414,0.7866238074499867,9.377122565259242,0.8149854151992717
7089,JAX00276631,1.7153625054363602,0.9490218745205453,9.439037156012091,0.9968777451329393
7090,UNC2227722,1.6309614576020977,0.7653525835668995,10.282400508908268,0.8137439567513226
7091,JAX00276686,1.623535558273261,0.9364503207582263,10.306156534297997,0.8585734445821783
7092,JAX00012756,1.5322859453963247,0.93394199536845,10.67048483889107,0.867514918434457
7093,UNCHS003335,1.5132169361800152,0.8714643234841059,10.60423446865093,0.8887769008496955
7094,ICR4215,1.2909998357899894,0.8470432698144248,10.748586589456863,0.9157632425491664
7095,UNCHS003337,1.5480341995375966,0.8886939437116335,10.95708813437409,0.7448353660127357
7096,UNCHS003338,1.5642324472214568,0.8135314322855363,10.97253545958597,0.7819380254110538
7097,UNCHS003339,1.564151858191508,0.759582039728448,10.972669855573258,0.8082136280921337
7098,UNCHS003340,1.5622816527795749,0.8220629407088252,10.963335483977517,0.7598314435941679
7099,UNC2233773,1.5481910621729185,0.7619989640787997,10.8933456712532,0.8002853269986013
7100,ICR4217,1.5015357045967903,0.8992237174780289,10.839513312244435,0.9046934750042264
7101,UNC2234151,1.5014760988631224,0.7978183060460501,10.838413148111158,0.912410153960223
7102,JAX00012781,1.4979230145331712,0.8447687967676315,10.723049347978986,0.6955547277074802
7103,UNCHS003341,1.4966184548725323,0.918160347516739,10.670800928096696,0.7643126013596205
7104,UNCHS003342,1.4974773099374943,0.8108379707446067,10.663485668779686,0.8515288582320075
7105,UNC2237199,1.5016801271026452,0.727917639387262,10.642583328208275,0.8664749151159883
7106,ICR4219,1.5321477010138551,0.9975164548127622,10.492664769829616,0.7378364805813726
7107,JAX00276779,1.5882861547077027,0.9576540102488976,10.383369333598921,0.7396959620448971
7108,UNCHS003344,1.650159925591197,0.9030994629618972,10.32161231741361,0.9887485931926459
7109,UNCHS003346,1.8611017564801386,0.8608669064043322,10.199465963080229,0.790523102667723
7110,JAX00276786,1.8691413910053143,0.8942219944589389,10.196128679166804,0.7593039657222164
7111,UNC2240061,1.880847176428233,0.87060741122721,10.187835335572572,0.8235823751351374
7112,UNCHS003350,1.804605836308383,0.8989921496201171,10.353895122108725,0.8760541629287286
7113,UNC2241411,1.75186449738203,0.8259620320414107,10.520301926185766,0.963887785566949
7114,JAX00276824,1.7190543624262773,0.9272550641138675,10.604477370081213,0.8182829971736969
7115,UNC2242836,1.5903788615005396,0.9077066955159905,10.05366764787459,0.8367024926390848
7116,UNCHS003351,2.2809169261274747,0.6318744537684027,9.173208813850124,0.9216668578765692
7117,JAX00276896,2.354941229606993,0.7755167256507935,9.25567043266824,0.9232702155492898
7118,JAX00012819,2.4045003078394984,0.7246452903211013,9.344634192777221,0.9941005574352055
7119,JAX00276903,2.3890463134323454,0.5878900835095259,9.351472949789468,0.9401146187667796
7120,UNC2245374,2.3764563091326636,0.6116148291683888,9.35826312993504,0.9774833394940978
7121,JAX00276918,2.3939906327213976,0.6816416158581315,9.316274353037898,0.941271462757161
7122,UNC2246604,2.3954505384249387,0.9220470736654636,9.307029440722545,0.8796293995727884
7123,JAX00276927,2.3754337478160323,0.7035693609219045,9.344133989763804,0.9343770671922139
7124,UNCHS003353,2.3509048006299054,0.7537126358072229,9.401824886148006,0.8005009403073023
7125,UNC2248460,2.350417516738844,0.7512465155889217,9.403870129311827,0.9934387103115294
7126,JAX00276948,2.350473343093199,0.7706356251330116,9.40262712604067,0.8171156040786833
7127,UNCHS003356,2.354099322268439,0.5455280761209602,9.322783640547414,0.9228424165934579
7128,JAX00012850,2.357124721123,0.701428189059012,9.29367653287818,0.9952386568809347
7129,UNC2252169,2.366232217304514,0.7412253984687631,9.254975989724016,0.9182813974709424
7130,UNC2252898,2.3734779193266604,0.7889394180080084,9.222947655198368,0.9955329626619496
7131,JAX00277033,2.3755741492425386,0.6279650919980433,9.21367327497478,0.7441279052282962
7132,UNC2253664,2.448549581158204,0.7934605380997045,8.989130219530807,0.989355424234349
7133,UNC2253841,2.4708558624922716,0.7799454353097611,8.920306979857969,0.9530257208144829
7134,UNC2254287,2.353084162870573,0.8077713325317769,7.972952123890309,0.859261913426306
7135,UNC2254395,2.3045393088455057,0.8268805380349143,7.985158909106758,0.9414546976482567
7136,JAX00277058,2.329958151673736,0.7096125535453546,8.010689666030203,0.9461215812311055
7137,UNC2255298,2.3941861043012977,0.7360456286273597,8.773919305071558,0.9912180063384403
7138,JAX00277072,2.391876029099194,0.7008704527974624,8.774513451931625,0.8931255298770134
7139,JAX00277075,2.384348042200827,0.5617275273851426,8.775923665544951,0.8769191627457715
7140,UNC2255724,2.371512371748622,0.5251292741287434,8.77805886137935,0.9613636572750277
7141,UNCHS003359,2.3969855074567477,0.5871907446729556,8.717966076917037,0.9842510430396443
7142,UNCHS003360,2.4642848882865565,0.6903849025060455,8.550166023126394,0.7455590515220212
7143,UNC2256103,3.2095598964547207,0.5738333840500526,8.462933052810058,0.9510578734719841
7144,UNCHS003362,3.208841526691913,0.6240545414918147,8.46255412868436,0.9949156313698908
7145,UNC2256396,3.2015699372723248,0.46065825453818765,8.458925065898711,0.9176388728290917
7146,UNC2256531,3.201451628386849,0.5797190173310204,8.459714867678485,0.9653460333061892
7147,UNC2256930,3.2009392659213063,0.46771740698498904,8.462221413666839,0.9681776540722228
7148,UNC2257136,3.20060822583946,0.3549911050722307,8.462854115793789,0.9266358996818187
7149,JAX00277094,3.153202813785356,0.7676249676505695,8.426813859055073,0.9609895932410479
7150,UNC2257532,3.0906274114031476,0.7195746528909276,8.405969384689797,0.8711020734438443
7151,UNC2257702,3.089530282210035,0.7583260329100392,8.405817190022844,0.9541291499175489
7152,UNC2257840,3.0889385327498076,0.7913435425542724,8.406171143428082,0.8702139731567046
7153,UNC2258162,3.090258016673033,0.46623396896172387,8.406068354923036,0.9620599657837186
7154,JAX00193987,3.0900707840705763,0.6058949076878294,8.405622722621047,0.9374819546723839
7155,UNC2258403,3.090000107121341,0.5629174015578073,8.405447971981857,0.9906977757254607
7156,UNC2258733,3.0895770213148808,0.7310523175935902,8.40359212657927,0.9014060400392092
7157,UNC2258834,3.08931327125174,0.6011401435229082,8.401274433008439,0.9955890109999174
7158,UNC2259036,3.088841686707383,0.5698046349411281,8.398585487715991,0.9256872172501311
7159,JAX00277132,3.0886596120535614,0.6089451726391903,8.39755397582394,0.9124323284615204
7160,UNC2259333,3.088093589525897,0.5084765520277084,8.394328960279381,0.9987720690687093
7161,UNC2259491,3.087570515691368,0.4611684002086316,8.391320016272857,0.9977078063080431
7162,UNC2259642,3.087035551541703,0.6405801618451196,8.388037708929915,0.8024359503117369
7163,UNC2259961,3.0864484669480134,0.4882355178932266,8.38449215519654,0.9438111339796836
7164,UNC2260073,3.081460057350796,0.4169277680793089,8.38480195084503,0.9557321359762669
7165,JAX00277156,3.0917733850715194,0.5174671559536301,8.447779655984277,0.9914621583139219
7166,UNC2260665,3.1081382360623593,0.5265572219407317,8.60133722174919,0.8502618446955663
7167,UNCHS003363,3.222998568890034,0.49117584578563994,9.189508862801631,0.9283877860923855
7168,UNC2261326,3.39847732704402,0.5497985928770389,9.688672939198568,0.8877944311019548
7169,UNC2261599,3.7287639575749836,0.4355264486414903,10.40390515321269,0.7357402845999997
7170,UNC2262204,3.6258096180638404,0.6015573658568918,10.398127571461146,0.946441583200528
7171,UNC2262327,3.589188682981785,0.2777370474130875,10.386001210264794,0.8583353880054897
7172,UNC2262691,3.438246270959098,0.6133047952134256,10.326833114161445,0.9081329785143342
7173,UNCHS003365,3.407888819869868,0.38602559312683615,10.312486256291095,0.754520156657814
7174,UNCHS003367,3.376962434315601,0.6024669753915146,10.297056156292683,0.8697249946177232
7175,UNCHS003366,3.3424191801200323,0.5332976716710275,10.319535298535811,0.8653716452184048
7176,UNCHS003368,3.3192507772246245,0.5809011079189629,10.38533446447218,0.7964487580723696
7177,JAX00277190,3.257316436256133,0.3866520126604538,10.199278083411627,0.9776731787577775
7178,UNC2263131,3.0180714522994094,0.4695684465693829,11.974899060425969,0.757001905456633
7179,UNC2263378,2.8868850042790655,0.7188446185017553,11.929065108947725,0.7430088511820424
7180,UNC2263707,3.0190675774235842,0.4750602585096166,11.846846293410863,0.6628016807982542
7181,UNCHS003371,3.129226895699503,0.7088423625346291,11.857556655917506,0.7733580476811064
7182,UNCHS003372,3.18411047954919,0.8791056738314462,11.894851245365999,0.9906107909495387
7183,JAX00277229,3.2928920660106087,0.41510734397019505,11.947532436951406,0.6838472731458566
7184,UNC2264371,3.292971427900966,0.7355786866137138,11.947485941120021,0.7514718045025446
7185,UNC2265856,3.2904463111738096,0.43673109222144985,11.904705360470189,0.8429364851149397
7186,UNCHS003373,3.28343348077874,0.5886624832119758,11.848350000226901,0.7032595410042799
7187,UNCHS003374,3.2824741285189702,0.7896899644358014,11.840045241571488,0.677065396954773
7188,JAX00277276,3.284229449564009,0.601575468613035,11.784585670189244,0.8251299609077557
7189,JAX00277279,3.284221682080897,0.4773337816440719,11.783143250811463,0.7627428194637524
7190,UNC2267466,3.2780204902815058,0.4399608617071846,11.733801773927098,0.7679263932137308
7191,UNC2268571,3.2692550012793617,0.46060651303818245,11.583148370531035,0.736558039002581
7192,JAX00012935,3.988738439222061,0.3496887728699087,11.729740970714147,0.6890382326134603
7193,UNCHS003376,4.178401171904625,0.2609079413863228,11.704460616057759,0.9718038752549752
7194,JAX00277311r,4.185568367056476,0.518787096048725,11.70043148730224,0.8000125611340224
7195,UNC2270759,4.193003057743226,0.37367587913215106,11.694965810564554,0.7367882953598487
7196,JAX00277339,4.226215551501355,0.36658555094172995,11.630867956445854,0.8002144554051318
7197,UNC2272160,4.225270706545643,0.2311746204668913,11.62442543826296,0.8468547922146754
7198,UNC2272837,4.62280521386424,0.2973995010279206,10.893269570463417,0.771816293147456
7199,UNCHS003377,4.664171854138203,0.30434318806471905,10.49047592927127,0.8055084672057504
7200,UNCHS003378,4.667286128509431,0.31028317197130495,10.474210194232,0.7491840565269217
7201,JAX00277358,4.679062730397163,0.30806610983141464,10.582914370258777,0.8321787975714096
7202,JAX00277368,4.682815271344907,0.25951285871056173,10.50148329086528,0.7201017563593737
7203,UNC2274099,4.687794373763609,0.31504661931483324,10.430837332306737,0.9898971158855919
7204,UNC2274460,4.703176631383485,0.26875836342632925,10.30273684815188,0.9324248469734072
7205,JAX00277400,4.703263968854571,0.3680538796870411,10.308413989127985,0.7894540763422885
7206,UNCHS003379,4.70406671884075,0.25047550228743803,10.309543795205627,0.8909607951145837
7207,JAX00277404,4.703918719435023,0.19171047999408922,10.309770026525939,0.8625770050471142
7208,UNCHS003380,4.70383833020901,0.5411086133042288,10.310240278996616,0.8900303432204221
7209,UNC2275421,4.706451000233983,0.22691865832567282,10.311256716780917,0.6811091791092106
7210,JAX00277419,4.694441828515437,0.15037674923185415,10.492763546379592,0.6745404022359617
7211,UNCHS003382,4.585713740284973,0.4454516979156411,11.002748573679355,0.6330860844444908
7212,UNC2276133,4.58574597772963,0.3441620299822429,11.001425212606136,0.706051339123601
7213,UNCHS003383,4.585835427306847,0.4011352077234111,10.990934545838627,0.7324360639580269
7214,UNCHS003384,4.585831579579235,0.36623121297463157,10.989390092003532,0.9872387810256784
7215,UNCHS003385,4.585852937123491,0.35464872508001377,10.987088393510021,0.9178558596212638
7216,UNCHS003386,4.585886471803406,0.23187310847723813,10.984564384240912,0.8447008121866926
7217,JAX00277455,4.585874015453555,0.28389244397845687,10.984250545279565,0.9898780719622883
7218,UNCHS003387,4.585054261546702,0.24280350079300125,10.981042825551185,0.8561177766982265
7219,UNCHS003388,4.585206810146701,0.33536762276927296,10.979479211478974,0.7424107633022361
7220,JAX00012981,4.585482878089579,0.4446779200239116,10.978669821721496,0.787488614638034
7221,UNC2276552,4.587689499182034,0.143130546776561,10.972352211452744,0.7098305072928952
7222,UNCHS003389,4.597884388863804,0.2771898818077756,10.954354236527934,0.8476118631145771
7223,UNCHS003390,4.599217349788887,0.2372539945907877,10.952362616028722,0.7923694048170089
7224,UNCHS003391,4.601180010612097,0.2435356225304854,10.943359187802116,0.8839077587832579
7225,UNCHS003393,4.601365802490136,0.3003213574865272,10.942150840385011,0.6976676212352562
7226,UNCHS003392,4.601701185378488,0.20883772775906417,10.941784551987666,0.6505615257499044
7227,UNCHS003394,4.606258126400462,0.33681369469369404,10.937240896048024,0.8054077611512099
7228,UNCHS003396,4.606655218666219,0.24857530552132007,10.93698913270805,0.7473961495857149
7229,UNC2276819,4.609554392446171,0.19649454917074596,10.937505397946552,0.9160739213329775
7230,c1.loc177,4.620037712003295,0.34224329476411913,10.954227861125446,0.635222126879853
7231,UNCHS003397,4.65533045367647,0.2268638530987184,11.033472288751454,0.7495888706932687
7232,UNCHS003398,4.720251991692066,0.283216426863666,10.96513965683721,0.9831850899889107
7233,UNCHS003399,4.744908499526446,0.3051407814290513,10.903491672171867,0.805372934963946
7234,UNCHS003400,4.707425707550556,0.463923412188055,10.231112624314846,0.9927671508534947
7235,UNC2277237,4.815049622000743,0.24748298675351718,10.225735788075326,0.7234235682176644
7236,UNC2277817,4.620394634343256,0.2916582623507125,10.362048923611155,0.9090358736311901
7237,JAX00277486,4.6211128181812455,0.21022078542559808,10.364462144289519,0.808374284942712
7238,JAX00277505,4.626434488913674,0.32874403893722326,10.398048427126923,0.8491000068318726
7239,UNCHS003401,4.619023973431467,0.3222257583229339,10.45598780854425,0.6851651540191337
7240,UNCHS003402,4.614827853873521,0.3385656292967997,10.457362447069272,0.7308198446657549
7241,JAX00277512,4.685796077191753,0.23562587589696599,10.472063578961297,0.8203280311970576
7242,UNCHS003403,4.682640862813059,0.24586366228242196,10.492926832193916,0.758781204874541
7243,JAX00277518,4.681000022605531,0.20775315630333752,10.496148454409195,0.7274519932091426
7244,UNCHS003404,4.693587137021723,0.256224269300616,10.509895261294105,0.8146318648896516
7245,UNCHS003405,5.046368513238349,0.23103303641639755,10.941861697205013,0.7858268159177952
7246,UNCHS003406,5.330304298576721,0.23241998928020496,11.185754564151011,0.8191366599110923
7247,UNCHS003407,5.582521097436711,0.19219999108563138,11.635374342124578,0.7031117159310628
7248,UNCHS003408,5.646185338875057,0.17629235109676628,11.633168655412192,0.7778229663646632
7249,JAX00277542,5.650187199536731,0.13418875079912856,11.842976872286727,0.6656246827071512
7250,JAX00277549,4.675375587166627,0.25448139084199956,12.067649240555738,0.6811141584508322
7251,UNCHS003409,4.674920372588758,0.19312239124569977,12.073998021674925,0.6455199940670172
7252,JAX00277551,4.673636805794331,0.37238113394545796,12.078068982269315,0.9136745249126978
7253,UNC2279553,4.657707930225115,0.29288901229596637,12.128785507668908,0.5202873051229451
7254,UNC2280244,4.54358890830963,0.2240641959122166,11.826941131688272,0.7943697719388881
7255,JAX00277581,4.505578602356309,0.21715257120777048,11.70247801651658,0.6500572571941228
7256,UNC2281004,4.468395356920155,0.4248008092024225,11.62535730856439,0.61548186579393
7257,UNCHS003411,4.469990566690058,0.42339521587387774,11.625652553167356,0.7804360753299527
7258,UNCHS003412,4.290072434671401,0.5143375892142397,11.866003922761138,0.780391678541916
7259,JAX00277611,4.432943811352743,0.3887470939097132,12.150057037266379,0.8078121785456003
7260,UNCHS003413,4.464809511926887,0.2558718563268328,12.188950859607303,0.7220697467543952
7261,UNCHS003414,4.472089374626421,0.18096787010923235,12.19891221156945,0.8245329824757741
7262,JAX00277633,4.477649661698251,0.46337336939095897,12.225274024937335,0.6478865095999675
7263,UNCHS003416,4.464498252959629,0.2516709837593897,12.230315388405415,0.6945766698016654
7264,UNCHS003417,4.4205247135375885,0.2667509092578883,12.307652618608472,0.769489341035116
7265,UNC2282641,4.41235822775775,0.29942100181810233,12.31198554718867,0.7495117101326335
7266,JAX00277655,4.39005583586254,0.2911687621959442,12.31346291393379,0.5107094356562131
7267,UNC2282828,4.3869842486278685,0.39206962863461897,12.398181796683275,0.7210201626769588
7268,UNCHS003421,4.38726731547149,0.2151367452736832,12.468695818390643,0.7469523239808262
7269,UNCHS003422,4.4036937265123015,0.24496053280939478,12.538569304330395,0.4827229208135426
7270,UNC2283051,4.402827211301883,0.22787487043779978,12.618346181933703,0.7845291914675693
7271,UNCHS003423,4.27750578691348,0.406215455088595,12.976988219068971,0.6664541739206586
7272,JAX00013074,4.27402290223381,0.3576768495248169,13.030884036889574,0.5633831700073285
7273,UNCHS003425,4.1648763228688495,0.39859431516773897,12.705704050245231,0.9082357842683658
7274,UNCHS003426,4.137310282694216,0.3011818582731858,12.664478828110077,0.46650542344539536
7275,JAX00277719,4.093098818298131,0.3537954212599566,12.601405379325115,0.5325908015833163
7276,UNC2283882,4.079570139555244,0.3943091758410051,12.60768930210611,0.6551497114155139
7277,UNCHS003427,4.0961575875212475,0.2725369042312949,12.622461395885466,0.6606425556205505
7278,JAX00277727,4.098385316762233,0.41092168823824776,12.633394051682671,0.73443219105186
7279,UNC2284456,4.099915938112417,0.3836685747794098,12.640854358763136,0.5806503081370399
7280,UNCHS003429,4.192329261926261,0.28771478741663853,12.646363295716583,0.654701385714427
7281,UNCHS003430,4.225193579859479,0.4088932486548432,12.652213590606152,0.5605213602482062
7282,UNCHS003431,4.224022056504509,0.35233406735666345,12.65806189654586,0.7229100054150215
7283,UNCHS003432,4.224068658118995,0.2798384751482589,12.660066839950332,0.9147263093006592
7284,UNCHS003433,4.237181445752867,0.23350167875481886,12.44735162289794,0.8377673683051845
7285,UNCHS003434,4.239044631819979,0.35983675214093097,12.43364712326752,0.6384791931219395
7286,UNCHS003435,4.289152432533683,0.5173069459273769,12.389502897821785,0.692983626759552
7287,UNCHS003436,4.289065974908681,0.5595923513810274,12.39055363718876,0.9105079596461935
7288,UNC2286164,4.3086475706554666,0.25164194267182494,12.29466567919917,0.6431898250905335
7289,UNCHS003437,4.255656316462591,0.3399976232286627,12.208255667682124,0.8190494125878645
7290,UNCHS003438,4.248485241769913,0.294763890321605,12.203072034032402,0.8372927154619461
7291,UNC2287066,3.182221529152912,0.47982093032681083,12.136926140423611,0.6015513344071378
7292,UNC2287611,3.151509100062867,0.47122634000799984,11.993570823069149,0.9923292720237523
7293,UNCHS003439,3.2552915105568445,0.5507947451545728,11.823297373716741,0.7903785225148668
7294,UNCHS003440,3.2652258555867775,0.4106407637112433,11.812259942786568,0.9160278379343257
7295,JAX00277831,3.265420421780618,0.5790457462591366,11.73386601968582,0.836036726555411
7296,UNCHS003441,3.2649101471567974,0.6753940066353767,11.733459327281707,0.9573838977533503
7297,UNC2289646,3.2334603867948317,0.35702228158122923,11.708612690115388,0.6631256853777818
7298,JAX00277878,3.230989256403518,0.4876057902338589,11.709853851317348,0.7548226096200424
7299,UNC2290941,3.287872475044651,0.5525889459568953,11.23890543954758,0.9142245996957996
7300,UNCHS003443,3.302336102648951,0.4147112796419455,11.035596386085217,0.7018221297852318
7301,UNCHS003444,3.3025968449785523,0.44159250016903234,11.022901344705588,0.8270434459255324
7302,UNC2291918,3.3022395596515253,0.5589010550312895,10.9758359939417,0.6196338888512515
7303,JAX00013133,3.2883554480783914,0.36211296551339467,10.98275953010193,0.9611372352786144
7304,UNCHS003445,3.282872650266654,0.4419808586278288,10.986228038997297,0.73795873606072
7305,JAX00277939,3.2755947969358203,0.6633537621579185,10.990393179554758,0.7551819848203023
7306,UNC2293549,3.245045733493498,0.860558944533263,11.00834839721665,0.8216683356323233
7307,JAX00277956,3.2440656603710067,0.4741136608356906,11.008959943578247,0.7443280138696169
7308,UNCHS003447,3.219473023689943,0.7999417194927487,11.035381012237622,0.7931147014722367
7309,UNCHS003448,3.215727316864104,0.36546855521110455,11.039605835133443,0.903242670776061
7310,UNC2294276,3.2127564945424183,0.5027604814452445,11.040971961992,0.8430911388189418
7311,JAX00013153,3.1453830268287675,0.6004652593068418,11.074283922276436,0.9300568825655695
7312,JAX00278002,3.145221550314318,0.5465923397263891,11.074372580528916,0.9561665944599373
7313,UNC2296562,3.1343966788813304,0.5986434410421878,11.082181078608983,0.897802030337969
7314,JAX00278008,3.1339326230079223,0.4550524132010708,11.086657143130196,0.8371836195348787
7315,UNC2297439,3.0729093698803354,0.6662642391983751,11.547574542610846,0.890790613332839
7316,UNC2297606,3.069204425123189,0.515207442771538,11.741434716436288,0.7501542183698134
7317,UNC2297993,3.0465475327780496,0.664052516277912,12.15573470322056,0.792886636144811
7318,JAX00278034,3.1336656537164345,0.5324895210048307,12.245175714150491,0.8971570956164566
7319,UNCHS003449,3.1882256345654696,0.5587169033331941,12.284887603070729,0.6752288001675312
7320,UNCHS003450,3.219337035447552,0.4569057249556178,12.291295720479411,0.8908428716064077
7321,UNC2298825,3.2173661349095255,0.5883812365150831,12.297987382182555,0.7128580560316843
7322,JAX00278038,3.2012710613262243,0.7311104352167604,12.351754586282595,0.5336347119798327
7323,UNC2299232,3.172956683477196,0.7478916812838923,12.443633380551773,0.656159643444789
7324,UNCHS003451,3.1375404349582823,0.44413958305889434,12.555180149473927,0.6182311773453775
7325,UNC2299680,3.137276093854098,0.37762513636789524,12.556091172182505,0.5968773613511079
7326,UNC2300019,2.8939352505813076,0.6154047401753149,12.493677054804948,0.743024049170155
7327,UNC2300321,2.855722651775068,0.5817516862727329,12.560948661896418,0.544203900175325
7328,UNCHS003453,2.822343494607594,0.48174100349279353,12.676532975084456,0.7451133724816389
7329,UNC2300648,2.8152195371390007,0.6103436231355217,12.701680809889467,0.7002536418502293
7330,UNCHS003454,2.814614058818279,0.7496654954894354,12.703783738135826,0.7581184557833751
7331,UNCHS003455,2.7834430348827937,0.7218598671376649,12.821490275761334,0.8352958436879873
7332,UNC2301013,2.77405350359345,0.6762429778792549,12.840036530886664,0.6943843133643659
7333,UNC2301301,2.747607937117891,0.7754398800171184,12.903852753320052,0.5721107497599597
7334,UNC2301595,2.7137377263627513,0.6476918588208197,12.99013103537618,0.9121823722700819
7335,JAX00278071,2.6940307016209317,0.8225087420391235,13.044486785052186,0.44010891558950443
7336,UNC2301802,2.6786504660512946,0.46357925624656665,13.117086477647263,0.4125851804875923
7337,UNC2302038,2.731377302341116,0.5475827126285047,12.911683793981865,0.6487712276066988
7338,UNC2302405,2.7862578674748875,0.48671167271346716,12.725581691072875,0.660105988429241
7339,UNCHS003457,2.7898229561367316,0.7232231194061616,12.715487165577315,0.5389579696295459
7340,JAX00278077,2.7899840704762937,0.5376371441792446,12.71456794290907,0.5338227319332296
7341,UNCHS003458,2.8282442818053823,0.9113883624488127,12.640779756855636,0.816378054506193
7342,UNC2302893,3.08490778380974,0.5604624012536557,13.708256540557613,0.4903591012892491
7343,UNCHS003459,3.098800535215105,0.5955570093264453,13.77343735886825,0.5518826229310229
7344,UNCHS003460,3.1615174218468383,0.3969316459317377,13.824466281328796,0.7717333654000277
7345,UNCHS003461,3.4366829209527623,0.443334325928521,14.006349086575256,0.5144182423011543
7346,UNC2303100,3.635271396162352,0.40639575161137736,12.922313080275899,0.898241930799672
7347,UNCHS003462,3.635802549657683,0.5105370409665542,12.922834439548069,0.6713566305835849
7348,JAX00278089,3.637626054760858,0.467988574548807,12.932763024916994,0.7195377386615694
7349,UNCHS003463,3.6976626476869114,0.3107029399508766,12.9993248414944,0.4541380839133994
7350,UNC2303705,3.7171268165027413,0.4898601849230913,12.992797029187386,0.810653743371212
7351,JAX00278105,3.7173975467667333,0.3007572087322264,12.990641963624512,0.5774778441786631
7352,UNC2303909,3.7178977602384293,0.5560767759091627,12.986933529880844,0.5922813507506655
7353,JAX00278111,3.7177906179838374,0.5502204768309742,12.985507756199922,0.5938351896469394
7354,UNC2304212,3.717208889984704,0.534192000026265,12.980811665445344,0.5451085709997733
7355,JAX00013206,3.71682820183446,0.43702300591725146,12.977359304702532,0.5596007041710247
7356,UNC2304544,3.715919704126918,0.4009204011498208,12.971268591619946,0.9051946943366087
7357,UNC2304821,3.7032182650602863,0.4905643916249211,12.975804427270077,0.6971290237448996
7358,JAX00278124,3.7017225467413937,0.3567722222175247,12.973631548831463,0.632950844109581
7359,UNCHS003465,3.7013597923789803,0.4254447396776551,12.97311724680685,0.7997822740953884
7360,UNCHS003466,3.7002081499174437,0.5527390156963973,12.971247426889704,0.5859134181500688
7361,UNCHS003469,3.700007597396734,0.379758390220739,12.97088651046738,0.7437376447761008
7362,UNC2305100,3.699964901643625,0.6262706182431415,12.970804054175233,0.6207593142801554
7363,UNCHS003468,3.699701968374711,0.37375796247089554,12.970106102624868,0.720822017561266
7364,UNCHS003470,3.603444839943222,0.3628936908498784,12.71029519219178,0.9088341062742832
7365,UNCHS003471,3.4129728213426915,0.3695109868249629,12.204418373314866,0.6525613063653886
7366,UNCHS003472,3.1825322314020923,0.7519082317537372,11.733082388400817,0.5666907445425383
7367,JAX00013215,3.180636514639673,0.6117131119087351,11.741384916380184,0.774694628140089
7368,UNC2305936,3.043191411151156,0.5984591871448262,12.033150953195445,0.6840569913299203
7369,JAX00278155,3.038448813901823,0.4622078338455994,12.061593340694799,0.6841266011339242
7370,UNC2306218,3.0895751635048327,0.5905517096665109,12.049315833572564,0.7598433540042555
7371,JAX00278167,3.063109068543099,0.5205951501421593,12.232416618228626,0.49418159853222166
7372,UNCHS003473,2.7681707027081757,0.41046446813937654,13.201362130361986,0.6352607036994063
7373,UNCHS003475,2.710036314618719,0.8352137296509965,13.780585341518417,0.5591180702208153
7374,UNC2306806,2.643523183314983,0.5711828811593798,14.05757672977279,0.7207216714291601
7375,UNCHS003476,2.6418564661282744,0.5159406844164828,14.059318280008256,0.5666509883725871
7376,UNC2307153,2.5202873928119516,0.6023099485023827,14.505707326289667,0.5189086562291838
7377,UNC2307484,2.76923136270716,0.5841169229391037,14.785045654155738,0.6406854304113451
7378,UNCHS003477,2.910737951115152,0.7062719535751532,15.026010856466428,0.40543822051988576
7379,UNC2307791,3.4320047440896815,0.4011105158759054,14.352290274064217,0.4745972517203982
7380,UNCHS003478,3.314591335845307,0.5231731498956664,14.196096692588526,0.5168375592899129
7381,UNCHS003479,3.517321476604593,0.5166072174414542,13.80145850837539,0.47574806595579566
7382,UNCHS003480,3.5347717283507336,0.3901175751119454,13.707447746920934,0.7329843035143786
7383,UNC2308096,3.54500124124138,0.4286257825547059,13.628520758604054,0.4490194275474189
7384,UNC2308417,3.5944571594782246,0.37120586409363554,13.196362236812774,0.5362513981656385
7385,JAX00278224,3.3972842044158824,0.6573056749237843,12.274036414705051,0.6633434401353551
7386,UNCHS003481,3.4033966905521993,0.41901470737804114,12.243455560125767,0.6005135928768811
7387,UNC2308811,3.562218068875154,0.44633511132423087,12.163784522425885,0.662037040653759
7388,UNC2308922,3.703586168860056,0.3600830872710775,12.155875738958912,0.8177562133310446
7389,UNCHS003483,3.7341739171004065,0.42322818935684453,12.157406653202315,0.712669353653454
7390,UNCHS003484,3.7215104632014118,0.3664200866439072,12.147780555032568,0.803216720839878
7391,JAX00013237,3.678568390432247,0.4676516360374838,12.143245608728648,0.8068109155223135
7392,UNC2309386,3.676961731092888,0.44120981239628737,12.143865563165036,0.6488271425220228
7393,JAX00278251,3.6300679738981216,0.28427054260498574,12.342283232023192,0.7250871005746407
7394,JAX00278258,3.628556391434131,0.4775233370440312,12.365341924215727,0.529571491731818
7395,UNC2310008,3.627690606941769,0.4658690776831089,12.37859879613643,0.7376406697582399
7396,JAX00278266,3.6112903398725393,0.44213484877990106,12.606556327974658,0.7841803720997246
7397,UNC2310499,3.6087661690578443,0.5852689580409732,12.64120699460318,0.6935809348033871
7398,UNC2310743,3.5968362882458678,0.43748517076747023,12.800104866657875,0.7053528046079349
7399,UNCHS003487,3.5754281628849185,0.34004021749893476,13.031225145396547,0.6994522955802567
7400,UNCHS003488,3.4510509991710023,0.5960828122760393,13.218490257506346,0.6527059772789191
7401,UNC2311313,3.4774271825158394,0.5896070461006905,13.264414594776554,0.6669978088692808
7402,UNC2311650,3.53815747576391,0.40083117064731455,13.36555064300569,0.7610753187634125
7403,UNC2311795,3.536285586582835,0.4596996491040683,13.384409559980895,0.5358011629785413
7404,UNC2312124,3.533830933207355,0.6991375086468721,13.415449838193808,0.6644427119089145
7405,JAX00278295,3.5351286788177276,0.5124399276592367,13.458559476192022,0.4946010421559544
7406,UNC2312583,3.8603921384869864,0.30936298626942377,13.666241903781156,0.5702686754232555
7407,UNC2312816,4.138859999805618,0.2923979457068977,13.629716874140286,0.4252881212868596
7408,JAX00278303,4.137793326089877,0.3049651311875019,13.633654696195663,0.7648999899243055
7409,JAX00278307,4.137623131026885,0.32872665482229213,13.63469980805985,0.5413974107916077
7410,JAX00278313,4.138503535396239,0.4514709333712392,13.642601126290856,0.9051031743298292
7411,UNC2313305,4.141094776015734,0.4417420865498538,13.665162934407817,0.6217168020679917
7412,UNC2313532,4.147144191411371,0.2806742002678306,13.67683834581112,0.6116450281759929
7413,UNC2314414,4.186598988244896,0.359318355281646,13.707940873329335,0.5245480320891305
7414,UNC2315284,4.210085790916764,0.4025139642740867,13.766259121841358,0.5613276189065209
7415,UNC2315817,4.244880520968081,0.2653583427672687,13.689624897966723,0.7899748715303799
7416,UNC2316495,4.315199251412878,0.32453912155554837,13.537211958929447,0.6781966241259548
7417,JAX00278389,4.332104125079468,0.295745698260994,12.791273992491597,0.6214341209099402
7418,UNC2317294,4.368349179778534,0.34586084370590975,12.773013047079075,0.6617896565773493
7419,JAX00013289,4.3960268374173666,0.2715494506465405,12.76243363485787,0.6073150373716151
7420,JAX00013290,4.417840189111303,0.2531729017151526,12.756092976305354,0.7913843607165096
7421,UNC2317745,4.418803163289567,0.24599996770819196,12.669442619750725,0.642361557216615
7422,UNCHS003493,4.4529428451796775,0.34646066564192496,12.659481848109408,0.718965529956267
7423,UNCHS003494,4.451530238666692,0.33755637329575144,12.673615913674212,0.642564118577572
7424,UNCHS003495,4.454666679653883,0.26310540252765113,12.678708970682464,0.6211615738657499
7425,UNC2318075,4.481506274677258,0.27844065410835034,12.728790858390994,0.5453480642203177
7426,UNC2318420,4.507658956501018,0.32985464529644193,12.80791004317075,0.7025815361621931
7427,UNC2318898,4.474373369383329,0.23060783109213226,12.831910578115412,0.9571892272322625
7428,UNC2319071,4.444274000216183,0.3607240845276706,12.844873104961607,0.6951572263556034
7429,JAX00278441,4.3712692272922595,0.32355031550270985,12.876822694383463,0.7180519534919354
7430,UNC2319663,4.37044439056217,0.27608567323261607,12.877629802029787,0.8650116886469971
7431,JAX00278443,4.375703769134816,0.30291818716786706,12.8854317178766,0.5470871329315451
7432,UNC2319976,4.401128932388019,0.3983566516136957,12.923386959108484,0.5865651670910309
7433,UNC2320214,4.447012548915154,0.3113900510886818,12.954924155706067,0.643365393794364
7434,UNC2320790,4.538789786511643,0.27285321594977235,13.01169591052144,0.42920666426738274
7435,UNCHS003497,4.566386044785986,0.22718520979639545,13.021201506001717,0.7782104352441611
7436,UNCHS003498,4.569795876230728,0.2035619248151603,13.021557787511483,0.8246818747901915
7437,UNC2321404,4.5907786888014925,0.3659019561554659,13.024662923859296,0.6010204966263794
7438,UNCHS003499,4.62219978311623,0.3846802029692635,13.03344859107483,0.5325093237205433
7439,UNCHS003500,5.106539415191492,0.2707113127707726,12.969846308420301,0.49960952796318925
7440,UNC2321934,5.226525220422445,0.27974093566052244,13.027695736913984,0.8352882087980588
7441,JAX00278482,5.29817836387565,0.2188110144556309,13.065848030767938,0.7925783064841349
7442,UNC2322479,5.372828493196721,0.1895971261670103,13.179054981188756,0.4672077922645682
7443,UNC2322932,5.476535489776097,0.2001020285807223,13.323339514800864,0.5619834863562898
7444,UNCHS003501,5.46368121512819,0.15857421890205387,13.468009115189943,0.6748800671359335
7445,UNCHS003502,5.449407308678474,0.15381900559790113,13.323329537281097,0.5448841803145076
7446,UNC2323301,5.461945099523746,0.1216942319646125,13.269949036544858,0.5411111718400129
7447,UNC2323627,5.300342319826541,0.20983044932452255,13.402783841729615,0.4700671451285915
7448,UNC2323823,5.057788090661006,0.18795219053621517,13.575695244743201,0.4412107409961703
7449,JAX00278513,5.060694569634279,0.22042870570947676,13.57339527123645,0.5381926876965022
7450,JAX00278515,5.0629121205633965,0.32743809597287865,13.56962039043924,0.5320610983890957
7451,UNC2323986,5.06456469754221,0.25637434951585014,13.55905610384525,0.5869031251075721
7452,JAX00278520,5.152635916894042,0.26571468892515837,13.444291650448577,0.8000695224260537
7453,UNC2324100,5.221122839928057,0.1690337619016038,13.229192693585219,0.5683496389520641
7454,UNC2324650,5.219666367547916,0.21076238587216461,13.158794528813587,0.7816984362476285
7455,UNC2324770,5.214947427251673,0.18615541136002434,13.146577657603984,0.6232328900650947
7456,UNCHS003507,5.211698156345392,0.34237236048417286,13.140267378141289,0.5586905024239287
7457,UNCHS003508,5.211033913953088,0.23313200863290015,13.140749342397157,0.4317411706049135
7458,UNC2325376,5.206789799223088,0.3251878795382826,13.14379781367461,0.560376738033386
7459,UNC2325950,5.201677545799839,0.256068845288122,13.147678684538505,0.47079450569927567
7460,UNC2326114,5.19922187862926,0.1990207993132814,13.149553255951787,0.7225746088287672
7461,JAX00278562,5.199089481922783,0.22729616715803236,13.149599233955087,0.573553101028791
7462,UNC2326313,5.212662973712668,0.18360721920546622,13.155626461557176,0.6931709552718601
7463,JAX00278574,5.219542784328269,0.17875821236073777,13.162441328824116,0.8907946856005717
7464,UNC2326977,5.214635279216964,0.4248237192300331,12.343197803596922,0.7595907581084381
7465,UNC2327170,5.247545721229699,0.19825770220241273,12.00695384772871,0.9458693524464966
7466,UNC2327373,5.2427102985723195,0.350391728085626,12.03331448144695,0.7091111741025868
7467,UNC2327735,5.161577909130756,0.15636890369560813,12.07483220442873,0.7286227938515237
7468,UNCHS003510,4.434179487304164,0.30019231176576866,11.017277308250641,0.8902984392483398
7469,UNC2328165,4.294602193979927,0.32527098506371,11.047755946683992,0.7661357923513731
7470,UNC2328501,3.9992651970110273,0.3985639320071772,11.18224410547441,0.7736231201338167
7471,UNC2329284,3.5656475593275445,0.5130982813167255,11.273504400030788,0.8739204513104845
7472,JAX00013370,3.5097515947586544,0.47363881887292975,11.291856401701352,0.8375930604398666
7473,UNC2329631,3.4940307353399476,0.3584121659834346,11.328968373808038,0.7662103578601137
7474,UNC2329760,3.5563460822618254,0.3860877044123856,11.35538626708012,0.8140332281225366
7475,UNC2329976,3.7929210184308886,0.433736584532295,11.302335460696213,0.6656491811991749
7476,JAX00013376,3.80110958883256,0.5386212329252391,11.325706198355192,0.9148508920535843
7477,UNC2330293,3.8226557721964127,0.4083885945115217,11.434681349520588,0.8691199680385507
7478,UNC2330600,3.9938446573773945,0.3941527509070304,13.03659065811621,0.6521598943928198
7479,UNCHS003511,3.971471756024812,0.4813682444324743,12.864085159256774,0.6877065182348618
7480,UNCHS003512,4.043590063814918,0.38953375124281037,11.519585789902976,0.784606651499024
7481,JAX00278656,4.269199751751103,0.45629425863150985,8.836561671950221,0.8217099034340112
7482,UNC2331232,4.264501795858905,0.31888616121551455,9.075564042635278,0.8336185130367492
7483,UNCHS003513,4.191841135076629,0.4323740208867261,9.72747971772992,0.8182442368260152
7484,UNCHS003514,4.186279859265596,0.35924053853024884,9.768325089950622,0.988704594156915
7485,JAX00278684,4.183700961368004,0.4096835490038834,9.784221929558043,0.8661796653513381
7486,JAX00278687,4.182303845386059,0.3549939304731878,9.786273880723229,0.9275739304224156
7487,UNC2331889,4.141709175131382,0.44053160388632123,9.827329172818736,0.8674053262665321
7488,UNC2332442,3.762748466721405,0.4378600131434579,10.225773071346111,0.9659938548730501
7489,UNC2333302,2.8953957644826005,0.6826375628173682,10.803058527478242,0.7596540399758406
7490,JAX00278711,2.9240044415660122,0.5440892569575729,10.873013504272876,0.7709164440847462
7491,JAX00278719,3.3579189328675056,0.5253155428645578,11.080153789501537,0.6921691900723896
7492,backupUNC012104434,3.369635919803386,0.5447126949694735,11.179739670290928,0.7383974139724735
7493,JAX00013405r,3.5016804204883556,0.5186534938281675,11.417987763208203,0.7498267187798713
7494,UNC2335828,3.6935187066994786,0.3889290106631885,11.399067092101859,0.8507328225765793
7495,UNC2336141,3.6885555493399806,0.4550508925964744,11.396118632053003,0.7200897795153008
7496,UNC2336333,3.6795699634919856,0.6230325991840524,11.394432453490253,0.8697014018221787
7497,UNC2336708,3.7097845916514416,0.5741685405728358,11.338691907082193,0.8350286559588846
7498,UNC2337122,3.831020320024436,0.28145197177441267,10.825747329543447,0.9048823675224837
7499,UNC2337583,3.887246920543703,0.44138200325989446,10.480729457469124,0.8082942286395725
7500,JAX00013418,3.883723492356694,0.29801605139902904,10.480212706602515,0.9377747159997348
7501,UNC2337975,3.7234601388006467,0.5683155798654219,10.319732300318947,0.8530127969181058
7502,UNC2338574,3.4082130416802556,0.3598885166119671,10.085331308554942,0.8129450785513918
7503,UNCHS003517,3.344612015092025,0.5889492476658496,10.055234588172198,0.8789598333075597
7504,UNCHS003520,3.1731881799901203,0.6029273479135808,10.126226743168445,0.7608607808178652
7505,UNC2338952,3.1119637945189424,0.5009804521911798,10.14804665075394,0.9241559968039151
7506,JAX00278785,3.1215931444044145,0.4730831110927582,10.180425808866403,0.8810484029190544
7507,UNC2339172,3.1213923457189594,0.547553187712249,10.20970918987382,0.9301565649888923
7508,c1.loc183,2.769998504382329,0.7028479033941917,10.165694395827359,0.8711054954037282
7509,UNC2339588,1.801903139330534,0.7658187523784332,10.138483129120004,0.8829954802337652
7510,JAX00278789,1.1340608169543884,0.9131329232175519,9.497101223818163,0.9991158705263643
7511,UNCHS003521,1.0971300583034918,0.9439194335234917,9.498448172682629,0.8864652808790238
7512,UNCHS003523,0.9833676199336878,0.7445401099050661,9.535010333308037,0.7529531428539387
7513,UNCHS003522,0.9962968606405411,0.8860552796281609,9.87122943219083,0.7349609242646725
7514,UNCHS003524,0.9750028279845537,0.9780024749986951,9.886898042263056,0.8075923645783748
7515,JAX00278797,1.1893330441600938,0.8672058203832251,10.247272054700261,0.9486621032007723
7516,UNCHS003525,0.995196229446492,0.9953065333511537,10.466181491751968,0.8336847394592862
7517,UNC010411561,0.9877358254984756,0.8954404461379823,10.455187957390535,0.8549967686975909
7518,UNCHS003526,1.065757078453089,0.9321962133705919,10.716464989546921,0.9023635073416201
7519,UNC2340673,1.0204651083186036,0.9338026568920123,10.715946514292227,0.7833458571004434
7520,JAX00278812,0.9764030926087344,0.85534354408688,10.676839985023207,0.9581297164683059
7521,UNC2341286,0.9801246729741706,0.936749116918368,10.589732858120897,0.9683772769415718
7522,JAX00278836,0.9812507606666259,0.8677496361569318,10.563695429094423,0.7914979020775744
7523,UNC2341594,0.9833437873307957,0.9657522135305457,10.518728158620888,0.9743856797238027
7524,UNC2342461,1.0210057823337593,0.7561249889961791,10.400340520023974,0.814887579066017
7525,UNC2342792,1.0170964529804678,0.9598428754994184,10.384239589046956,0.8109888577435466
7526,JAX00278858,1.0169814567670983,0.9346460486629216,10.383794076031108,0.9497338869727611
7527,UNC2343184,1.0135999213568994,0.9405867381559506,10.3705294738661,0.8793560414027968
7528,UNC2343495,1.0076350972776709,0.9127470070647046,10.343696847700812,0.937894736806331
7529,JAX00278867,0.9497059744655871,0.9508516240920458,10.447521190724956,0.8933406240776085
7530,UNC2344030,0.8982643441966047,0.8707426088331781,10.457615304992714,0.8008792864397363
7531,UNCHS003527,0.8618520238355813,0.9660518914719937,10.474032121170922,0.815568341789425
7532,UNCHS003528,0.8493515211823706,0.9199849303624449,10.547723340258926,0.9418143722177605
7533,UNCHS003529,0.8470788721117515,0.945927396104798,10.682003482107348,0.6405150684682929
7534,UNCHS003530,0.8263810901071338,0.9552395253713425,10.567045743315703,0.7998680288209011
7535,UNC2344488,0.8734093393534295,0.9636484204462287,10.28827225889313,0.8484299626474665
7536,UNC2344758,0.878135235295531,0.9876860216786518,9.926876766363648,0.8222981077476056
7537,UNCHS003531,0.8873110931688188,0.9490056995529934,9.884944610538014,0.9622153333110797
7538,UNCHS003532,0.887055016440172,0.9278294259673622,9.88302928807525,0.8256376140665661
7539,UNC2345143,0.8851048785491002,0.9921545393930257,9.869950894977592,0.9520578982573262
7540,JAX00278894,0.8859564828378552,0.9593888299425193,9.873086332637513,0.66041393910416
7541,JAX00278902,0.9049813781098237,0.9859835311912013,9.951778003211075,0.9146123796893476
7542,JAX00013462,0.9243367280205348,0.9929871067362412,10.03762325959542,0.8166574194003345
7543,UNC2345725,0.9227030088491119,0.957251393110926,10.027082054592938,0.8999443396844335
7544,JAX00278921,0.922808460001761,0.9048658819138136,10.006089825009894,0.7737355772017686
7545,UNC2345938,0.9228071829334112,0.9289962178633631,10.005099316142605,0.7786574691455049
7546,JAX00278925,0.9453394350234703,0.9672790800043183,9.851282760994536,0.9216858273940685
7547,UNCHS003533,0.9467394868302108,0.8572545771108802,9.84192237293837,0.7999329369686553
7548,UNCHS003534,0.9563844055664958,0.9799770865941156,9.778601991242112,0.8298959205798048
7549,UNCHS003536,0.9568986311658136,0.8741878805480644,9.770226111943202,0.9618150956675623
7550,UNC2346376,0.958485388122881,0.9417617200169419,9.742864039694723,0.8295107138103633
7551,UNC2346549,0.9687698403458853,0.8642702504659469,9.680548356588133,0.8322397636808534
7552,UNC2346886,1.0158406885759632,0.9081013391882815,9.562897410846517,0.8043521496891941
7553,JAX00013472,1.0351324466707865,0.9593436455977291,9.531037573770845,0.8726490006786409
7554,UNCHS003537,1.0370331623530546,0.9367183484387267,9.520116620580893,0.8719385722220508
7555,UNCHS003538,1.0509066637032447,0.8638121169713707,9.626929894872774,0.7636479961189051
7556,UNC2347185,1.0511687709367834,0.9268232533119086,9.625681559421537,0.983570380238207
7557,UNC2347411,1.057952971648092,0.8567425987531062,9.596370044481091,0.8925756793705346
7558,UNC2347566,1.0300031281590236,0.9804053977092059,9.34825345535819,0.9410743227819123
7559,UNCHS003539,1.0317564997828867,0.9619489503566514,9.34293018865219,0.6789750589085428
7560,UNCHS003540,1.0318104825257706,0.9251534288526048,9.359785979914477,0.9526371609934594
7561,UNC2347788,1.0332261104654208,0.9940926911604198,9.417857597722787,0.938578642113024
7562,UNC2348110,1.0371333819098254,0.9084345616218926,9.478297030315389,0.8513916225380358
7563,UNC2348602,1.048729056440834,0.8970552678009691,9.557204027781381,0.8193360661496814
7564,UNC2348879,1.0593476611079495,0.9268864506479384,9.592824457272627,0.7828617580575357
7565,JAX00278979,1.0632653090292479,0.9832085907600701,9.60181675615786,0.8380384752147857
7566,UNCHS003541,1.0649472170894114,0.9117777012961348,9.605173517761159,0.9601700791940757
7567,JAX00194166r,1.0943069479399128,0.8679138639204538,9.676389754296451,0.9382663177422097
7568,UNC2349225,1.1257847260508242,0.9172132246076603,9.748868638939257,0.9779511547381514
7569,UNCHS003543,1.1306448571083365,0.867676148916551,9.756921375046431,0.7923577279428803
7570,UNCHS003544,1.1396261622121528,0.8480741688531582,9.746758961780642,0.907253460230431
7571,UNCHS003545,1.3210491011818704,0.7859375509169559,9.874608968631946,0.9315411248797496
7572,UNC2349657,1.3221085452262287,0.8606305278350007,9.875603647109074,0.8955539660458203
7573,UNCHS003546,1.3350099632716592,0.8884591119422024,9.8879245154626,0.646509435355767
7574,UNCHS003547,1.3367652404249384,0.8414104598729185,9.743175603239479,0.9776820617929024
7575,UNCHS003548,1.3356124064293908,0.8312939448577508,9.709174774179473,0.8506338219129546
7576,JAX00013496,1.3335671698159786,0.9473009365282838,9.638440310509395,0.7895771122933039
7577,UNC2350269,1.3304191617980905,0.9168724968709779,9.534842072679567,0.8499815080345289
7578,JAX00278992,1.3297424273127945,0.7175571401686969,9.513382932249897,0.8284280501995583
7579,UNC2350552,1.3270610669605958,0.9192441185485631,9.468533817822845,0.9612521992797681
7580,UNC2350924,1.3311199169970678,0.7111443997019274,9.492765078552566,0.9770200420729338
7581,UNC2351202,1.3330287184558074,0.967327366097309,9.517431649007449,0.8623196793342294
7582,UNCHS003549,1.3370205554585937,0.929224803610702,9.526454373828756,0.8324900707590704
7583,UNCHS003550,1.344671735813563,0.9213677152603844,9.564739965251874,0.9284913984360869
7584,UNC2351616,1.4301574274509221,0.6995573624457553,9.663758738241086,0.9713329360992995
7585,UNC2351833,1.4549096282996743,0.85581706688431,9.757537027629724,0.9898828711592776
7586,UNC2351958,1.33520300315422,0.954668673619127,11.761198399020259,0.6840209000278106
7587,UNC2351983,1.152972606596677,0.9939594685481347,12.321491564078542,0.7591730882798252
7588,UNC2351991,1.1313754915727259,0.9943328213199321,12.38197424519285,0.7877908472479516
7589,UNC2352000,1.1159533978520813,0.9496576928636697,12.424570376211022,0.7401688321907763
7590,UNC2352006,1.0990787492655727,0.7775566980174363,12.470652663105056,0.5438056603878028
7591,UNC2352020,1.0896985192364355,0.9650454970860102,12.495839852726249,0.42673067938405745
7592,UNC2352032,1.077281477857241,0.964878234961114,12.529264056044667,0.6893606444900683
7593,UNC2352036,1.068188601031352,0.8629754527074697,12.553561415252489,0.9702320320071597
7594,UNC2352041,1.0575666663210086,0.9692469460466623,12.581789999358307,0.8245992515874117
7595,UNC2352043,1.0508653531981054,0.926260906163329,12.599517592547272,0.567813196026166
7596,UNC2352049,1.0425889251894205,0.9099117304990244,12.621332009412981,0.5247946106181266
7597,UNC2352052,1.037933267990411,0.8497915307957081,12.633566206145588,0.5728445036793972
7598,UNC2352061,1.0085006697891004,0.9857919507286224,12.710378523559939,0.7390576855580806
7599,UNC2352070,1.0011916272057988,0.9650939731150556,12.729317800880608,0.631502869101652
7600,UNC2352083,0.9931287143658665,0.878001583003737,12.750214781595787,0.6895693924221824
7601,UNC2352093,0.985502201482177,0.8643827565582469,12.769925442823023,0.535782221517772
7602,UNC2352097,0.9785487962581101,0.9865247165003401,12.787875719443036,0.5314105122183392
7603,UNC2352122,0.9621831644708436,0.9810461673600397,12.830081820460236,0.5549302751443782
7604,UNC2352133,0.9556712053756655,0.813308667477104,12.846873655719492,0.8272015314981509
7605,UNC2352134,0.9483522367254409,0.988739678990709,12.864683632077913,0.6016294620333239
7606,UNC2352137,0.7919363824701122,0.9699006363833897,13.24318116742711,0.5582148991470706
7607,UNC2352148,0.7592170716845885,0.9221515649037516,13.30608059008864,0.714319616485499
7608,UNCHS003552,0.7546862780327501,0.9299401544871742,13.31784278211967,0.681975208736834
7609,UNC2352244,0.7500206500365039,0.8839969976271341,13.657602648089096,0.5554452241797995
7610,JAX00279039,0.7460065904760995,0.9399294941962646,13.684549141730258,0.7115266852172862
7611,UNC2352490,0.7116178470432715,0.9768350781735347,13.872847335444021,0.40462633591693803
7612,UNC2352754,0.7998407600052815,0.8856330041769749,13.55890095739619,0.3992884602000467
7613,UNCHS003554,0.9205843098873174,0.9403138215154464,13.34495339047885,0.549998953165727
7614,UNC2353149,0.921154623908933,0.8942185001595591,13.344658699861611,0.8045648554430213
7615,UNC2353249,0.8755989383689666,0.8868078987944914,13.048354804710698,0.7735000533607328
7616,UNCHS003556,0.8891103450041555,0.9272552061910376,13.093575906476417,0.5621128679130997
7617,UNC2353860,1.274776443488463,0.8591280328401292,13.590371513833816,0.7203309111778146
7618,UNC2354328,1.2855705515983118,0.9734794918467407,13.646850388336361,0.5047483525508518
7619,UNC2354865,1.1913691707077305,0.9732704546701697,13.835533805882278,0.5611741499320675
7620,UNC2355110,1.1383679991233748,0.9633258314430361,13.967043319507866,0.411961181162034
7621,UNC2355402,1.1441178852087432,0.9463506802381623,13.99820235913512,0.5196695283443094
7622,UNCHS003557,1.1440847027179188,0.9526839319609393,14.000029472323831,0.5418182841415335
7623,UNCHS003558,1.1492415657789934,0.9530600951069305,13.997439967751916,0.5230203511734719
7624,UNC2356049,1.17249288622952,0.8386346749221224,13.984328731674395,0.4020894650847157
7625,UNC2356318,1.19306829153129,0.8814636350206388,13.969963100750192,0.5728615981129882
7626,UNCHS003559,1.2041013778587057,0.9118305097493573,13.963161550135055,0.4051092311597822
7627,UNC2356497,1.1996358653464085,0.8355347964922113,13.9893685886816,0.6653318338470002
7628,UNCHS003560,1.1718325260430902,0.9378642101634083,14.133400483981404,0.6389780680271397
7629,UNC2356872,1.1525198550129971,0.8719855220328325,14.245270925456225,0.40936259467430736
7630,UNC2357801,1.17535643444603,0.8445537142782058,14.249872139111858,0.3996188022899155
7631,JAX00279172,1.1773541656184534,0.9069373075464214,14.259140399266244,0.5098560277002399
7632,JAX00279173,1.1777963237550466,0.8705205675798585,14.26101992801,0.5284734231996315
7633,UNC2358125,1.1757588734349156,0.7422504786260602,14.333462533742477,0.6072815921454738
7634,c1.loc185,1.1685074275544594,0.9543537859927697,14.577707552899255,0.3602878609473526
7635,UNCHS003561,1.1618697037433776,0.8657237062334597,14.817166199002713,0.3903008125502059
7636,UNCHS003562,1.1608682057051283,0.9436072419492247,14.85475545671602,0.39738154147422766
7637,UNC2358746,1.1550056591468092,0.8939424387439353,15.080292566448634,0.34162629130817573
7638,UNC2359324,1.2839161618576327,0.9594127369824688,16.246813873980955,0.39505160211921136
7639,UNCHS003563,1.3369949851539786,0.8667061490512138,16.44527410348519,0.34812247911090743
7640,UNCHS003564,1.3585839772017607,0.8540241230610253,16.49816599785686,0.2931098014263933
7641,UNCHS003567,1.6992540352625838,0.9021369414505421,16.973934867841308,0.24973139876771683
7642,UNCHS003568,1.7155397117467146,0.9846638372652529,16.988250660179347,0.2450442936115086
7643,UNC2360298,1.7859838686590592,0.8867182585292979,16.920641545970284,0.20608207654727861
7644,UNC2360576,2.0075659427698156,0.8256608686072264,16.7271178809317,0.2904000467980226
7645,JAX00279194,1.9912510347048737,0.8133594800335365,16.757025183177802,0.3293541362933794
7646,UNC2360984,1.9844792424621573,0.819607332278634,16.755588798584313,0.22937989620246127
7647,UNCHS003569,1.9812816179564834,0.7662845688256827,16.753347202534997,0.2757662295294779
7648,UNC2361608,1.9731136581826831,0.8893561219516257,16.746854278009323,0.22010647626215676
7649,UNCHS003571,1.9707723577412253,0.8639047892158725,16.74444750034013,0.2322326427389693
7650,UNCHS003572,1.9699346944262288,0.7182291518317762,16.74343043104568,0.27970044052827997
7651,UNCHS003573,1.969107885250196,0.7905623820707914,16.742393246835945,0.2972553507010008
7652,UNCHS003574,1.9682450737093404,0.8103301248253104,16.741269715260387,0.21156972651408246
7653,UNC2362085,1.9616848634227608,0.7411259347870403,16.731581949047495,0.2234073200009747
7654,UNCHS003575,1.9581734472019434,0.7328324392179082,16.725551658132417,0.32541151151291037
7655,UNCHS003576,1.957083237486131,0.6706724298927542,16.717496461371866,0.3555016456955154
7656,UNCHS003577,1.953060782821467,0.8148856026343522,16.736976854059776,0.32270080129891987
7657,UNCHS003578,1.9516372950324694,0.7388032105231391,16.734781755766335,0.21246069133411882
7658,UNC2362411,1.952975204958875,0.9179497575480247,16.714464175635385,0.5212692153156054
7659,UNCHS003579,1.9526943582939111,0.5604635246759088,16.709972096963384,0.2401852671169324
7660,UNCHS003580,1.951001439816082,0.893277923792504,16.71280976796902,0.23540805162979736
7661,JAX00013575,1.9446008163024544,0.700152196974195,16.702350754001145,0.5144323710128125
7662,JAX00279216,1.9365372056006436,0.8963473935382895,16.686665223551245,0.23222195544253976
7663,JAX00013577,1.936647532906136,0.7355125930269109,16.67274196904191,0.27884894357699824
7664,UNC2363161,1.9332003865526985,0.758685491637608,16.665224615545867,0.25580463254995806
7665,UNC2363410,1.9327984608689803,0.9583583529715206,16.661044228749915,0.3481800699905545
7666,UNC2363967,1.8956911441143802,0.7965199697959722,16.683547657329427,0.20769200238262034
7667,UNC2364685,1.84382879484383,0.7722198613265827,16.697515360149055,0.23712593646404473
7668,UNC2364845,1.847859915485742,0.7739528532078366,16.68858108012637,0.2275303602094744
7669,JAX00279248,1.8517344870797388,0.8838974385107514,16.68573895100485,0.33670768643083376
7670,JAX00279255,1.8625987458424333,0.7240514631056503,16.674530695405792,0.26405613532896144
7671,UNCHS003581,1.8683944513527422,0.8642776905270799,16.668902463324685,0.1895200428788853
7672,UNCHS003582,1.8701024034880902,0.7830278744679091,16.67134611541246,0.2264845905237218
7673,UNC2365651,1.7943648705236228,0.8895811352743421,16.902758927148625,0.15320602301952413
7674,UNCHS003583,1.9639433730321798,0.8818791947433204,17.138715831542186,0.17593753804081289
7675,UNCHS003584,2.029714932348952,0.720207797650103,17.28476988229818,0.43309816318543254
7676,UNCHS003585,2.0786451921505886,0.7251264416538972,17.30493081940699,0.13072546088432732
7677,UNC2366861,2.081436510416097,0.7337274147152245,17.30510798498858,0.2773498233139111
7678,UNCHS003586,2.084603597709247,0.7643481642024134,17.30512853891537,0.2426350130813166
7679,JAX00279280,2.1313524017136842,0.7000293117959246,17.305163720844575,0.1982651116187258
7680,UNC2367417,2.154040207066373,0.9029960913684788,17.304372423384166,0.20783666656284575
7681,JAX00279288,2.8271555248450113,0.7995099813301734,16.375462869850935,0.21133119812288834
7682,JAX00279292,2.8302752264855826,0.7575534098715806,16.321686055279542,0.2979278552993631
7683,JAX00188952,2.834654159054253,0.8779000838017802,16.235011101893406,0.2861457500425027
7684,UNC2367854,2.8395021426924814,0.5856908149814951,16.180750310042185,0.40296181114035484
7685,UNCHS003587,2.8785672802205227,0.3836092381607578,15.646426063715126,0.42107665424803
7686,UNCHS003589,2.893252502675068,0.6045608315329564,15.618417147583159,0.4576476078922952
7687,UNC2368826,2.68393260021503,0.5526881264662181,15.604216578160958,0.4405198812187372
7688,UNC2369322,2.4060301833771973,0.6861471726284637,15.582221109935062,0.539274683477732
7689,UNC2369945,2.4445951082489046,0.6108967872650424,15.562486384494605,0.6416243224297222
7690,UNC2370484,2.459090087668528,0.6304518640855193,15.531575344475641,0.30503950395461854
7691,UNC2371341,2.4548573089755337,0.6983252032694027,15.522968742539433,0.4514845532452253
7692,UNC2371600,1.9123517247085147,0.8334850997064219,15.408125308850003,0.729438436375044
7693,UNC2371950,1.4097392561043307,0.9761091655600928,14.90515327748858,0.4996914187496182
7694,UNCHS003591,1.4045171809018484,0.8617719763103384,14.899763350939565,0.2633713352759845
7695,JAX00279353,1.406909461299847,0.9630751583085762,14.893022865130888,0.4161655624572241
7696,UNCHS003592,1.4070337387856853,0.9998061968575361,14.892685090864688,0.5473727022478548
7697,UNC2372465,1.4209005073951175,0.9690677284049553,14.856309244064278,0.6037069274853126
7698,UNC2372771,1.4356546647441064,0.9401615215211115,14.907894398575081,0.5404382116425657
7699,JAX00279367,1.4371945039231377,0.8189895529233302,14.9206077248964,0.49894058430839927
7700,JAX00279378,1.4398332920761732,0.9208923799470349,14.89465286369682,0.5139495074727777
7701,UNC2373064,1.440699606817816,0.7283672469006539,14.885925218032753,0.48702982250839943
7702,UNCHS003593,1.4863702214372552,0.9803464190795442,14.624301109260387,0.5241144604587852
7703,UNCHS003594,1.5134294888332533,0.7561340577946359,15.041282947599257,0.35339144314947596
7704,UNCHS003595,1.5904248782080685,0.9664598376762804,14.938428249182834,0.3335991398985945
7705,UNCHS003596,2.1982497649835295,0.8279931785238823,14.515953180316046,0.32999060027913146
7706,JAX00279382,2.196237081880099,0.7703681413743848,14.767206745200383,0.5708437786237489
7707,JAX00013627,2.1954978038247646,0.6700621966777035,14.835985774109076,0.7430915775939892
7708,UNC2373664,2.196249862469358,0.6536057790137512,15.407345265985441,0.36700690699190264
7709,UNC2374271,2.1980777369146836,0.7808035455875958,16.64074386616926,0.3331854040612879
7710,JAX00279400,2.209029212605401,0.7929428936439514,16.671946519317544,0.3214999073788576
7711,UNCHS003597,2.2204344978940753,0.6162298477574818,16.64603077000629,0.2590278373987519
7712,UNCHS003598,2.44924454938041,0.6319830335374602,15.340747670299152,0.6132658107548076
7713,UNC2374495,2.4530922102567274,0.8279445321411033,15.324526078907638,0.2463730557107014
7714,UNCHS003599,2.5280680496980494,0.7276535837528729,15.101952500083371,0.449251814921724
7715,UNCHS003600,2.521450133183407,0.5466851731435722,15.10203409478595,0.3515274353253653
7716,JAX00279419,2.521737875377994,0.6395728261727638,15.100769342753892,0.3581850665006283
7717,UNC2374985,2.5225600396024674,0.6343906202286508,15.096998487195606,0.27262669271683027
7718,UNC2375202,2.6836115920405064,0.8370395718558341,14.88170332403297,0.3629048518375746
7719,UNC2376099,2.6877438021897433,0.7191972099405494,14.854589558714451,0.35472879258070866
7720,JAX00279450,2.6894211417293263,0.5641756721556092,14.840406273697226,0.5198629707052264
7721,UNC2376911,2.6911686986391032,0.5717310367653384,14.82203225751664,0.5753497827356825
7722,UNC2377224,2.692676908146268,0.5925688528254934,14.801395891412312,0.34157361016598436
7723,UNCHS003602,2.7749749830820747,0.7023265683728465,13.941976315689772,0.3131590609079064
7724,UNC2378184,2.744837540817116,0.7710155623746339,14.096426253668824,0.49105731107009376
7725,UNC2378689,2.720698069075752,0.5936140700131363,14.17657951271849,0.48207846669978394
7726,JAX00279478,2.7068428177228725,0.8555997549022055,14.067038126498801,0.5205579674535236
7727,UNC2379007,2.6976990743746683,0.5775061647380458,13.984280770773694,0.4623317847052335
7728,UNC2379197,2.6860759703495205,0.5262982529875998,13.869051502749699,0.46088927344410413
7729,UNC2379350,2.674766158759212,0.4914271329806836,13.761152159719131,0.5673478622515796
7730,JAX00013666,2.6742931149724427,0.6142650126199615,13.744763910645133,0.57659332890304
7731,UNC2379870,2.672926649250485,0.5949051250160544,13.726561308880491,0.772269712513646
7732,UNC2380276,2.655848867877694,0.7132980941267434,13.697418417489871,0.7589862897323778
7733,UNC2381150,2.5737745110886863,0.5474808305860636,13.62925997202683,0.7194196019454021
7734,UNC2381472,2.5404594699716654,0.7870500778265511,13.610576607588428,0.7312828781769213
7735,UNCHS003603,2.558913236435046,0.6935944605929438,13.466341834230889,0.6125790843296295
7736,UNC2381954,2.5479182829615183,0.7828870112286541,13.429179365139817,0.6684453122073568
7737,UNCHS003604,2.9580965146924427,0.6802210864608352,13.472719825760123,0.8525147259630949
7738,UNCHS003605,2.7311315017773268,0.5991117619924726,12.843064231716426,0.5577355021244188
7739,JAX00013682,2.7621703274774063,0.5768859707718584,12.818977076224883,0.569559340440895
7740,UNCHS003606,2.723210637314878,0.6985426614837834,12.849494497240585,0.6125758694298864
7741,UNC2382936,2.8271445212749313,0.45522687604347617,12.466885228048568,0.6499162380452883
7742,UNC2383206,2.835928588955994,0.8086102771271344,12.37838645748866,0.9141898725629005
7743,UNC2383512,2.851454518163564,0.4796225259559891,12.288930920297616,0.8370403499863448
7744,UNCHS003609,2.787039704435756,0.5055103352561154,12.418916738167127,0.8003469512124055
7745,UNCHS003611,3.908633227571727,0.3575860336343348,11.618009840233526,0.5811848007181143
7746,UNCHS003610,3.9070717852230246,0.3906218415362205,11.623397283077338,0.7784038617044462
7747,UNCHS003612,3.8673514611832616,0.43339221586263676,11.668747203383646,0.8112178206196388
7748,UNC2384230,3.7940771998951277,0.41394399484354055,11.774446053912925,0.7701439717233729
7749,JAX00013696,3.7991219751015706,0.35600055652702356,11.764563287656756,0.7699608780091223
7750,JAX00279548,3.7970739875399886,0.40586600810711854,11.750456652949197,0.7541348409872944
7751,JAX00013701,3.7955696719791376,0.3068037132880173,11.741013968234938,0.6840851194181294
7752,UNC2384873,3.7952966365401153,0.4755116523783862,11.73929304392641,0.7096937695208488
7753,UNCHS003613,3.7939872624363034,0.48888594967974636,11.73103871212561,0.7429655976281665
7754,UNC2385554,3.7891515959195203,0.316076680965404,11.699862218393946,0.8402407427016672
7755,JAX00013706,3.7879138570651776,0.34123527742465154,11.685907793210163,0.8022161653686335
7756,UNCHS003615,3.7867178357405464,0.5674776112193787,11.671041669326314,0.7109594860092514
7757,UNCHS003616,3.786597826296429,0.3257807075338431,11.665689633668762,0.7544728953904125
7758,JAX00279569,3.7817951830654692,0.376737885883519,11.650949087295203,0.911179080314744
7759,UNC2386379,3.773596661798365,0.47859291157461437,11.624751836216547,0.8240786721467024
7760,UNCHS003617,3.720992315791591,0.49576096974454925,11.450815868406153,0.7582732321631834
7761,UNCHS003618,3.7167389369640205,0.48653625605013073,11.436087667092352,0.7598546815059929
7762,JAX00279583,3.6790672543354503,0.43726535290804064,11.463697586225862,0.9451715656213655
7763,UNCHS003619,3.655141497741397,0.5322165513267194,11.481897695832913,0.7734548258742715
7764,UNCHS003620,3.649705258290851,0.53101932678368,11.464699596213904,0.7226206199120979
7765,UNC2386929,3.64675549693402,0.47340876236485957,11.461327080465708,0.811166033276657
7766,UNCHS003622,3.633573030791922,0.33933300958308604,11.439658854356594,0.889872614142708
7767,UNC2387528,3.626041593874561,0.5219807186011296,11.426138103244512,0.7289521781830768
7768,UNC2387976,3.6114459646134947,0.6975643040424427,11.400080739093028,0.8617622991950169
7769,UNC2388354,3.4823404109761213,0.5649707658788031,11.351242775737774,0.851926133333073
7770,JAX00013725,3.4677034721894415,0.3524826768150066,11.34431551005332,0.7885769648270298
7771,UNCHS003623,3.458554853769783,0.5744837688857628,11.339508249540131,0.8790540567880961
7772,JAX00279620,3.615373387695854,0.5630023036670591,10.58415088580955,0.9754615703680163
7773,UNC2388894,3.8679186335305076,0.26894129220107843,9.812487641833968,0.9751487023405654
7774,UNC2389726,4.150450394837208,0.18254762365490945,9.328099655822143,0.9665388254049507
7775,UNCHS003625,4.214861698233335,0.26949543131989195,9.257817140945917,0.9593170596565653
7776,UNC2390037,4.5843132263730695,0.3301168399311827,10.026577195157643,0.8491719099060893
7777,JAX00279640,4.595003839521041,0.4726641875179765,10.01147633980031,0.9282007227083863
7778,UNC2390226,4.657734124672061,0.2866312400178971,9.85580097441175,0.9070789212219494
7779,UNCHS003627,4.701168779055024,0.2654543942072248,9.810454607771135,0.9973795018869193
7780,UNC2390508,4.897174932698363,0.1995186920956288,9.76336661512778,0.8344639941772252
7781,UNCHS003631,4.835978155219436,0.2647201126594145,9.224019643849715,0.8782871575506437
7782,UNCHS003632,5.067481352225741,0.4406335421088157,9.338116451207497,0.9991138204386775
7783,UNCHS003633,4.860854405751752,0.25817414505013214,8.835012904682344,0.9402940858446135
7784,UNCHS003634,4.778657207009019,0.33040793184307216,8.71088328852511,0.9441491764064063
7785,UNC2391194,4.882847333900372,0.3612239463995378,8.870101788071679,0.9490633920500784
7786,UNC2391386,4.924205498934043,0.20529585617288573,8.962852782295613,0.9581118009050136
7787,UNC2391513,4.9628016450656105,0.18260975238765265,8.992466828742408,0.866283593567233
7788,JAX00279668,4.963660663610426,0.2836535997732598,8.995446539414843,0.8466050750043081
7789,UNC2391711,4.967071095588381,0.2523923417173202,9.021983139708482,0.858658914785959
7790,JAX00279677,4.968754332613571,0.18179759783400284,9.044389039779162,0.873910356929903
7791,UNC2391907,4.969348109849307,0.34923320572052174,9.053020120906012,0.8534263488611654
7792,JAX00279684,4.969542837955942,0.14450158490825982,9.055127867851752,0.9754094553996313
7793,UNC2392042,4.978071759310524,0.25925674373540963,9.055141218210338,0.8514821241278615
7794,UNC2392256,5.0779586562525765,0.3102532353964829,8.944569032625168,0.9223147891486807
7795,UNC2392365,5.134088544615224,0.30794079616676445,8.900983274528926,0.9847308446306293
7796,UNC2392629,5.236317250483353,0.18487154856791957,8.905023742336198,0.9744840055090629
7797,UNC2392762,5.564525767071018,0.19312179944158753,11.253504438708433,0.7468008357124883
7798,UNC2392810,5.613714065602835,0.1782704462480204,11.316994011455563,0.7178532470841273
7799,UNC2392931,5.666452146746451,0.14884981663206462,11.396745638482116,0.6835799118296719
7800,UNC2393158,5.746406129124807,0.0915201220813,11.791902246255631,0.7607503582697887
7801,UNC2393187,5.759148142911954,0.14308828891050546,11.860314055910749,0.8780776788798865
7802,JAX00279714,5.801992989985592,0.12441935544664186,12.10222166652693,0.8486329516506231
7803,UNC2393264,5.777395212568308,0.10202732309642115,12.078024788453604,0.7548245019495541
7804,UNCHS003637,6.022500911420593,0.1111264697968219,12.15995574829276,0.6927007765612265
7805,UNCHS003638,6.405816677686516,0.061256117255056364,12.58331849266915,0.7374613708687523
7806,UNCHS003639,6.546178778446119,0.10546105437492133,12.605091045954623,0.5698981288698359
7807,UNCHS003640,6.4671848512057295,0.049347514009915217,12.873504762309722,0.5946547687342595
7808,UNC2393779,6.194408628560268,0.09562374572660087,13.503468843887504,0.584345869940111
7809,UNC2394017,5.838810093163374,0.1747345311064629,15.031381299269697,0.3984139276310922
7810,UNC2394253,5.939432151182245,0.11126110206116654,15.077537694596458,0.447171773196147
7811,UNC2394501,6.0464815518091655,0.1072028779374093,15.18949713838333,0.28421179572149097
7812,JAX00013764,6.051057753777286,0.11485901774505726,15.111728662562427,0.32045497795875083
7813,UNC2394706,6.052311758395035,0.09508655094076826,15.083276700323268,0.4871799844927875
7814,JAX00279771,6.059240821241474,0.115959020966547,15.040935667514532,0.38854594112531643
7815,UNC2394903,6.077111811865507,0.14378389878152775,14.965128598840238,0.36507780217779523
7816,UNCHS003641,6.072686079097366,0.1483101741447485,14.951704081917342,0.39755107808077494
7817,UNCHS003642,5.974176431913975,0.12026215766881045,14.021211902278537,0.6140366917116232
7818,UNC2395023,5.972057778145199,0.13707734442496997,14.005836709432515,0.48484912182096634
7819,UNC2395078,5.971042535200922,0.18297777652613592,13.98320013458715,0.5541998842587811
7820,UNCHS003643,5.972112109314821,0.12316083971424874,13.958440196975744,0.47556029313331105
7821,UNC2395136,5.9714699711091725,0.15387749982583598,13.956219547545288,0.48344672586094456
7822,UNCHS003644,5.482420314646561,0.17054170540269323,13.942882215797681,0.6876411716448869
7823,UNC2395221,5.518005315532491,0.19270468718825706,14.02230517612611,0.568215204718155
7824,JAX00279780,5.5068849024592055,0.14314609345871904,14.056547594883114,0.4758595117874451
7825,UNC2395299,5.510014020427661,0.18782966202935236,14.046723977529837,0.48778541277436444
7826,UNCHS003645,5.502228004720564,0.16926451919666008,14.220861423759743,0.5225253992011705
7827,UNCHS003647,5.490550995418062,0.1289639072127316,13.992548713529459,0.4971809631010316
7828,UNCHS003646,5.455587475871425,0.21010688729455523,13.86892291559002,0.48310826055273304
7829,UNCHS003649,5.401325548132036,0.15298894690344547,13.636158733248294,0.4649790235349141
7830,UNC2395384,4.215166367385336,0.28598220283596126,12.863338632113255,0.5431704724368704
7831,UNCHS003650,4.194752945867549,0.42871742692431514,12.801607239709256,0.6410736069028679
7832,JAX00013773,4.213492992695592,0.2280064499704536,12.707639020711213,0.4524224516672342
7833,UNC2395556,4.218378142525353,0.34693886947818925,12.670617596782222,0.6427280952217818
7834,UNC2395641,4.1738341789036895,0.820488932548385,12.400418889655157,0.6029848084668554
7835,JAX00279793,4.163784434321087,0.2881431622874523,13.042179362892512,0.5369239617819085
7836,UNC2395752,4.129976214336239,0.5426179272349996,13.609235429787532,0.7451759451978561
7837,UNC2395831,4.112986321133349,0.22566242109609683,13.559202908647194,0.45938065312246285
7838,UNC2396031,4.043653193368755,0.4230567786088165,13.396693167817602,0.6074766860727832
7839,UNC2396239,4.0418719996564505,0.293739808479282,13.470160826045685,0.5013869132436498
7840,UNC2396421,3.844541706320342,0.3326409159997096,13.63202458049227,0.7030812081093448
7841,UNCHS003651,4.293092784529108,0.32616742880705957,13.654666826525954,0.7446508114581424
7842,UNCHS003653,4.296259476746172,0.34028230317516844,13.657673169106374,0.5960511962250788
7843,UNCHS003652,4.296519958272938,0.28555559810783215,13.658280392259712,0.4198192428982419
7844,UNC2396636,4.296592726381732,0.377465471209943,13.659135477117161,0.45860413106890513
7845,UNCHS003654,4.299643362336383,0.3095012044662412,13.694415120736267,0.5961461590514677
7846,JAX00279810,4.3087497813498885,0.2977459778904911,13.855698682465118,0.5728523290069952
7847,UNC2396741,4.312775621448054,0.3184570285240312,13.939775234660374,0.5552636663353878
7848,UNCHS003656,3.9309110892540957,0.3628853688742918,15.580065042422575,0.531201916145516
7849,UNC2397212,3.7354487964835243,0.382866815076463,16.064751087627883,0.2810933869384543
7850,UNC2397343,3.7182777806144713,0.4350022610417249,16.060923027066792,0.2769242087954113
7851,UNC2397589,3.87978158474084,0.3791416390670308,15.568360586993776,0.2361740904301956
7852,UNCHS003658,3.2687983014270685,0.6783249384075105,14.999476770098681,0.4402578769126432
7853,UNC2397770,3.2013294203979967,0.47039650494420576,15.128647392127732,0.5339455784505036
7854,UNC2398055,3.131758777273717,0.5719128793267764,15.093540521193972,0.376737306699619
7855,UNC2398151,3.081012828293524,0.3993950077334258,15.102862026168395,0.49975731075205443
7856,JAX00279836,3.0676886850078517,0.5643032807473148,15.110505321674282,0.3424498759472129
7857,UNC2398354,3.0150375871703545,0.6875545199362513,15.152986912236884,0.46116240233768674
7858,UNC2398471,3.017126638013451,0.5291629809878551,15.168674604254193,0.26036302245396503
7859,UNC2398632,3.0247648764238875,0.726063339467078,15.21407840403026,0.31231984499784327
7860,UNC2398661,3.026237711719432,0.6996850692579606,15.182298621704149,0.2714597036677971
7861,JAX00013797,3.029719684225256,0.7312976382482782,15.120080244297014,0.3158966643632637
7862,UNC2398792,3.039528841198944,0.49301221509910254,15.156688811924141,0.3697847029960538
7863,UNCHS003659,3.0447501370699683,0.7856936213828646,15.17566750493188,0.6262490147453617
7864,UNC2398989,3.048210087842108,0.5622123876496654,15.188068978454567,0.5986695398150741
7865,UNC2399300,3.06685437832175,0.5978430721232322,15.25216530878447,0.4538068438210276
7866,UNC2399492,3.0839871001876418,0.5908839521617654,15.307633552025436,0.5079163389420556
7867,UNC2399677,3.876965208090951,0.45844898892218783,15.728128417174958,0.40881889465757965
7868,UNCHS003661,3.8869951439496617,0.41442810216595394,15.94306729184018,0.3027830412852121
7869,UNC2399918,3.887667510443407,0.3087085139166093,15.961896335657684,0.2100196855889861
7870,UNCHS003662,3.9005117886445078,0.609474647759235,15.982809157778092,0.3770422739585697
7871,UNC2400098,3.965106531378069,0.5703547412704825,16.091233525989082,0.23045530059515493
7872,JAX00279866,3.9795305328352697,0.360484617430172,16.11451898156247,0.36967603279549555
7873,UNC2400468,4.186742487986066,0.33771428546804705,16.42101315541686,0.3813966521967952
7874,UNC2400510,4.222689174200696,0.3273505238573632,16.427148932958517,0.2300563649450567
7875,UNC2400641,4.271064377423045,0.2833655450810798,16.412163487176258,0.3137083706751649
7876,UNC2400712,4.229648353628363,0.26272493724023227,16.352695728879098,0.3026925743508896
7877,UNC2400736,4.181895903138866,0.32427098899430634,16.293293199355503,0.24572971475117403
7878,UNC2400921,4.140123704233702,0.671621762832193,16.706867715077124,0.2547534609845957
7879,UNC2401213,4.0953519513250285,0.2708217596736397,17.176837720911863,0.23462231154497776
7880,UNC2401574,3.842637385893113,0.40092087962599904,17.470996930473802,0.1206473064963904
7881,JAX00279901,3.8437517667680368,0.4113033702462611,17.46363454151833,0.3054903535410945
7882,UNC2402097,3.803050001189149,0.2797031787791021,17.459949697598404,0.3706812086712679
7883,UNC2402317,3.7993925087287153,0.3828427353007197,17.46235888800311,0.20700231434184263
7884,UNC2402437,3.7925341554032457,0.4643481654047544,17.486896178952065,0.23481038988668979
7885,UNC2402759,3.825868076204415,0.3643158659342333,17.577749735297175,0.17752516783314704
7886,UNC2403006,3.8576171134500328,0.34104480170839546,17.62417874743369,0.1515242747343308
7887,UNCHS003663,3.8963334397703875,0.36110518601128855,17.678634797931636,0.1559987935882774
7888,UNCHS003664,3.8936206820601456,0.44651447449994464,17.78926334753487,0.18699469250802211
7889,UNC2403310,3.900248257509702,0.36143201142740367,17.820530476603153,0.22284421409634214
7890,JAX00013827,3.900400329447166,0.5497600677599229,17.82123753546557,0.22063826933312386
7891,UNC2403574,3.9163432741529505,0.499205035901902,17.89232734866482,0.2629585013344882
7892,JAX00279949,3.4957175296690366,0.4758769755353749,17.7084367393918,0.20965676899020103
7893,UNCHS003666,3.3107497304276876,0.5737343619100428,17.610222281139613,0.20828189077712114
7894,UNC2404202,3.0939418744576415,0.4338239968358737,17.547825285589397,0.1771643824087246
7895,UNC2404402,2.918114769588783,0.720073915465425,17.428569392477357,0.26122062084850156
7896,UNC2404605,2.8894161797820743,0.5291144355494434,17.65700224437319,0.28530130682446087
7897,UNCHS003667,2.8421522853439,0.548610840601404,17.969331171173053,0.21210672607734404
7898,UNCHS003668,2.592152757198619,0.686136064353963,17.76927156443162,0.1671855974916004
7899,UNC2404892,2.591525409243559,0.6660113593977671,17.77262520202953,0.17471043738014067
7900,UNC2405134,2.5371489896347157,0.6348118903361938,18.026716989411852,0.21747632591636723
7901,JAX00279990,2.5756793908126383,0.7744907504968008,18.208071741493995,0.1675527605106166
7902,UNC2405484,2.6412921624696537,0.7785114279502237,18.54557367292091,0.18527369359033113
7903,UNCHS003669,2.6800885377895156,0.8171178830976631,18.80947331880475,0.08643269041294768
7904,UNC2405667,2.6993899014255476,0.4877757864398787,18.975381876010715,0.15213959833911056
7905,UNC2405890,2.8476421809662043,0.6822580853112878,19.54247528161318,0.10124981541298113
7906,UNCHS003671,2.851566389783784,0.7061018685202831,19.560188876914708,0.11657915545514154
7907,UNCHS003672,2.8691228067812062,0.4330493287233598,19.63834185128212,0.10031750762956189
7908,UNC2405975,2.884357625398934,0.41171914786752634,19.639967429558965,0.136720874881928
7909,UNC2406227,2.889073905027999,0.7648419016202221,19.58369076231793,0.16384606334569649
7910,UNCHS003673,3.005824303018926,0.6370612450936871,19.294980848967043,0.136406861810011
7911,UNC2406407,3.0536661361261395,0.44415165404419193,19.15209740294972,0.2936099954565941
7912,UNC2406605,3.173190361476827,0.5056290836161387,17.99944026254343,0.20971486359598318
7913,UNCHS003675,3.181630433327655,0.545271474900957,18.001507328732487,0.16347066099312058
7914,UNCHS003676,3.195347549080225,0.6450599108479789,18.553129828105966,0.23975880279531536
7915,UNCHS003677,3.2460083948610645,0.5378799463585265,18.90854677438756,0.11926906628923427
7916,UNCHS003678,3.259547258343673,0.5467484155780761,19.026153861808552,0.11125029732393844
7917,UNC2406956,3.2423470788867235,0.5811993151516531,19.315495446510567,0.09003684830322818
7918,UNC2407295,2.8677179460883053,0.701545203298113,19.852870471923552,0.09296032606738155
7919,UNC2407534,2.909070824784976,0.8203312988978275,20.028931196500253,0.08699355600911808
7920,UNC2407694,2.937914263674429,0.6519760501464584,20.086407880799698,0.1363992979515793
7921,UNC2407842,2.9805889230801768,0.6805764693514377,20.179017426841938,0.07671312764490987
7922,UNC2408005,3.0076601105201917,0.5121625005545264,20.249090800328986,0.06390880431848014
7923,UNC2408360,3.0575313345716495,0.5473796919613116,20.406752877469216,0.04433157918416414
7924,UNC2408442,3.0303330494416514,0.6005843413726925,20.409508593426608,0.06562622385937415
7925,JAX00280029,3.0342305985766416,0.6402035403724387,20.416907139798013,0.05471235555008807
7926,UNCHS003681,3.0455599812955825,0.825857810235077,20.438539828334342,0.09552213242043946
7927,UNCHS003680,2.9874634461546066,0.6423419525587223,19.86970433942929,0.11323720945056258
7928,UNCHS003682,2.9879245400188665,0.44757998442103647,19.870700683768064,0.09224674809188824
7929,UNC2408738,2.9972864045057577,0.6854049593663666,19.89335532429277,0.12039674222304105
7930,JAX00280045,3.0023561360249005,0.5157710383608819,19.88234493478967,0.08575084335802902
7931,UNC2409134,2.9973942868527956,0.694568254763956,19.819238842922914,0.09927225485224245
7932,UNC2409375,3.0016870290123734,0.5607925946184849,19.326638184105832,0.13126995395808552
7933,UNC2409690,3.1963387311307088,0.6683429215316857,18.34646544904058,0.158196129095136
7934,UNC2409886,3.110140074244555,0.4533988808064706,18.02140722620925,0.09795834129303303
7935,UNC2410456,3.1232385975908983,0.7155718546916569,18.083341086005248,0.21008604995013505
7936,UNCHS003683,3.1550588606855854,0.5901925818300443,18.03138179258235,0.26727229429460075
7937,UNC2410542,2.955736313296484,0.5146879698704164,17.909136283263706,0.19644376760856863
7938,UNCHS003684,2.9548040948534435,0.5419568329683744,17.88490638927533,0.13466732863815895
7939,UNC2410888,2.938408805467816,0.3851068781335785,17.557704855512384,0.16453901594914336
7940,UNC2411012,2.9095444468111964,0.6638593000665988,17.473288096515716,0.2219216353649166
7941,UNCHS003685,2.9047375394673054,0.42653551225936953,17.458959399278456,0.3024486591493108
7942,UNCHS003686,2.9126175118008177,0.7609208029267531,17.259156202936538,0.25636970093655853
7943,UNC2411217,2.842949429736791,0.8035958093108978,17.15414108111986,0.19522048235363795
7944,UNC2411447,2.707584067058633,0.6511105099228918,16.921260588239193,0.23229435031894735
7945,UNC2411549,2.5894339944468356,0.6252453429048608,16.80020006864538,0.1473436719863028
7946,UNC2411775,2.406678492152423,0.8444387983081186,16.732380614972044,0.1996594626307667
7947,UNC2412049,2.2005413525357653,0.9473049905218401,16.546285877870105,0.33886552945206166
7948,UNC2412055,2.0786970001017835,0.9981191735833166,16.405803665553776,0.327752844721095
7949,UNC2412374,1.8185714400306097,0.903981343727446,16.159986631543006,0.42166545617158907
7950,UNC2412592,1.7184005987401179,0.9938150495147711,16.070822973323175,0.4142217285788264
7951,UNC2412717,1.6269202217849852,0.8861885701205776,15.99171511720283,0.31809284590885684
7952,UNCHS003687,1.4881875761830088,0.8232869454134661,15.834449882949684,0.33513622392176184
7953,UNCHS003688,1.4455628590035303,0.7986871972638282,15.786496173922387,0.5043794345938596
7954,UNC2412907,1.3472625309402702,0.783667812773966,15.677243525471795,0.34897380535366573
7955,UNC2413098,1.100116244243054,0.8865840440625785,15.436130896086752,0.3368282182931614
7956,UNC2413383,0.8812644309523421,0.9290558164522061,15.213920323139746,0.3039665033169367
7957,JAX00280107,0.6650091243091083,0.9935936685488053,15.26792177536845,0.4402137794543325
7958,JAX00280115,0.6325179122641202,0.9340962223865955,15.661034592832266,0.36409527953282866
7959,UNC2414787,0.6068128473325487,0.9947372923279161,15.813898519986424,0.7076785611112407
7960,UNC2414844,0.5953643217630997,0.9666499212365606,15.88284443011753,0.2935744345260795
7961,JAX00280127,0.5646516062943192,0.9838111852514494,16.068672385801847,0.25093274587896186
7962,UNC2415084,0.5615497986063929,0.9341890023203164,16.087469716383566,0.34964602072009193
7963,UNCHS003689,0.5537754432318707,0.9171384005174319,16.098023508862525,0.30977976611329233
7964,UNC2415261,0.546443217788692,0.9059210110313733,16.10881077176441,0.29764827821924633
7965,UNCHS003690,0.5461588717012091,0.936658595533256,16.110098487560663,0.3292674578319831
7966,UNCHS003691,0.5371720388807262,0.9888163059074746,16.153215433448622,0.39578214636232045
7967,UNC2415435,0.5372142241599249,0.9208910322192827,16.139070099416585,0.30807450179784296
7968,JAX00280131,0.5376918378060509,0.951201040316956,16.130286103286835,0.40003814505179375
7969,UNC2415693,0.5998327873426206,0.9331249688172639,15.622544453842465,0.3589137502098861
7970,UNC2416017,0.6922172509512166,0.9168140451898916,15.271945694991473,0.4310390557275031
7971,UNC2416218,0.5781507839076312,0.9368353615561197,15.98806672978867,0.3512268230319556
7972,UNC2416405,0.6577796496060273,0.9382590561705327,15.984916092669664,0.2977864114587468
7973,JAX00280135,0.6545818433542081,0.9670002462731483,15.988265740460292,0.2584973099381232
7974,UNC2416584,0.6059928341478553,0.9925804567168149,16.019641925787937,0.39751087205652025
7975,UNC2416863,0.546085853768318,0.9169205506190061,15.899022856397096,0.2415330893084474
7976,UNCHS003695,0.5250902926625258,0.9584299906101963,16.648834773062617,0.31175727027267686
7977,UNCHS003696,0.8186295681234697,0.9563762864246457,17.208615898047583,0.20699809601562863
7978,UNC2417256,0.8162883468803557,0.9595239723897376,17.32465310052271,0.35159931045429094
7979,UNC2417377,0.814598934413425,0.8990606238927227,18.05103877994884,0.1521619622452257
7980,UNC2417779,0.8307010049868495,0.9349826961173411,18.716471813517956,0.23916605429951326
7981,UNC2418189,0.8581404958904386,0.9049685960510683,19.302430224744967,0.09174597685694862
7982,JAX00280155,0.8701184211990949,0.9665236478150562,19.34714913471703,0.07552850583694203
7983,UNC2418493,0.8728152997118741,0.9229065665255155,19.35507922578836,0.11442764643429426
7984,UNC2418954,0.899721425765847,0.8841093839004602,19.46043939103606,0.12027200844165538
7985,UNC2419267,0.8915976988785133,0.9540730897706139,18.70442024412091,0.12656068293121886
7986,JAX00280177,0.8890122547666124,0.923789562139573,19.003699081908508,0.19791585720271404
7987,UNC2419649,0.8841185802561995,0.9687986343414764,19.064429061994588,0.09928798705997041
7988,JAX00280179,0.9028684203335615,0.9402273383748471,19.97127729953081,0.06842067651560342
7989,UNC2419854,0.9254590142236339,0.9456307250905303,20.180060114611933,0.055389778127583826
7990,UNC2419931,0.9740172409290153,0.9967005210653562,20.569324718381495,0.08661706280437315
7991,UNCHS003697,0.9181344014432398,0.9895189251342362,20.67201137695838,0.04399268134926962
7992,UNCHS003698,0.9331180265335206,0.8714009586476752,20.64828842452107,0.09363156414348464
7993,JAX00280190,0.9736685824459528,0.8684076244546414,20.59174076995987,0.05521231452173246
7994,UNC2420182,0.9842903122632833,0.9709250641716877,20.563634423383064,0.08196523598653659
7995,JAX00280207,1.007419073898518,0.9036808821089295,20.46759048748504,0.04766034398582062
7996,JAX00280213,1.0079277231761807,0.9787901835124773,20.467199204924327,0.050876988127222585
7997,backuprs33042623,1.0079583213514525,0.7859488445204955,20.46720355997104,0.06789025477773608
7998,JAX00280215,1.0081787261069621,0.9692403108478963,20.467173497170734,0.04726892389042099
7999,UNC2420632,1.0127463349988375,0.9145731092130946,20.471079713365498,0.07606010028957955
8000,UNC2420778,1.0464245011892217,0.9191522499246368,20.140450668348194,0.050057728794062395
8001,UNC2421003,1.2756993189575496,0.8777853463060942,19.24408111448861,0.07017834834147114
8002,UNCHS003699,1.3167626247991393,0.9523027792018345,19.164025043588936,0.12395193614995474
8003,UNCHS003700,1.0557136618385812,0.9375655750477276,18.115876082357318,0.16587873555371566
8004,UNC2421237,1.1919035127634743,0.9533191965321379,17.956980447221667,0.12032677784059402
8005,JAX00280232,1.4144071543209975,0.8953856643062612,17.98779764656524,0.11403950848737734
8006,UNCHS003702,1.558210318438796,0.9504722835761741,18.21163180352687,0.18586365699535626
8007,UNC2421343,1.784285562457626,0.9269747740623402,18.68844969005977,0.11273370242210574
8008,UNC2421448,1.9121591822190567,0.8050686344532163,19.25552287018695,0.06810102759409327
8009,UNC2421617,2.0390455947542705,0.7484873635902799,19.271675182329318,0.10045252662664522
8010,UNC2421721,2.034214487085137,0.8124505527345353,19.26591778414263,0.12240485156184207
8011,JAX00280243,2.034607101240681,0.8389131598293897,19.263558828625946,0.13978805255141427
8012,UNC2421865,2.028324988129498,0.8438569686236582,18.957614857283943,0.1325660589881427
8013,JAX00280249,2.0156262300911294,0.704227623909393,18.87045964338563,0.12350605501249591
8014,UNCHS003703,2.043048486063526,0.7591386536541017,18.92945764620913,0.2142113878094342
8015,UNCHS003704,2.089007586088428,0.6484963139494075,19.27273551653161,0.07281487500451456
8016,UNC2422003,2.0869019990211655,0.808579865980225,19.293914831894426,0.09799210407463049
8017,JAX00280254,2.085351409399891,0.734842042818683,19.283092967840503,0.07513594755017722
8018,JAX00280255,2.0848469470295186,0.5980609587755169,19.27961273312144,0.06355137393650075
8019,JAX00280260,2.056672208623013,0.7354679277228406,19.077428571453083,0.09341040084233464
8020,UNC2422349,2.0308619909387744,0.8455184562555892,18.616646175227288,0.10180816327430758
8021,UNC2422486,2.0099530783609225,0.8452534100413983,18.476301668787983,0.14321738953520569
8022,JAX00280270,1.9831254214300316,0.7503018080340038,18.288022538396717,0.2046807231981158
8023,UNC2422775,1.9516657445167311,0.74376059342952,18.039454341071405,0.19182422341593663
8024,UNC2422874,1.942731951487076,0.8687448272405677,17.96111044379245,0.2726225938540838
8025,UNC2423217,1.9146068823572477,0.8469303495515815,17.701980357603816,0.30517487549249306
8026,UNC2423401,1.76626607132539,0.8766101069273832,17.3652217925071,0.3363467714577514
8027,JAX00280293,1.6328597837700727,0.8488091944144934,17.157647758664552,0.20606431586820437
8028,UNCHS003706,1.6126484508190515,0.9217644143811595,19.124927773723357,0.08605216938413275
8029,JAX00013946,1.627769883287101,0.881417623960976,19.22755189398663,0.09959519745153468
8030,UNC2423738,1.689531353960092,0.8581863510513916,18.892937520995247,0.1655726757062013
8031,JAX00280306,1.7489314424833537,0.7347073942937359,18.29956792955454,0.13714831522656368
8032,UNC2424157,1.7748085453551994,0.826837963241575,18.18531807752629,0.12782178462138638
8033,UNC2424301,1.8593441242217068,0.8595759574693181,17.855564623675946,0.20739585663443325
8034,UNC2424495,2.0386977337757344,0.7332793560424061,17.43865141614947,0.20706656737503776
8035,UNC2424584,2.007139429781546,0.8622142599883411,17.296972111784953,0.15664582087987966
8036,JAX00280323,1.949580266093335,0.8815860665632287,16.833278903462997,0.3258017976971835
8037,UNC2424873,1.9495798856398778,0.8148987703724988,16.82771933909862,0.3391147336593719
8038,UNC2425277,1.950335698842082,0.8777937264507363,16.787849898530794,0.5452893104440683
8039,UNCHS003707,1.9503051587432765,0.5808174084442188,16.767226390200676,0.242292882563099
8040,UNCHS003708,1.9502611253760733,0.9207334032039871,16.76373844745376,0.27302381213274024
8041,UNC2425598,1.9502274236754147,0.5358113864905966,16.75916446850897,0.25238833126711674
8042,JAX00280331,2.2726372213148807,0.7563049647303796,16.57937868607496,0.3973805788515411
8043,UNC2425926,2.2885039240777587,0.829558885415683,16.54528324771536,0.2329352307513976
8044,JAX00013962,2.3432470250602364,0.7843503482782681,16.420773647690567,0.28995706514037956
8045,UNCHS003709,2.410181310999178,0.6419165790023875,16.327873222974176,0.3861881670204336
8046,UNCHS003710,2.546305853881904,0.6768974786521771,15.91639871798975,0.27222601919378303
8047,UNC2426222,2.6180018937116074,0.6747553477785697,15.914342263005892,0.35630055932315885
8048,UNCHS003711,2.7718925961764853,0.6725364719604252,15.776090062292269,0.5386297274175917
8049,UNC2426597,3.876775868707682,0.3405980391009601,14.641247461876674,0.47345706662248876
8050,JAX00280342,3.896306511401008,0.4591928841176357,14.565071889529236,0.6631513997198684
8051,JAX00013965,3.8983404141688425,0.3401788001788755,14.550223299709614,0.46792429817382575
8052,UNC2426833,3.896239110659508,0.3994741389037489,14.482296534793022,0.4004165987402358
8053,UNC2426932,3.9074156523665806,0.3569830952816649,14.468495936180943,0.5047903995648897
8054,UNC2427049,3.921695344697355,0.48492875636066335,14.46406196275143,0.5107723871968102
8055,UNC2427211,3.7660095050080145,0.6882741949647625,12.305575553694553,0.8356441283475767
8056,JAX00280364,3.770071839635648,0.43185651743697945,12.294461019683922,0.5617956369809718
8057,UNC2427369,3.7741188366092047,0.45087843383863035,12.278383226289407,0.5325778234304661
8058,UNC2427604,3.772433708817971,0.3868826578394519,12.230789635247447,0.7013463949655564
8059,JAX00280368,3.7722039843870334,0.4111807022857255,12.228881137521512,0.8391997521263241
8060,UNC2427725,3.778601584446733,0.2845038408987476,12.213874785941243,0.834208986143354
8061,UNCHS003716,3.6448775766241397,0.46107146346535816,11.996618783913846,0.7748574531758171
8062,UNC2427896,3.5822052094351875,0.5338629022602173,11.934734876612765,0.6935137756628581
8063,UNC2427991,3.4326022013783586,0.6481884109577126,11.873462848992858,0.7571009277143838
8064,UNC2428169,3.184755943137361,0.4397398549875055,11.953665018451147,0.9072537261827813
8065,UNC2428302,2.938954372011267,0.72072023979652,12.380610479451889,0.6567985685079264
8066,UNCHS003718,2.926311811876303,0.5081561546729207,12.407030419816692,0.6245945758816329
8067,UNC2428486,2.7123852858526334,0.6862199486831374,12.793085327130257,0.6231159998864979
8068,UNC2428632,2.7128533927391345,0.5256580902710564,12.778011424079523,0.6982538943654879
8069,UNC2428833,2.714548943226646,0.620733855277429,12.757831801118527,0.6189518773164778
8070,UNC2429051,2.7167124172312924,0.5996666331496785,12.731742753377375,0.49469531799962696
8071,UNCHS003719,2.7175839492970226,0.5303019050705381,12.720515730531133,0.526463914303681
8072,UNCHS003720,2.744364208877869,0.7375359188972697,12.045344841743827,0.7668570958852126
8073,JAX00280384,2.7778149598475466,0.5698255771805133,11.178196169632429,0.7427638618720043
8074,UNC2429481,2.750546341455447,0.5656179869340936,11.479003792153208,0.8563147967042557
8075,UNC2429602,3.0398404685558944,0.6597383122933321,11.232306957691662,0.8678066375768891
8076,UNC2429692,3.0425239253863765,0.7028116295539999,11.203755390374681,0.5813381115519136
8077,UNC2429882,3.0432479767468976,0.5789002080986577,11.182278107037746,0.8185815378904463
8078,UNC2430022,3.045914163359839,0.7565245558037985,11.159121698048693,0.9935857513207662
8079,JAX00280402,3.0476568340152426,0.866373929240492,11.1441206607185,0.7965076797392938
8080,UNCHS003721,3.049383374334866,0.5158930139219944,11.12952195782782,0.8313942572449935
8081,UNC2430277,3.0494182977645323,0.5351969806573671,11.12670637379415,0.6893668563623847
8082,JAX00013993,2.948969246456727,0.4976297217110515,11.133865251168118,0.9943017181288378
8083,UNC2430671,2.9407607444202313,0.3990280367609561,11.117056165417353,0.8182716842702356
8084,UNCHS003723,2.938624411143792,0.591271169375551,11.11254050410821,0.7498353118160528
8085,UNCHS003724,2.937100956637096,0.6766194841824711,11.109229309000966,0.7907145167253361
8086,UNC2431046,2.9247094445820494,0.5413856286843448,11.08216531256835,0.6111720819836147
8087,UNC2431193,2.9197438617320586,0.5738982248931865,11.071291474867849,0.8306443096741492
8088,JAX00280416,2.917976115944384,0.8871679611890758,11.065887934492366,0.8213926071820004
8089,UNC2431585,2.904081864295904,0.7070440082931697,11.036118922723972,0.8918250144954905
8090,UNC2431766,2.8975550707777984,0.48821127325819275,11.019567402579241,0.892889351652013
8091,UNC2431957,2.8458600842395754,0.5298139918597274,11.045749803697618,0.7515384029299682
8092,UNC2432093,2.742171086007602,0.6003748569361732,11.079426257595514,0.8777035975823733
8093,UNC2432243,2.6920551397622603,0.562515563178746,11.097723004711042,0.7504049465858662
8094,UNC2432408,2.6369021593131947,0.6975807883603219,11.118318814309532,0.7472432284934966
8095,UNC2432502,2.6248574669361915,0.7433490221832999,10.99703842421286,0.8019792672349564
8096,UNC2432687,2.596738416855942,0.9727411759960964,10.705297603941062,0.9028070502164981
8097,UNCHS003725,2.595625574403357,0.5635563748309386,10.703761930536984,0.957710127110102
8098,UNCHS003726,2.5611317797927313,0.5658194367879137,10.65973983953404,0.7831579594789801
8099,JAX00280436,2.5590216423597667,0.7841391762001023,10.661241185219751,0.7397161575570265
8100,UNC2433104,2.1803880732966263,0.898294621414982,8.727394529939602,0.7672882176520583
8101,UNC2433259,2.1335600801814962,0.6367885502560056,8.780296889581905,0.953568041605854
8102,UNC2433516,2.0791540380901097,0.6841257016532256,8.840987989052564,0.8817568507836425
8103,UNC2433755,2.0102230228924327,0.7079619066883369,8.920625567119941,0.8156877324280685
8104,JAX00280456,1.963660775979406,0.8048025027642427,8.97399879009231,0.7969261150046435
8105,UNCHS003727,1.9623230762820185,0.7353180683302668,8.975524561422844,0.9199558286687342
8106,UNC2433925,1.9591967639926224,0.7434422494010289,8.977490930245494,0.8191855796761194
8107,UNCHS003728,1.0931001595586167,0.9383558172563518,8.468689581637818,0.990354498473923
8108,UNC2434080,1.090536959743531,0.9494743086928777,8.475335367524622,0.9518673950164059
8109,JAX00014018,1.0838627892999284,0.9822945364947402,8.492535116009776,0.9390670450609763
8110,UNC2434234,1.0792948384989813,0.8016046665123644,8.50099142663612,0.8779994386849908
8111,UNC2434424,1.0307497895539655,0.9822767144685811,8.468294332621781,0.9617106394669308
8112,UNCHS003729,1.0191391563321304,0.9952128952229424,8.448836905692133,0.9733705010043203
8113,UNCHS003730,1.0102102334685696,0.9582107649056897,8.261135399092836,0.8651413091416197
8114,UNC2434587,1.449384159186593,0.947922962033968,8.073438077128912,0.960526350681705
8115,UNC2434804,1.4657825267095177,0.6492428166727428,8.173138867085981,0.9247832304341456
8116,JAX00014025,1.3685417827275614,0.7973792335663883,8.572285050290247,0.9408312772356515
8117,JAX00280474,1.3617866470490299,0.828900327258571,8.588825462343266,0.8897261276636833
8118,UNC2435259,1.3460640304188018,0.9067333354762407,8.624498474326856,0.9476530272859787
8119,UNC2435397,1.3823413445752522,0.8954419427871936,8.732552726542963,0.9761753256117305
8120,JAX00280488,1.3446681978916786,0.9636744585913599,8.837915119604531,0.8549907550206877
8121,UNC2435874,1.344352354914463,0.7647690208042933,8.8508539574309,0.8812768515062773
8122,UNC2436046,1.3491588648671495,0.9860895961529943,8.957305544256997,0.9477976946816725
8123,UNCHS003731,1.3059186294028677,0.9424301407678489,9.000968232186779,0.8270761060664373
8124,UNC2436239,1.3003856266095681,0.9940261406118563,9.012963265702865,0.8620295050864718
8125,UNCHS003732,1.2946976992407144,0.9937666320953618,9.00730305657271,0.9110354572661474
8126,UNC2436405,1.2307416281164478,0.8322892439751826,8.999985458016454,0.9384823559348326
8127,JAX00280505,1.2220526515845904,0.9160248565364976,8.990564747406324,0.8783019965773773
8128,UNC2436539,1.1917294107172438,0.931391640953819,8.963505507916807,0.9665648302806451
8129,UNCHS003733,1.1834640444603792,0.932050421133239,8.966989853899577,0.8608861900864646
8130,UNC2436677,1.1834648887167987,0.9617795278648557,8.966464710013952,0.9642958092114452
8131,UNCHS003734,1.1835327476046587,0.8892569577641684,8.965175651002937,0.9557700701396483
8132,UNC2436812,1.1540855569041923,0.9927394344561774,8.980055794297641,0.9717469474428633
8133,UNC2437138,1.1855867576307446,0.9474601981791362,9.014544235669064,0.8657778281865302
8134,UNC2437295,1.1677167153698065,0.9449750077152187,8.98684960712103,0.9679236162178367
8135,UNC2437403,1.2041685226315622,0.9003138715555457,9.171736275040757,0.9851701971235239
8136,UNC2437743,1.2283225906503503,0.9883517317666382,9.926980662026153,0.8476949387761326
8137,UNC2437926,1.3130295321457197,0.9807323085152762,9.91663545365168,0.9219935423602454
8138,UNC2438125,1.3010821781517734,0.8881838508337274,9.825766833783746,0.9572758463591429
8139,JAX00280550,1.2975158409944925,0.805031279022565,9.795190935476057,0.8631339674009473
8140,UNC2438355,1.2962777721470502,0.8934259318414628,9.782982242843445,0.9903233400114745
8141,UNC2438441,1.2964682759597963,0.8924252938404673,9.764370413711049,0.9104704202807739
8142,UNC2438649,1.2980508536327307,0.9185257305880626,9.76125053073406,0.8295961832088729
8143,UNC2438782,1.2766618389623545,0.8678792617979301,9.669220451823776,0.8730083081755393
8144,UNC2439004,1.2807088781291895,0.8291964945102219,9.610343692321749,0.8527641269016619
8145,UNC2439181,1.2865683101595096,0.8858394826760916,9.609863116897486,0.7427940003447512
8146,JAX00280573,1.2924962076976954,0.9744342970217312,9.600904643603144,0.927255734258798
8147,UNC2439483,1.2979022267438722,0.9180885327490985,9.593593650320145,0.9300916510060283
8148,UNC2439682,1.30528704707217,0.7688315630086989,9.585168676853755,0.9815225494761586
8149,UNC2439858,1.3127763188101653,0.9241883235467567,9.580082748948598,0.8821238417783187
8150,UNCHS003737,1.3049879037744176,0.9209916205387784,9.606342925033005,0.820667216044349
8151,UNCHS003738,1.3026713595763795,0.9804317529962988,9.615032287423446,0.9194525657762914
8152,UNCHS003740,1.3976098579801146,0.8494810456777209,9.831131307004625,0.9928893106053336
8153,UNC2439976,1.4201334632748512,0.8417347425505202,9.832205406289177,0.7954106091791285
8154,UNC2440006,1.460093900351012,0.7438971417905662,9.875652974830928,0.6985600643190785
8155,UNC2440156,1.473656659509743,0.9901628759844835,9.877430298422723,0.7801192142683134
8156,UNC2440253,1.4990532900264952,0.8702178477884213,9.882943385413,0.9924686437595469
8157,JAX00014064,1.4991731653217357,0.8582394450627373,9.883052139784013,0.940551415133602
8158,UNCHS003741,1.5017495052452432,0.9055296157903208,9.888611022600571,0.9926417997731125
8159,UNCHS003742,1.50304500837251,0.7986540823357233,9.894648241007644,0.9121640221025124
8160,UNC2440360,1.501258336146293,0.8922749423178626,9.901207181750806,0.8736884383430426
8161,UNC2440511,1.4951644549591947,0.8589934495985925,9.912841998476324,0.8835603895743477
8162,UNCHS003743,1.4947114523151868,0.8632756052381878,9.90351745645853,0.8511001446988776
8163,UNCHS003744,1.49524376772888,0.9529422984890693,9.9019971847938,0.788420208631974
8164,UNC2440731,1.4956000259956,0.9338830970324965,9.89356891310058,0.9943227772396018
8165,UNC2440773,1.4871068746595029,0.857470429624325,9.872701146446616,0.9968913387493341
8166,UNC2440806,1.4780872996375365,0.9902641351369981,9.858041687680952,0.7456499693524556
8167,JAX00014077,1.4688458639016062,0.9127063037984989,9.841515449014423,0.9394536705540681
8168,UNC2440901,1.472342179526322,0.863779322698264,9.834886231335531,0.8773098099089417
8169,UNC2440944,1.4768870329035053,0.9185575362042986,9.825964732641069,0.8617948360974002
8170,UNCHS003745,1.4770863585270035,0.9264883507084756,9.825577872049962,0.9597690581731303
8171,UNCHS003746,1.4617405211104142,0.9295787821959429,9.721776579715197,0.9426179829395649
8172,UNC2441128,1.4612188671030708,0.8884035054080058,9.624045059813398,0.9711700040185792
8173,UNC2441248,1.4773465064729407,0.9115927240315782,9.643997238836391,0.8071581570744037
8174,UNC2441379,1.4965374759069618,0.8974327046926904,9.69053162149271,0.8021884907791637
8175,UNCHS003747,1.497013023096315,0.7086569038472167,9.691869298995016,0.9104849340635129
8176,UNCHS003748,1.483578498866791,0.8815624554031961,9.83687252859363,0.8636403110081173
8177,UNCHS003749,1.4562950500667284,0.8226551621527832,9.956080898814662,0.9426552594811716
8178,UNCHS003750,1.4179577883812726,0.7404314126861676,9.897858845293513,0.8641230322986317
8179,UNC2441544,1.403025404282289,0.8437227448140752,9.969704487467425,0.994733409132491
8180,UNC2441810,1.341094156752888,0.721062138200676,10.313907967277146,0.988999187972436
8181,UNC2441947,1.3036626109824283,0.9607375173470583,10.55434865639063,0.6180800017608469
8182,JAX00280668,1.3048716062091898,0.8479044338501268,10.54531642375855,0.9897799777920127
8183,JAX00014086,1.3066736023661178,0.9010719187412748,10.544659994863196,0.9602067758327667
8184,UNC2442307,1.3108922530050222,0.9779134029846245,10.54337630128316,0.9219500087673661
8185,UNC2442472,1.3146856099658635,0.8746012853488799,10.542174823720643,0.8544416133410185
8186,UNC2442605,1.3178599187690452,0.8586869748459918,10.540756077644119,0.7366890199610325
8187,UNC2442851,1.3223198799084912,0.71947777909589,10.538510509086564,0.75317689693592
8188,UNC2443007,1.3259263025581731,0.8956739922727875,10.536700358674125,0.7764140782509642
8189,JAX00188971,1.3324992810855747,0.8442550535906254,10.5342360251625,0.8055142548438791
8190,JAX00280708,1.3351845400848106,0.8321045588227689,10.532481282396475,0.8271874913356213
8191,UNC2443557,1.396147976839302,0.9089212489921299,10.286481982032456,0.9953648907195963
8192,UNC2443798,1.4033562465697287,0.8842925235085394,10.279968214741302,0.7149448862453801
8193,UNC2444046,1.4181023732273843,0.9320746112591408,10.431557410534651,0.7905180825000557
8194,JAX00014097,1.4204727419150913,0.9450385727280584,10.457247563843339,0.9164473862542273
8195,UNC2444174,1.4258918536968395,0.9986080452642273,10.5122411116904,0.8131234504674272
8196,UNCHS003751,1.9652992435842407,0.9158064494440279,10.692703926136119,0.7819887475446409
8197,UNC2444448,1.972455065170152,0.7725723167861785,10.550080897755379,0.8154529507159055
8198,UNC2444623,2.045921131862542,0.7080430219172948,10.28755544153978,0.788130370702189
8199,JAX00280727,2.054860201183601,0.8218566570400385,10.262795230498568,0.911461650248907
8200,UNC2444978,2.7472981531079768,0.8127942624975256,10.199419209620828,0.8462168797354064
8201,UNCHS003753,2.809359634506336,0.5488263167062395,10.213042785183916,0.9322561036131446
8202,UNCHS003754,2.9306959539071613,0.824338354115711,10.24738427231955,0.9088574835407465
8203,UNC2445252,3.2353295151056045,0.5935889207741804,10.338915389478643,0.823426966473808
8204,UNC2445326,3.391779254235189,0.5745987546302052,10.268910474541599,0.9847102760649133
8205,UNCHS003755,3.6607124708980336,0.8292632386146501,10.062425456379515,0.8304250525867962
8206,UNCHS003756,3.7690508822856827,0.5952194845566204,10.087254095630442,0.9634448537537053
8207,UNC2445562,3.786401172902515,0.32111662001061686,9.995403459896806,0.9443440697139781
8208,JAX00280740,3.783465780685219,0.30820889684418584,9.770626190091889,0.832152964045559
8209,UNC2446228,3.754561700297927,0.4611853406635871,9.664925792759504,0.895184015293078
8210,UNC2446347,3.7222741039288394,0.4893646270841143,9.607647718563157,0.94304286269373
8211,UNC2446479,3.7261031766311135,0.5735261037433315,9.600881345583502,0.9284323592596688
8212,UNC2446717,3.7731511557733484,0.368777650562931,9.407354401841985,0.9185164464588194
8213,UNC2446967,3.7811963835445113,0.48779033398402577,9.389807561310818,0.8746955704308889
8214,UNCHS003757,3.783225464914949,0.33176451868109114,9.3827490998558,0.9259710926486425
8215,UNC2447162,3.6925115511219246,0.6539788839596176,9.01529790771633,0.7999153357218503
8216,UNCHS003760,3.694214682463098,0.7345557053992379,9.01315366504582,0.9975866018085802
8217,UNC2447347,3.69873176189094,0.30358624988781835,9.008130807720363,0.920502611658297
8218,UNC2447628,3.710587804167517,0.3586415417007297,8.995564527489478,0.9773824526100146
8219,JAX00280753,3.7152551313399726,0.4113019668125988,8.990876476344283,0.9538843404551012
8220,UNC2447782,3.718031460930888,0.42558917817438635,8.98814622841428,0.7500223956281781
8221,UNC2448055,3.7279528833405493,0.3709280497880704,8.978980085835474,0.9582707478210263
8222,UNC2448158,3.731936286223572,0.4896481097974887,8.97549770767705,0.8889217553163639
8223,UNC2448390,3.745169061459819,0.7347065614756377,8.964943049353224,0.9511212070221073
8224,JAX00014126,3.7469125985705887,0.49079016563100575,8.961434819452052,0.851328871202558
8225,UNC2448512,3.752522573562601,0.4541016948734504,8.957364385500796,0.8090325820887159
8226,UNCHS003761,3.757446958500168,0.561995579582669,8.954155430346646,0.8903863921339107
8227,UNC2448687,3.7619897888343985,0.6071976763098897,8.951428117724845,0.8499815591468792
8228,UNC2448808,3.770424111980901,0.3027592308716573,8.943741356591545,0.9818072068767297
8229,UNC2448897,3.7769216970846173,0.38536050158184537,8.935934003088278,0.8737829553314591
8230,JAX00280763,3.7797310460048266,0.40423884716938635,8.932030480357753,0.9982802118958456
8231,UNC2448996,3.7854626227031076,0.3059346023223063,8.92305142412124,0.9602366468765915
8232,JAX00014133,3.7874187503991834,0.6238195307447923,8.919498767343157,0.9361287453222107
8233,UNC2449160,3.668418645744623,0.4178770743045167,8.661874206587072,0.8519923766882433
8234,UNCHS003763,3.6724397072505326,0.5891203177010218,8.65481507046411,0.8878944919112747
8235,UNCHS003764,3.674594028217598,0.5116744254328617,8.655664878889638,0.9673275336456286
8236,UNC2449273,3.671105775407568,0.5806468557931485,8.666413349580125,0.9149442669119925
8237,UNC2449386,3.671365167584554,0.5408982613261669,8.714543918917798,0.896457741802275
8238,UNCHS003765,3.686105049302796,0.559537000816315,8.711255370827757,0.9719039599828208
8239,UNC2449523,3.7003971649905907,0.554107228393041,8.6647951252653,0.9592248660089147
8240,JAX00014139,3.7285892669112854,0.6742413311312341,8.589573723673539,0.9206444831541352
8241,UNC2450001,3.739454556531655,0.43553931639021237,8.61419193755637,0.794829989418339
8242,UNC2450118,3.7442709933452534,0.35340442285216817,8.626304160660766,0.9474632960053042
8243,JAX00014142,3.74559391621915,0.34425475659483284,8.629767385724563,0.9306611898157358
8244,UNC2450260,3.750264766129476,0.2326964904621594,8.641305652707388,0.9939687466068604
8245,UNC2450441,3.863772158499387,0.5380907184247893,8.502931806188826,0.8517234178908908
8246,UNC2450625,3.8686583959256495,0.3309961914364734,8.517754314005515,0.9356789802334383
8247,UNC2450806,3.936801450785879,0.45135041227449657,8.148944886498157,0.9844613308791494
8248,UNCHS003769,3.9359950652517455,0.3834723746368784,8.200601382574405,0.9776630589965416
8249,UNC2450926,3.9670748138389627,0.29861273045956743,8.363251932365756,0.8898020491676775
8250,UNCHS003772,4.03733559624925,0.35943469858785637,8.716879891550207,0.8760426623751415
8251,UNC2451083,3.9618917843235977,0.5422717250786098,9.046473572941295,0.9142689580839397
8252,UNC2451187,3.965993105041889,0.4161969024236881,9.066372868306416,0.9504360786614207
8253,JAX00280809,3.966500699770677,0.2571150994502308,9.068838476097426,0.8738828185070996
8254,UNCHS003775,3.969605331057892,0.4289917239947145,9.0839877065157,0.9616898063332003
8255,UNC2451372,3.971406599972852,0.3067235851578552,9.083953845378346,0.9430076633246006
8256,UNCHS003777,3.972205363136254,0.48958772225031383,9.083987419219056,0.876397491279853
8257,UNCHS003778,3.960106703380916,0.2588628689416213,9.086443694458467,0.8820392521578873
8258,JAX00014153,3.8940282157500405,0.34987125049102213,9.107071273931979,0.8986392165417427
8259,UNC2451614,3.876133305008807,0.4000029923814962,9.11512718360791,0.8803761102094363
8260,UNCHS003780,3.7898629904384507,0.4989624890935029,9.211494553023385,0.718992242256514
8261,UNC2452005,3.7793657384559083,0.3740239958031805,9.223392422321922,0.9599272428400255
8262,UNC2452293,3.717690142098945,0.34045051052198644,9.322648501126878,0.9929783953486682
8263,UNC2452364,3.707284787748449,0.4038694465034276,9.348466576188457,0.8738769270169342
8264,UNC2452555,3.715683270137788,0.38964233533288795,9.34129471548863,0.9750827515025783
8265,UNC2452776,3.721287280127626,0.35813353423643296,9.336748746663716,0.8388722490004581
8266,JAX00014163,3.7279175987343933,0.3724196013514246,9.33213798291058,0.9968754441866482
8267,UNC2453071,3.7283522793272823,0.39687644284256196,9.331847917180312,0.9300576001563013
8268,UNC2453335,3.7348884981045103,0.5120318343984467,9.328162145564647,0.9752878788201421
8269,JAX00014166,3.737954918839023,0.6028079806185114,9.326667576985756,0.8118403352696303
8270,UNC2453520,3.739078677535872,0.3690271072151657,9.326131202176384,0.748393663350903
8271,UNC2453835,3.7470035909691433,0.4781931973733592,9.322225560645848,0.9761760726180068
8272,UNC2453925,3.767403021908649,0.17724085595971667,9.153065955786587,0.8607527014165002
8273,UNC2454478,3.1734833220496057,0.603032335204302,9.745998525545247,0.8262966456081337
8274,UNCHS003781,3.0599732884472814,0.6237651967351346,10.043208481082502,0.965885102140699
8275,UNCHS003782,3.0513999423403675,0.40842738804823814,10.177559053446657,0.7976128919364708
8276,UNCHS003783,2.9084198898258364,0.6180034600213236,10.770838499341608,0.8715122481993383
8277,UNC2454760,2.888341626977308,0.6165353690174656,10.881728612162533,0.8780737917137195
8278,UNCHS003784,2.908204223131861,0.48295497209193267,11.05003007038772,0.6717256010254022
8279,UNC2454977,2.8676244437124296,0.7310626293682055,11.270076802032918,0.87588330766743
8280,JAX00014174,2.869038054188877,0.6515805407641484,11.267602474103796,0.8050367682356234
8281,UNC2455206,2.8852202265302367,0.520648786592868,11.258690357789419,0.8187705501813735
8282,UNC2455459,2.9037749693068236,0.5645256493581546,11.252387913041503,0.7478978620548534
8283,UNC2455650,2.9282828226689617,0.4656214518626255,11.247127182116628,0.7557093618980709
8284,UNC2456034,2.9737651095074398,0.7673820623156378,11.159258659949728,0.8255144909440524
8285,JAX00014180,2.9462104717244983,0.5577241037048243,11.046431636014404,0.8405804923140578
8286,UNCHS003786,2.9456858318226296,0.6647912802925541,11.034385140369068,0.7448162364712803
8287,UNC2456192,2.940865085372934,0.4908408558161422,10.533379844073579,0.862440280297755
8288,UNC2456357,2.9428068804045324,0.5801358925413347,10.40695085327502,0.8127013527237875
8289,UNC2456475,2.964336674856213,0.6096794867096494,10.27104585348161,0.8393268674391593
8290,JAX00280906,2.9862218539021796,0.7399102947876446,10.215851854873563,0.845466095363371
8291,UNC2456655,2.990954011288295,0.49670633453261204,10.21481125676587,0.886390780351631
8292,UNC2456861,3.001506290556563,0.5241645448954007,10.207560749074446,0.9133650265609149
8293,UNC2457020,2.995235298743637,0.48663532935049447,10.212886421706116,0.8998675900898843
8294,UNC2457244,2.955825716222307,0.6033257919093471,10.60879159858996,0.8163162974383499
8295,UNCHS003787,3.6784388236419545,0.37169377316659374,13.655115559857677,0.7720705973913651
8296,UNCHS003788,3.556325592368694,0.5832444875795298,13.43998370137956,0.7999200431356902
8297,JAX00280926,3.584633742441838,0.45687655867885596,13.555009339406524,0.597615537832702
8298,JAX00280927,3.590321929549191,0.6287074879308231,13.570799323075562,0.5732116634003295
8299,UNC2457544,3.5922990648418818,0.3922231925552604,13.558471001077805,0.756880619669009
8300,JAX00014191,3.5517292848171564,0.5491560777287602,12.577196063736665,0.7328148228559593
8301,UNC2457857,3.557184428169194,0.3739554158742342,12.565119239817932,0.6805375125252193
8302,UNC2458018,3.599707492908692,0.4005220866736156,12.686668226895563,0.6114719374819539
8303,JAX00280946,3.580249024784962,0.37556206408627124,12.773341536000999,0.7615270459726797
8304,UNCHS003790,3.9273901499286694,0.47879084660597643,12.474034403070618,0.6763557224185783
8305,UNC010680647,3.919849385584257,0.28618635720968116,11.66544683396046,0.6041883263923203
8306,JAX00280954,3.9196148358998926,0.5140195777648146,11.665518590073361,0.7293316615615899
8307,UNCHS003791,3.922843539202404,0.37323882667817115,11.768226699450452,0.7991778390019684
8308,JAX00280965,3.937693832118839,0.2451320944755752,11.787317047838087,0.7778378407902474
8309,JAX00280966,3.9332338263959628,0.37817790574693705,11.783007735597721,0.7251497069649725
8310,UNCHS003793,3.926451176642331,0.3599767042914044,11.77629894389429,0.6122747967181639
8311,UNCHS003794,3.9208040995863485,0.38987428819677117,11.770979093533924,0.832208876676746
8312,UNC010680950,3.921328121505212,0.46598414360951546,11.740694384865947,0.7512640759807887
8313,UNCHS003795,4.122642107524825,0.2657370062857597,11.501224634369919,0.7373518938034039
8314,JAX00280973,4.194874481964234,0.4360859257052727,11.649165106763348,0.6138965668872695
8315,UNCHS003796,4.196154203962578,0.24053286891941608,11.648019856756036,0.7671975210511756
8316,UNC2459204,4.358732547801765,0.3006144701372613,11.4791317349559,0.7051455944828391
8317,UNCHS003797,4.562216900038038,0.4038638338720226,11.132034349226842,0.7496876657558345
8318,JAX00280990,4.564164667284331,0.2626884275353918,11.125059265488972,0.8370233958887373
8319,UNCHS003798,4.56566195655023,0.22136841887708622,11.119401052493913,0.7087886879125753
8320,UNC2459863,4.56390562691422,0.4300865929790619,11.121206686703545,0.6562454074121011
8321,UNCHS003799,4.544365534363806,0.29082806771839925,11.140811641991831,0.8786606333927951
8322,UNCHS003800,4.5406207581993385,0.4216202327280921,11.144451006228792,0.8735633224751902
8323,UNC2460085,4.571767287775856,0.2911878877958424,11.198090651679422,0.7717035848523285
8324,UNCHS003801,4.613510510699371,0.3735943166401989,11.225463855956605,0.9983022844111737
8325,UNCHS003802,4.655136177367012,0.30013578623067777,11.194421785154873,0.816047639393622
8326,JAX00014218,4.656025128820602,0.22845652413391176,11.195012269709423,0.8616743644986422
8327,UNC2460216,4.6714192476053995,0.27862380993180014,11.205872338792688,0.7719807705071446
8328,JAX00014221,4.694795140992937,0.2895809229618119,11.20456659632032,0.7673453396425199
8329,UNCHS003803,4.714930351576868,0.26666467313366565,11.201696593679799,0.853364883980103
8330,UNCHS003804,4.717362952433632,0.25645241271280683,11.201160181188015,0.8602836135999372
8331,UNC2460751,4.7440456686520065,0.17948118009859962,11.191324964091336,0.8224963883228982
8332,UNC2461155,4.7979046958096205,0.19311762926972117,11.300506740815536,0.6695086109189503
8333,UNC2461495,4.836971879296698,0.30094090936259266,11.240790557459377,0.9706394567898717
8334,JAX00281056,4.8384370143978686,0.24807365186204675,11.238148233019956,0.8854579942570416
8335,UNCHS003805,4.8662547659973825,0.22967239608422013,11.162563688373666,0.888413700142029
8336,UNCHS003806,4.8664397696582,0.16093544137085034,11.161067024877639,0.8472350518954498
8337,UNC2462498,4.866534081567579,0.24954639804849857,11.160756001327627,0.8098048629200943
8338,JAX00014251,4.862303870445658,0.2690908437670485,11.415034655286718,0.754589805919986
8339,UNCHS003807,4.8410819208932026,0.20759206959121304,10.648354573836286,0.8719073776720695
8340,UNCHS003808,4.817591522812791,0.3431143762160485,10.51657189772709,0.9333632713099553
8341,UNC2463235,4.763985189006689,0.3578470507098755,10.518400457546932,0.7943923187005996
8342,JAX00281130,4.792904171776172,0.38168906790979645,10.542223434073549,0.9959707585043527
8343,UNC2463449,4.816039027326042,0.30802182594697564,10.555059394707769,0.7637858693646633
8344,UNCHS003811,5.172094160835513,0.26756459034023666,9.979638428350881,0.9904584631694485
8345,UNCHS003813,5.512550269190342,0.2761325332261906,10.596357823294966,0.7970566819590137
8346,UNCHS003812,5.5096035740430125,0.15879088835718563,10.578944268126861,0.9906396618045696
8347,UNCHS003814,5.53186384202354,0.1496299623583333,10.612721159191551,0.9406325049811213
8348,UNC2463658,5.5340225373336125,0.16430592094763108,10.630422214340342,0.752580987674948
8349,JAX00281148,5.533176517589709,0.1527085828503333,10.63670320740789,0.9733269441492832
8350,UNCHS003815,5.528743405391879,0.09970361120187254,10.664241500935532,0.8870102869513288
8351,UNCHS003816,5.528515899635977,0.14465189261156253,10.67165454558949,0.8904481270647853
8352,UNC2463974,5.526836472224431,0.14595257440830553,10.61275546265756,0.7064857524097236
8353,UNCHS003817,5.526013917470664,0.1340768927675732,10.591264095718998,0.832005640296105
8354,UNCHS003818,5.508376074561056,0.17591059568104347,10.426893929717608,0.9037418362250148
8355,JAX00281159,5.495381411029484,0.19680113229324855,10.340644971538495,0.7719972273720389
8356,UNCHS003819,5.450577193061918,0.17556120051482454,10.049900379563496,0.9499867835395428
8357,UNCHS003820,5.435128785155712,0.15212052654172845,9.989459816369163,0.8596911396554798
8358,UNCHS003822,5.391699248713849,0.20606998059482695,9.923512165773673,0.925992230367641
8359,UNC2464210,5.340583144280117,0.265958312809295,9.939055090755573,0.9114904481135562
8360,UNC2464336,5.307335692387824,0.2776072402173328,9.991556182939348,0.7421528399510202
8361,UNC2464473,5.248490901131618,0.13133980586016847,9.968723797569737,0.928398304868724
8362,UNC2464492,5.2262793744857845,0.28776600238672895,9.9581778283939,0.8481385073400429
8363,UNC2464503,5.215452587767913,0.3539960957110015,9.967330252693273,0.9174664409578553
8364,UNC2464506,5.214814201351146,0.21032409142944006,9.968218977540118,0.7887001745180541
8365,UNC2464517,5.206900795525371,0.21033614193493322,9.981004365862645,0.7293154853240241
8366,UNC2464526,5.199022580109158,0.20521767227771828,9.992536807608985,0.7852593516577446
8367,UNC2464528,5.197129301431914,0.39852543357391423,9.995064556756688,0.8796387667929316
8368,UNCHS003825,5.153952719201698,0.12365392000454169,9.893966144398064,0.9063273153122668
8369,UNCHS003826,5.1577818103803565,0.24937991425051748,9.919835315393811,0.9801013486410874
8370,UNC2464616,5.131972332680334,0.21710186387596161,9.843741055467717,0.7234537677030085
8371,UNC2464642,5.121515004708499,0.3304784340320075,9.85059207190443,0.8525945290981967
8372,UNCrs29614406,5.119123811464533,0.28641109709344026,9.851705990874734,0.9820526965311688
8373,UNCrs262264164,5.113752855928624,0.2907207318069554,9.78245416609957,0.8690261857407492
8374,UNC2464666,5.113682625906449,0.27126794757192785,9.782379641306989,0.9296529081006473
8375,complement009,5.110828872501315,0.2419056190902726,9.781801613255539,0.878596819854551
8376,UNC2464723,5.108329886565798,0.1845141797221402,9.78271787979952,0.8574580443986252
8377,UNCrs256207047,5.099952661605812,0.19714293478434552,9.802815049426954,0.7457410983068741
8378,UNCrs242072508,5.084996198090266,0.3036425214869681,9.843661291582748,0.8479595591347598
8379,UNCrs29610888,5.065138671950535,0.312393817917067,9.892513476443582,0.7904816555563431
8380,UNCrs253559392,5.059440469313586,0.22716207503706426,9.915131302954023,0.7889365533624284
8381,UNCrs29610887,5.062050043678937,0.2832049647713879,9.982864741570893,0.8428207890811997
8382,UNCrs29609995,5.06105770549857,0.1757376382798906,9.984320276597373,0.8077940227094961
8383,UNCHS003827,5.059477237779447,0.2649415289050612,9.986655720588033,0.857140175696676
8384,UNCHS003828,5.05703215235917,0.14966037463907167,9.989811713100153,0.8435690568655223
8385,JAX00281187,5.056893696260886,0.27246508464339064,9.989669489255448,0.8286112506139927
8386,UNC2464951,4.951281052273316,0.2197615914326692,9.872255744114227,0.7259854924722091
8387,UNC2465079,4.845348369879048,0.23743110970199038,9.882723648013325,0.8215567509112323
8388,UNC2465158,4.849932646919569,0.3679127165745834,10.006736516015735,0.758266017909686
8389,UNC2465256,4.8390990598704775,0.24420652762635164,10.143346724059484,0.6574667079039508
8390,UNC2465306,4.831243231846429,0.34505284265029706,10.200515167806998,0.647772633746833
8391,UNCHS003829,4.8262550604140415,0.260794195402414,10.286393395645064,0.8051443216889038
8392,UNC2465406,4.86429793485695,0.33056264667736385,10.429495256972587,0.7332315022526423
8393,UNC2465526,4.873324831505215,0.21565477338952455,10.510600241273323,0.9074328859690827
8394,UNC2465770,4.86033669434687,0.24629357413611971,10.808537248799212,0.8938258473673348
8395,UNC2465840,4.9087271454529855,0.18018868458920667,10.826063925222797,0.8470145046745744
8396,UNC2465893,4.90953150664177,0.20422097002914322,10.842317542517549,0.8106528942186226
8397,JAX00014313,4.903586522016667,0.24372364811157926,10.83913441576351,0.9379574499378139
8398,UNCHS003831,4.900795965372026,0.2673722476253039,10.83695148064703,0.8891355554808503
8399,UNCHS003832,4.900270237781342,0.3554606423336791,10.836770718591424,0.8322269739662362
8400,UNC2466156,4.900235921562853,0.24006564189376894,10.836700785566109,0.6766509767214968
8401,UNC2466203,4.900901785879341,0.152870721557238,10.8367398892874,0.8222264156045116
