,variant.id,additive.LOD,additive.p.value,interaction.LOD,interaction.p.value
0,JAX00348763,1.6921827769076572,0.9862094388178889,,
1,CEAJAX00041178,0.9521862053318273,0.9885113500141919,,
2,JAX00348792,0.9495727562014054,0.9490537326070005,,
3,UNCHS034898,0.9460759479015906,0.9851302515010073,,
4,JAX00348795,0.9459175071708614,0.9600058793440411,,
5,UNCHS034900,0.946153068556896,0.9615047900902294,,
6,JAX00041181,0.9230522229563576,0.9886400448139655,,
7,UNCHS034902,0.9065854848067829,0.9280429815550474,,
8,UNCHS034903,0.8003320412553876,0.9693468821060789,,
9,JAX00041188,0.7917994268846087,0.8798269439711727,,
10,JAX00348808,0.7922146400933343,0.9369910349317687,,
11,UNC22027003,0.7929263117337086,0.9509642471506139,,
12,UNCHS034906,0.7911152607700842,0.9316590519664362,,
13,JAX00348836,0.7707491112557818,0.9007101053041271,,
14,UNC22029209,0.7598009544026354,0.9231617530890659,,
15,UNC22030396,0.8463297231503475,0.9274075988350176,,
16,UNCHS034911,1.0010484687309145,0.9567524340340032,,
17,UNCHS034912,1.003698857502286,0.9323569482659315,,
18,UNC22032065,1.0297652855942943,0.778013215596197,,
19,JAX00041230,1.0445024981968345,0.9229777724812248,,
20,JAX00348883,1.0458735865279323,0.7720239130625676,,
21,UNC22034495,1.0966868717803209,0.9190459639985706,,
22,JAX00041244,1.0933688020963928,0.9044543616516276,,
23,JAX00348925,1.0779220835283922,0.995383336547054,,
24,UNCHS034915,1.0766312481064233,0.931318363002418,,
25,UNCHS034916,1.0763492317691998,0.967463241621371,,
26,ICR515,1.0755291671307532,0.9363063887240544,,
27,ICR4515,1.0751317999945513,0.9581998125424653,,
28,UNCHS034918,1.072630605735867,0.9326330593712595,,
29,JAX00041256,1.0723415303507409,0.9238028348234782,,
30,UNC22037424,1.0626781523365025,0.9178214454408075,,
31,ICR4516,1.0605965990866935,0.9635857859488676,,
32,JAX00348951,1.0581775734863186,0.8688279709400683,,
33,JAX00041266,1.0567992584151398,0.9348424560232408,,
34,ICR517,1.0521395250611931,0.9576652708528911,,
35,UNC22038441,1.0496635437154964,0.8531202405470046,,
36,ICR518,1.0320327665476725,0.9060976608549429,,
37,UNC22039308,1.0351197698946635,0.9516114024036539,,
38,JAX00348983,1.0219537975426647,0.950826494349218,,
39,JAX00348988,1.0030251404855335,0.9204397232841259,,
40,UNC22041230,1.0014983449982537,0.9657100510143098,,
41,UNC22042094,0.9878670379896448,0.9141008905853563,,
42,ICR521,0.9877367283875174,0.7338277222896218,,
43,ICR4521,0.9865973125379242,0.9453611412801785,,
44,CEAJAX00041295,0.9818456640289241,0.8522618297967576,,
45,c13.loc5,0.991472482038489,0.9939926608980552,,
46,JAX00349027,0.9956573522845247,0.9412428625973634,,
47,JAX00041308,0.9956661836126841,0.957150884899759,,
48,UNC22044642,0.9966161947118053,0.9982126253841433,,
49,ICR4523,0.9965667871167625,0.9323308927638919,,
50,JAX00349042,0.9814299250274416,0.9732558805733985,,
51,UNCHS034919,0.9809069288146475,0.9748316632496596,,
52,UNC22045693,0.9906859919574345,0.9742614153509092,,
53,UNCHS034920,0.9918162434753413,0.9823871033997364,,
54,JAX00349043,1.0519877696083313,0.9322461026997845,,
55,UNCHS034922,1.0393341212497944,0.9107076907681161,,
56,UNCHS034923,0.9941169354103749,0.8699819693340228,,
57,UNCHS034924,1.0264570238718989,0.8324826734373122,,
58,UNC22047665,0.9245207155006483,0.867585677626934,,
59,UNCJPD005209,0.912173528452513,0.9822708207135946,,
60,UNC22048757,0.8778058175680599,0.9830320588862163,,
61,JAX00349078,0.8737385012675531,0.9668990592514981,,
62,UNCHS034929,0.8414585663276739,0.8864166215042112,,
63,UNCHS034930,0.8389741817918548,0.9254385997287236,,
64,UNC22049635,0.689946712953315,0.9225675979893675,,
65,UNC22051049,0.6422812397313464,0.9175589539948924,,
66,UNCHS034931,0.6983844566505013,0.875624978690217,,
67,UNCHS034932,0.5655212292581382,0.9916947669161438,,
68,UNCHS034933,0.6435480332213501,0.9949587963149961,,
69,UNCHS034934,0.5932509854769705,0.998281360114978,,
70,UNCHS034935,0.6029314401375814,0.9941553862508871,,
71,UNCHS034936,0.5897788348163431,0.9922319131311655,,
72,UNC22052019,0.5950761819319723,0.9993276672360872,,
73,JAX00349155,0.6249523093965763,0.9228265552173276,,
74,UNC22053004,0.6608087967356369,0.9922293963617537,,
75,UNC22055634,0.7686008856856006,0.9523340026220257,,
76,JAX00349213,0.7850764159725259,0.9023497849794784,,
77,UNC22056198,0.7898573945333283,0.9988839369100007,,
78,B6_rs13481676,0.8593797696128149,0.9833394638613606,,
79,UNCHS034937,0.8603823145440401,0.8012452766214422,,
80,UNCHS034938,0.8594942560262098,0.9113800347499903,,
81,JAX00349239,0.851549352273878,0.9306037825160298,,
82,UNC22057850,0.8515876783833392,0.9485771848452875,,
83,UNC22058943,0.9692235433240057,0.9795680425169795,,
84,UNCHS034939,1.222312571875591,0.9664539597956736,,
85,UNCHS034940,1.1984824305504844,0.9374176171524644,,
86,UNC22059899,1.1858815287080233,0.982562651817168,,
87,UNC22061120,1.22597641422567,0.9283801216469021,,
88,UNCHS034941,1.218223938332585,0.8631016619846977,,
89,UNCHS034942,1.2176053461394076,0.888313460771672,,
90,UNC22062604,1.2375923444328691,0.93920682365325,,
91,JAX00041423,1.2444027186907078,0.8293230050222106,,
92,UNC22063659,1.2565096578382509,0.9369304939282136,,
93,JAX00041424,1.2613438811240485,0.9971827714916747,,
94,UNC22064724,1.304335441988087,0.7767356491998758,,
95,JAX00349382,1.3403047980364136,0.9873755734474026,,
96,JAX00349390,1.366350709805829,0.9224654314696913,,
97,UNC22066312,1.3824102897738157,0.8580393198461445,,
98,UNC22066911,1.4536196895144258,0.6692162147734572,,
99,JAX00349403,1.4513547845990615,0.9764610053189947,,
100,UNCHS034943,1.449442052316499,0.8312441686467585,,
101,UNCHS034944,1.3621975272926647,0.8654996742384908,,
102,UNC22068688,1.2835754905158865,0.9981344835724935,,
103,UNCHS034945,1.2743431987933036,0.9390188144015482,,
104,UNCHS034946,1.2796211637696615,0.9595037807531452,,
105,JAX00349416,1.3857296237661103,0.949736200594663,,
106,UNC22070069,1.3447432417663094,0.8874187252089781,,
107,UNC22071058,1.4340909831116733,0.8845673866175954,,
108,JAX00349448,1.4341537629848062,0.8019639575112955,,
109,UNC22072200,1.4642935329684406,0.9329062792164039,,
110,UNC22073765,1.4998745120212789,0.7631262106945335,,
111,JAX00041480,1.5136595157578085,0.8028683485553921,,
112,UNC22075198,1.543669558379861,0.9688329880269276,,
113,UNCHS034949,1.5454564768556338,0.8101986561794176,,
114,UNCHS034950,1.5459184513752007,0.7850776604666238,,
115,UNCHS034951,1.5555794061949655,0.7839303288754513,,
116,UNC22076691,1.556200676278877,0.7521214910026477,,
117,JAX00349514,1.5561835690693897,0.9372725128682964,,
118,JAX00349523,1.5624045462202503,0.7868331030167067,,
119,UNC22077608,1.5636852483426082,0.825110783237555,,
120,JAX00349537,1.5697517121484452,0.9617073807160098,,
121,UNC22078473,1.5679475661654578,0.9598151716285988,,
122,JAX00349547,1.553847064765705,0.8090979038206603,,
123,backupJAX00041510,1.550533809811668,0.8265188509340136,,
124,UNCHS034953,1.533138040158974,0.8766950926481618,,
125,UNCHS034954,1.532647517807618,0.8930264311330752,,
126,UNCHS034955,1.5575858663619329,0.9047223712369511,,
127,UNCHS034957,1.3889697403069476,0.9719525750318564,,
128,JAX00041525,1.3790467469657415,0.85654028561965,,
129,UNC22082270,1.4144176396621333,0.8767610196018139,,
130,UNCHS034961,1.6121748562482026,0.8913101337968521,,
131,JAX00041533,1.6171395095814205,0.8448009238300102,,
132,UNCHS034962,1.6172350100730455,0.8673747702467587,,
133,UNC22084282,1.6271833621126461,0.9200892162347969,,
134,UNCHS034963,1.6294590222078114,0.7422534133536751,,
135,UNC22085217,1.6350548468271882,0.8671202813411184,,
136,JAX00349634,1.636917894657472,0.9099124770062283,,
137,UNC22086689,1.6489072295919414,0.8921601822038674,,
138,JAX00201957,1.6542990096522772,0.8948838597556107,,
139,UNCHS034965,1.6565757870580455,0.7917826379052356,,
140,JAX00349662,1.658066343318751,0.8124989554487396,,
141,UNC22087901,1.6582836125669473,0.8212166604301882,,
142,UNCHS034967,1.6630437567744139,0.8875261108734845,,
143,UNCHS034968,1.7156303632762047,0.9144611044776927,,
144,JAX00349671,1.7158569906453067,0.842847503226022,,
145,UNC22088733,1.7159049601368679,0.87288863447773,,
146,JAX00041566,1.709060972072166,0.7813007628052565,,
147,UNCHS034970,1.7111648528982641,0.9833122805635028,,
148,UNCHS034971,1.7115470058165556,0.8330963346269862,,
149,UNC22091359,1.7117781366951021,0.9838414890280792,,
150,JAX00349721,1.7119506152107533,0.7845747822472566,,
151,UNCHS034973,1.71266581020609,0.7494270044195159,,
152,UNCHS034974,1.7127340885449485,0.906048896518829,,
153,UNCHS034975,1.712859621801499,0.8083579489432936,,
154,UNC22092286,1.7131441733613428,0.9455594795528476,,
155,JAX00349731,1.7132053568232095,0.9390198143822807,,
156,JAX00349734,1.7134997651917274,0.7270638687644775,,
157,UNC22093617,1.7112516901665913,0.9113879392178041,,
158,UNCHS034980,1.7113672339403365,0.8475849113565587,,
159,UNCHS034981,1.711364198247793,0.7242955446002968,,
160,UNCHS034982,1.7108604085040042,0.9470704127220616,,
161,UNCHS034983,1.7281489857812176,0.958257627621366,,
162,UNCHS034984,1.7296496832277626,0.6552238869118908,,
163,c13.loc9,1.6119041113531694,0.8078003342136717,,
164,UNC22094836,1.5321056104644413,0.8573218346416932,,
165,UNCHS034985,1.5305128659783804,0.7803937442863534,,
166,UNCHS034986,1.53081605664147,0.8054502206152598,,
167,JAX00349768,1.5321265091013174,0.7775554400657014,,
168,UNCHS034987,1.543138541125245,0.9287268244004703,,
169,UNCHS034988,1.5572596466308823,0.9035542550990192,,
170,UNC22095970,1.714445456507292,0.9965076236794387,,
171,JAX00349774,1.837717110154017,0.8722256346665272,,
172,JAX00349775,1.8385435028581014,0.8810960415936083,,
173,UNCHS034989,1.8954192284063538,0.8182276972641562,,
174,UNCHS034990,1.8957697056232519,0.743626879792953,,
175,JAX00349785,1.8967711499915367,0.7913978546242431,,
176,backupUNC130006609,1.8969931709416414,0.7010317395050689,,
177,UNCHS034993,1.9522915892257515,0.663477118144398,,
178,UNCHS034994,1.9578431918873775,0.7629728029101964,,
179,JAX00349794,1.9698502347350768,0.818321135675009,,
180,UNC22097736,1.973299468651021,0.7263719539339961,,
181,UNC22098823,1.986824047206028,0.9599209894151726,,
182,UNCHS034995,1.9920526898831667,0.7109598835627775,,
183,UNCHS034996,1.992411321581585,0.7089468484894471,,
184,JAX00349819,1.9930500840414425,0.8267433230425926,,
185,UNCHS034997,1.9936255398574758,0.9498947500936763,,
186,UNCHS034998,1.9940507395654095,0.849551896986444,,
187,UNCHS034999,1.986154382897439,0.8219070352950019,,
188,UNCHS035000,1.9837885125909906,0.6611564458969283,,
189,UNCHS035001,1.9162568782535345,0.8685751886947435,,
190,JAX00349831,1.9071248641505463,0.7959323349694885,,
191,UNC22100188,1.9091972878090928,0.7697429744668545,,
192,UNCHS035003,1.9180991440750859,0.8038088108164326,,
193,JAX00349847,1.9188634971233114,0.8363823816780863,,
194,UNC22100826,1.9189651698075068,0.8044049521431234,,
195,UNCHS035005,1.9195543897662901,0.6116467237100942,,
196,UNCHS035006,1.9196994817934865,0.7665966356394748,,
197,UNCHS035007,1.9187178231666167,0.8686082428327321,,
198,UNC22102410,1.972315392005612,0.7990220916241625,,
199,UNC130007643,2.0050745271314554,0.9863422086418536,,
200,JAX00349891,2.0049530242604305,0.8915220538558631,,
201,UNC22104827,2.0010233820430585,0.6999717618309781,,
202,UNC22106060,2.010861151564768,0.7823071495002326,,
203,UNCHS035012,2.0174416334016314,0.91078109876144,,
204,JAX00041671,2.0178599694547756,0.868307098958446,,
205,UNC22107783,2.0249884768104494,0.8218451837887786,,
206,UNCHS035015,2.0253614605853727,0.7590247641820682,,
207,UNCHS035016,2.029466621114352,0.9601969040633409,,
208,UNC22108473,2.0409425095217557,0.7433936154715746,,
209,JAX00349979,2.026727482488468,0.6849274002272627,,
210,UNC22111265,1.9764316873558982,0.9870361366084996,,
211,UNCHS035017,2.069026804886562,0.8107203406764983,,
212,UNCHS035018,2.0736905316598495,0.7923163205554048,,
213,UNCHS035019,2.0915180361892,0.8798784704189426,,
214,UNCHS035020,2.0913422941939643,0.709572635837316,,
215,UNCHS035022,2.083256589974326,0.7460566658267105,,
216,UNC22112860,2.0723923683003704,0.7792255949415495,,
217,UNC22113668,2.04305879724393,0.9869844091635606,,
218,UNCHS035023,2.0173206194763225,0.8413023829241082,,
219,UNCHS035024,2.0161304700166056,0.8682864240188166,,
220,JAX00041713,2.002010005716784,0.8284459055459089,,
221,UNC22114923,2.0006028266766407,0.8604063496613472,,
222,JAX00202000,1.9983878447678762,0.8330789427887166,,
223,UNCHS035025,1.9968448251370319,0.7969685031415552,,
224,UNCHS035026,2.008956731805256,0.8793419497319294,,
225,UNCHS035028,2.4555743497624007,0.5185853793670928,,
226,JAX00350042,2.516645497325044,0.6619835279637707,,
227,UNC22116791,2.562398437270531,0.7205783397577152,,
228,JAX00350055,2.4999968843869738,0.7432829849408421,,
229,UNCHS035031,2.2910306345822846,0.7156712781879727,,
230,UNC22118523,2.2838470356709877,0.7401090537118064,,
231,UNCHS035032,2.231942380133205,0.9116024782112815,,
232,UNC22119007,2.31017534056582,0.5550026986675716,,
233,UNC22119063,2.3201758820900977,0.6461151151665342,,
234,JAX00350060,2.322950896696966,0.7410587655585803,,
235,UNC22120110,2.3714362432583584,0.8653170078767969,,
236,JAX00041746,2.373413507292298,0.8453322558389486,,
237,UNCHS035033,2.3715741452663224,0.9909047105662855,,
238,UNCHS035035,2.3644080501144344,0.7135109759441584,,
239,UNCHS035036,2.3618954238581864,0.8960673727803006,,
240,UNC22121309,1.6342497800173987,0.6203131465923083,,
241,UNC22121621,1.473426147082364,0.8806431321049111,,
242,UNC22122038,1.4773921600015,0.8670279857858469,,
243,UNCHS035037,1.4870436955370678,0.8526280989969001,,
244,UNCHS035038,1.5883813886694043,0.8228999339864642,,
245,UNC22122640,1.531034838096275,0.946929794015281,,
246,UNC22123056,1.363987794802597,0.9125542235229087,,
247,JAX00350113,1.3266320493089552,0.77279729453377,,
248,UNC22123526,1.2163289104835258,0.9388730887179844,,
249,UNC22123698,1.2184661264429906,0.987170073095122,,
250,UNCHS035039,1.0418554172611039,0.966076819532872,,
251,UNCHS035040,1.012683291419762,0.9853726798715028,,
252,UNC22124482,1.0119983487779791,0.9445349988385773,,
253,JAX00350137,1.0113894521327893,0.9119040865486399,,
254,UNC22124922,1.0107592766030393,0.9942346891377049,,
255,UNC22125493,1.010320239657858,0.9895330130194129,,
256,UNC22125971,1.0102725617755368,0.876484293722166,,
257,JAX00350159,1.0103384474459745,0.941649363929189,,
258,UNC22126609,0.9784674820398322,0.9936753590921368,,
259,UNC22127090,0.9508839049885864,0.9445015166087553,,
260,JAX00041782,0.9477802761580278,0.9916142051370789,,
261,JAX00350174,0.9561314685724938,0.8401350370946455,,
262,UNC22127676,0.9576443198552624,0.9349613528708228,,
263,UNCHS035042,1.0158914906719474,0.952252971721767,,
264,UNC22128711,1.7489332633012964,0.9755968225648372,,
265,JAX00350196,1.823615987226276,0.964344143571326,,
266,UNCHS035043,1.8096935080893672,0.7451545062272803,,
267,JAX00350201,1.885126919382401,0.9912666980457675,,
268,UNCHS035045,2.6288871912038303,0.5598232274518474,,
269,UNCHS035047,2.8095784539304987,0.6554236994637307,,
270,UNCHS035048,2.9142477246166436,0.5760393406478372,,
271,UNCHS035049,2.7817590793852105,0.8320153059358165,,
272,UNCHS035051,3.071914846222171,0.5798066164824743,,
273,UNC22131310,3.219552090775778,0.4086429147332451,,
274,UNC22131845,3.2184276744453655,0.7243232151959984,,
275,UNC22132289,3.1368824696644424,0.5237589580254,,
276,JAX00350253,3.0421422917656855,0.48476971619007836,,
277,UNC22132949,3.017440169013753,0.4348690127949662,,
278,UNCHS035055,3.015040024908103,0.6712652104888552,,
279,UNCHS035056,3.0172435792512715,0.5418429102629605,,
280,UNC22133215,3.02550433439319,0.46825871233275224,,
281,JAX00350269,3.0515134667002712,0.5471493138926521,,
282,UNC22133739,3.0568366950583368,0.565211100723978,,
283,UNC22134453,3.090292814358463,0.4940775300734927,,
284,UNCHS035057,3.068629941298923,0.5548463949223463,,
285,UNC22134934,2.8649674970104115,0.5970739034301967,,
286,JAX00041815,2.861824686349564,0.5345442081958913,,
287,UNCHS035059,2.6665961589010294,0.481731609916902,,
288,UNC22135354,2.669186434649646,0.8017350472481858,,
289,UNCHS035062,2.7214282137615555,0.6081468661850138,,
290,UNCHS035063,2.7306878346948906,0.6089374791740895,,
291,UNCHS035064,2.7332328289060115,0.6798480546256379,,
292,UNCHS035065,2.7842845885190854,0.5371759995668557,,
293,UNCHS035067,2.8017575656629106,0.6369576252210559,,
294,UNCHS035068,2.8030374305878922,0.7078331077392513,,
295,UNC22137469,2.8169907141145814,0.6544514894405119,,
296,UNCHS035069,2.8174571536278563,0.4936585378000933,,
297,UNCHS035071,2.8161805837705742,0.6756553960645693,,
298,UNCHS035072,2.82038950494416,0.7580959504079443,,
299,JAX00350355,2.846511638722859,0.5034179904993918,,
300,JAX00350356,2.8615328880780453,0.5818812285073208,,
301,JAX00350358,2.865377322297718,0.7656412474489295,,
302,UNC22140006,2.9570642917703935,0.6482036427266616,,
303,UNCHS035073,3.009502249111165,0.6981985833288523,,
304,UNCHS035074,3.030329485645325,0.4480433332234523,,
305,ICR525,3.0606109801894945,0.5730428102725538,,
306,UNCHS035075,3.0929727860147977,0.44836991763800893,,
307,UNCHS035076,3.1311952418157034,0.5720467744181069,,
308,UNCHS035077,3.1421891623456304,0.5922092508487935,,
309,UNCHS035078,3.178367729442016,0.48454156538903365,,
310,UNCHS035079,3.157504245727523,0.6160895624884566,,
311,UNC22141689,3.1902733272843307,0.46478351066418355,,
312,UNCHS035081,3.2241260525381676,0.553626209484365,,
313,UNCHS035082,3.221639918618166,0.5256069510233808,,
314,UNCHS035085,2.834664437671563,0.5917327509927554,,
315,UNC22143067,2.63706908475001,0.7028001989561066,,
316,ICR529,2.6523213858308736,0.7651085660268879,,
317,JAX00041868,2.673962322203124,0.706132552787476,,
318,UNC22143085,2.9171000366434328,0.5979988512383256,,
319,c13.loc13,2.9637924513388043,0.7712163645228282,,
320,UNC22143106,2.970317539954067,0.5457877903333895,,
321,UNC22143487,3.1655331822917105,0.42233937825360623,,
322,UNC22144316,3.1352419222780554,0.5152857275920719,,
323,UNCHS035090,3.8041759506329527,0.31475150036521293,,
324,UNC22145917,3.817177296542013,0.594078589852369,,
325,UNCHS035091,3.834339642598934,0.4305055679327651,,
326,UNCHS035092,3.8404182897991177,0.28155979724399605,,
327,JAX00350489,3.90103238298866,0.3704767555934535,,
328,JAX00350496,3.945707871001332,0.25863525137218474,,
329,UNC22146756,4.095340781700543,0.33816596377434505,,
330,JAX00350502,4.166732933850653,0.2963134467882016,,
331,JAX00041911,4.209548766611533,0.36205767176735076,,
332,UNCHS035093,4.184829912708437,0.4325806904487622,,
333,UNCHS035094,4.166171804421765,0.31455880509731166,,
334,UNCHS035096,4.16616981043876,0.3620495378590445,,
335,JAX00041918,4.157832583275649,0.3649680249035222,,
336,UNC22149194,4.157671883133844,0.3415237833255789,,
337,UNC22149575,4.193513298281232,0.369796467393594,,
338,UNCHS035098,4.19520634225546,0.2947767344272076,,
339,UNCHS035099,4.183553101297775,0.4637583132786758,,
340,UNCHS035100,4.183179124474009,0.35669305956276254,,
341,UNC22150264,4.182238596062689,0.2504983595035617,,
342,JAX00350581,4.178258247945223,0.40299014861138455,,
343,UNCHS035101,4.1768785230519825,0.2799375379343561,,
344,UNCHS035102,4.176659065303511,0.23385114704662818,,
345,UNC22150735,4.176426471473178,0.4540841770469226,,
346,UNCHS035103,4.175905747227944,0.2624029401796516,,
347,UNCHS035104,4.175417884149056,0.28200584941154344,,
348,JAX00350592,4.17205585896113,0.27656751167004046,,
349,UNCHS035105,4.171992102149716,0.42412605177451407,,
350,UNC22152008,4.171880695452728,0.3153510267785061,,
351,UNC22153001,4.33545725659269,0.43885991283635195,,
352,JAX00350648,4.349951832814668,0.2635767921772996,,
353,UNC22154128,4.360439067731704,0.4764031877149949,,
354,UNC22155486,4.377705150994643,0.4205456956456468,,
355,UNCHS035107,4.40901975167435,0.36034936804031203,,
356,UNC22156119,4.410407066501648,0.3319604891842612,,
357,UNCHS035108,4.410670676661994,0.2969358619164511,,
358,UNCHS035109,4.506271527515537,0.547716758508482,,
359,UNC22157475,4.505773939368282,0.2011007175521893,,
360,UNCHS035110,4.505198560930694,0.276996712202349,,
361,JAX00350701,4.425823402471224,0.3324757074702092,,
362,UNC22158728,4.335329161575828,0.5160428033354998,,
363,UNCHS035111,4.189538015252083,0.28586007780897277,,
364,UNCHS035112,4.173757011909856,0.2846125554319207,,
365,UNCHS035113,4.051917177318273,0.5961213177751842,,
366,UNCHS035114,4.03885952915175,0.5123253854763821,,
367,UNC22160603,4.045299506065248,0.4729750598817374,,
368,JAX00350745,4.053787597217024,0.38679508152170217,,
369,JAX00350761,4.065071496899009,0.29124391633180585,,
370,JAX00350774,4.075813743708068,0.3459212857515673,,
371,c13.loc15,4.050373381878217,0.3879921500311729,,
372,UNC22163382,4.024605791078102,0.37067115236652737,,
373,JAX00042017,4.009892226460806,0.31119646963808373,,
374,UNCHS035115,3.9946891315019,0.3071403539449725,,
375,UNCHS035116,3.9846246043211977,0.3670551542526949,,
376,JAX00350818,4.022316995895153,0.30510143185442107,,
377,UNCHS035117,4.313578594252249,0.21366032570225094,,
378,UNCHS035118,4.326612011194811,0.378481283473657,,
379,UNC22165363,4.375772465996988,0.5035563358144381,,
380,JAX00350844,4.380433341674916,0.3760372671626097,,
381,UNCHS035119,4.385823208267766,0.34554175669863174,,
382,UNC22166313,4.385236570937195,0.42866401035199614,,
383,UNCHS035120,4.385311911046301,0.2318086513198633,,
384,JAX00350858,4.388581702467945,0.4285576357816565,,
385,UNCHS035121,4.3952571099143825,0.3353308567674403,,
386,UNCHS035122,4.401952819401686,0.3478373157923513,,
387,UNCHS035123,4.458329956356238,0.34554316580327143,,
388,UNCHS035124,4.460509759279603,0.2882011917619686,,
389,UNCHS035125,4.4615599494891285,0.23267003054749696,,
390,UNCHS035126,4.49552087139773,0.33728840543748584,,
391,UNC22167664,4.496562217424071,0.20251926381593977,,
392,UNCHS035128,4.7437020778882015,0.1617498394630373,,
393,JAX00350898,4.76941086350962,0.23609369302578487,,
394,UNC22170126,4.810838454076702,0.21978012669122032,,
395,JAX00350917,4.857341380924936,0.1467050137258506,,
396,UNC22170929,4.880198167341177,0.33767093780897295,,
397,UNCHS035129,5.277251532397258,0.1410311706936201,,
398,UNCHS035130,5.301202515861178,0.13437864582577103,,
399,UNCHS035131,5.345269371155155,0.11991741532445335,,
400,UNCHS035132,5.496762773555474,0.13922898503183015,,
401,backupJAX00042076,5.583653419127813,0.09001789441992353,,
402,UNCHS035133,5.586219106661247,0.22451801008735567,,
403,UNCHS035134,5.604798822017983,0.10517167600708097,,
404,UNC22173137,5.873292940224701,0.15545716368894774,,
405,UNC22174331,6.1602888040577,0.1144872768817838,,
406,JAX00350973,6.176026043922093,0.07350501491273286,,
407,JAX00350980,6.250192635167423,0.0808757948371699,,
408,UNCHS035135,6.48036161208006,0.06743631252277994,,
409,UNC22175590,5.4226048129921764,0.20662648796129035,,
410,UNC22176234,5.363148196409611,0.19462014881176914,,
411,JAX00042101,5.3102260397267855,0.12878003817295916,,
412,UNC22177382,5.321198116000687,0.16082595908512223,,
413,UNCHS035137,5.308536376860502,0.24473317110809814,,
414,UNCHS035138,5.308203850746395,0.1852716221108937,,
415,ICR533,5.301145735635146,0.19158435345933428,,
416,ICR4533,5.301117787826797,0.1091819023121855,,
417,UNC22178547,5.300395886268234,0.14803316354786433,,
418,ICR534,5.29932340836308,0.18946449332032467,,
419,JAX00351070,5.2986153237707185,0.1750875080539396,,
420,JAX00351073,5.298289414199189,0.12157011329811862,,
421,UNCHS035139,5.2960177739469145,0.1702604813329117,,
422,backupUNC130018837,5.143396858358074,0.19353918597941883,,
423,JAX00351087,4.723153638282383,0.16542459455893463,,
424,ICR535,4.646936655317177,0.19015908940059026,,
425,ICR4535,4.646568055741227,0.2590884131962467,,
426,UNC22180309,4.711014405662354,0.2595898934011769,,
427,JAX00351105,4.710342081971703,0.20640552431103001,,
428,ICR536,4.706978279476971,0.19871880756720733,,
429,UNC22181883,4.702299178812154,0.19632988137250104,,
430,JAX00351128,4.719473237505781,0.22641745436742053,,
431,ICR537,4.782319918804433,0.23264169653243302,,
432,ICR4537,4.78339338815681,0.2371267691230354,,
433,UNCHS035142,4.776015199262929,0.2635614840176128,,
434,UNCHS035143,4.245659764048469,0.20378953679034012,,
435,UNCHS035144,4.193858551066796,0.3019350394601303,,
436,JAX00351151,4.19386584812537,0.2944097854066597,,
437,UNC130487260,4.19413375384579,0.34998725967389666,,
438,ICR4538,4.19644418106509,0.4323347096312056,,
439,UNC22183690,4.1966919266021705,0.2449193471569554,,
440,UNCHS035146,4.20154089771836,0.242639764814137,,
441,ICR539,4.203475926163719,0.2650308569703714,,
442,UNC22185260,4.204524127350851,0.6261031920139749,,
443,UNCHS035147,4.205183882050278,0.3227407993900866,,
444,UNCHS035148,4.305206059244256,0.3351694303656095,,
445,UNCHS035149,4.313080773523325,0.31414979319727454,,
446,ICR540,4.288097692290194,0.3323585519227852,,
447,ICR4540,4.291578894607483,0.40864538287376967,,
448,JAX00351234,4.29454147612114,0.26179846173735105,,
449,UNCHS035151,4.298038925008996,0.30681759971787825,,
450,UNCHS035152,4.29761798448294,0.2796809815655585,,
451,UNC22186716,4.297462658330915,0.36890558796223466,,
452,UNCHS035153,4.283017432807355,0.2725401052481968,,
453,UNCHS035154,4.296980286118696,0.24280079997453768,,
454,UNCHS035155,4.533266237625412,0.3458465659841102,,
455,UNC22188628,4.534022239646674,0.19055901050568144,,
456,UNCHS035156,4.566137912616796,0.22598838359461962,,
457,UNCHS035157,4.639121162691026,0.26252208081721706,,
458,UNCHS035158,4.648000059857395,0.2184726330926073,,
459,JAX00351300,4.9042910674293125,0.13017368497378554,,
460,JAX00351301,4.903863753003407,0.25859376543191626,,
461,UNCHS035159,4.869087524559518,0.22709952749460263,,
462,UNC22190603,4.822672724455288,0.1846886714124998,,
463,UNC22191645,4.728148131413718,0.31603236079119307,,
464,JAX00042204,4.6794086230218,0.22942840191493133,,
465,UNC22192362,4.615875070594711,0.20449553292853076,,
466,JAX00042211,4.511561005579097,0.20941917491185025,,
467,UNC22193313,4.446021650678858,0.2768358137006667,,
468,JAX00351365,4.409922558789731,0.20535520003391644,,
469,UNCHS035163,4.3827685679741535,0.35596651182833094,,
470,UNC22194525,4.164166515152374,0.40472496510168426,,
471,UNCHS035165,4.070081793249756,0.47462946987051874,,
472,UNCHS035166,4.054909754555183,0.23075487477340556,,
473,UNCHS035169,3.9448227307702837,0.3418139761540201,,
474,UNCHS035170,3.9423966658546306,0.5235500278285421,,
475,UNC22196688,3.923875578392426,0.3576231689070018,,
476,UNCHS035171,3.9245260666941704,0.26386050096047287,,
477,UNCHS035172,3.9149930812213825,0.4179142812694058,,
478,UNC22198401,3.5648165068241724,0.4691589185528895,,
479,UNCHS035173,3.5347938887637156,0.5832225052146235,,
480,UNCHS035174,3.5314126069688427,0.36759768889027145,,
481,UNC22200065,3.5226714121386067,0.5497839160112067,,
482,JAX00351458,3.5148481036942485,0.35475589547543457,,
483,UNCHS035175,3.4960646466765866,0.39560678181874676,,
484,UNCHS035176,3.4839970848929624,0.5545156380127847,,
485,UNC22201133,3.660532866907033,0.4723876434199698,,
486,JAX00351496,4.286244131968715,0.2696394085612469,,
487,UNC22202797,4.298629900631568,0.3099215735496461,,
488,UNCHS035180,4.2555793671213,0.19957278063758888,,
489,JAX00351514,4.228969991051599,0.3599490423418326,,
490,UNC22203735,4.203300449867129,0.2498806265635855,,
491,UNCHS035181,4.201084509676548,0.38542289040666217,,
492,UNCHS035182,4.231477765651334,0.33255590856777023,,
493,UNCHS035184,4.886778133662574,0.20259751570857315,,
494,UNCHS035185,5.454063774101087,0.2612904359947898,,
495,UNCHS035186,5.485503050212628,0.1519846868293089,,
496,UNCHS035188,5.767564938508258,0.17063906514231839,,
497,UNCHS035189,5.8571772794289245,0.09617421881382385,,
498,UNCHS035190,5.866758333435882,0.11225575952340523,,
499,UNC22207225,5.96506076525543,0.12099406931047141,,
500,UNCHS035191,6.250234846903595,0.05821101272607798,,
501,UNCHS035192,6.294988109250653,0.1535514354394563,,
502,UNCHS035193,6.308008762781128,0.10571021815724713,,
503,UNC22208995,6.406737439183189,0.09430644966662902,,
504,JAX00351622,6.952516212924365,0.11563932911494844,,
505,UNCHS035196,7.246643291126247,0.05231529691928389,,
506,UNCHS035197,7.341941644407143,0.06495372308345644,,
507,UNCHS035198,7.354546146648772,0.06052806436372347,,
508,JAX00042296,7.356028011821763,0.06023036767264512,,
509,UNC22212119,7.413264814697413,0.07535594546186733,,
510,UNC22212938,7.279721474805228,0.06196507816216731,,
511,JAX00351686,7.26777380208955,0.08433844941148588,,
512,UNCHS035199,7.276761303554849,0.0889716367340856,,
513,UNCHS035200,7.276953891796211,0.05815887475955879,,
514,UNCHS035201,7.276147458555897,0.03825202270527759,,
515,UNCHS035202,7.2754527094591595,0.05109772182146433,,
516,UNCHS035204,7.270370480758629,0.05170425202068133,,
517,UNCHS035205,7.269600676809887,0.056604959941191774,,
518,UNCHS035206,6.9216582825138175,0.13829735646424268,,
519,JAX00042316,6.9141052565137215,0.1034321417458679,,
520,UNC22215657,6.855583689980676,0.07699832979270792,,
521,UNCHS035207,6.789722354187916,0.04878184272895148,,
522,UNCHS035208,6.476502970043157,0.05148254677651977,,
523,UNCHS035210,6.124490493169333,0.09978077026363492,,
524,JAX00351742,5.318117365293801,0.2800930184152842,,
525,JAX00351747,5.251035005068616,0.13684897547326924,,
526,UNC22217054,5.231205084942985,0.22605035302884752,,
527,JAX00351755,5.179580163875698,0.20308207734773076,,
528,JAX00042331,5.109250238042478,0.2160373884364364,,
529,JAX00351788,5.110694641628925,0.20812934523834337,,
530,JAX00351791,5.113156496292049,0.17084426017213766,,
531,UNCHS035211,5.114092339717445,0.21465340106216035,,
532,UNCHS035212,5.091716444065469,0.1329475877784958,,
533,UNC22220134,4.768270249690886,0.27579237069082635,,
534,UNC22220550,4.768784462323538,0.34458257310676654,,
535,UNCHS035213,4.770601132772072,0.14245536868766423,,
536,UNCHS035214,4.4425106793551095,0.26212750347263786,,
537,JAX00351865,4.344245579911558,0.3100123009004784,,
538,UNC22222713,4.160706791544953,0.28882750512951494,,
539,UNC22223379,4.060269248414443,0.38803279850856276,,
540,UNCHS035217,3.9615413742419605,0.3264496736250892,,
541,UNCHS035218,3.9101485652818155,0.5027644163680565,,
542,UNCHS035219,3.230183279296398,0.5567198761984685,,
543,UNC22225370,3.1858338336128327,0.5015642632767099,,
544,UNCHS035220,3.0903458066213716,0.43651172426281276,,
545,UNC22225399,3.0891020695685256,0.4917594951406711,,
546,UNC22225445,3.273927746884283,0.4394264556609306,,
547,UNC22225462,3.3297080508439194,0.5010569195342661,,
548,JAX00351935,3.311803092413129,0.4426966472206873,,
549,UNC22225524,3.3153760586542376,0.3743663646352651,,
550,UNC22225547,3.3603404622892867,0.4234976789110023,,
551,UNC22225615,3.4445299708743278,0.6227805651038499,,
552,UNC22225713,3.5436929002603392,0.6214847473533481,,
553,UNC22225807,3.4986437393454253,0.5179576729145011,,
554,UNCHS035222,3.501502381503542,0.4469606236198005,,
555,UNC22225855,3.5015338600242103,0.5781553563650073,,
556,UNC22225912,3.5038290060033432,0.3546267038795157,,
557,UNC22225931,3.499254486985137,0.4386965012260116,,
558,UNC22225979,3.488923864451408,0.500534883767851,,
559,UNC22226048,3.4855908871797965,0.5240000450592014,,
560,UNC22226145,3.319797017902829,0.41712376586735983,,
561,UNC22226243,3.2270367548067043,0.6164200694962455,,
562,UNC22226263,3.230375965251369,0.5999389122912854,,
563,UNC22226346,3.2241858488857815,0.43726851052008076,,
564,UNCHS035225,3.2194644133035126,0.5758387229373102,,
565,UNC22226445,3.2189199345586985,0.7327125459337777,,
566,UNCHS035226,3.2167697864911133,0.33300772350627994,,
567,JAX00351971,3.2089266245332055,0.4201610412610644,,
568,JAX00351989,3.0613488894020975,0.6542672603774045,,
569,UNC22228117,3.0575547388757514,0.6559907773362424,,
570,UNCHS035227,3.04048688767557,0.8679900478229147,,
571,UNCHS035228,3.0237071267442843,0.5655691298363058,,
572,JAX00042387,2.8775344992709506,0.5110995667430454,,
573,UNCHS035229,2.810989373728262,0.557712483076334,,
574,UNCHS035230,2.792852931632524,0.7058431667962232,,
575,UNC22229959,2.7639522258205034,0.47423080289463776,,
576,UNCHS035231,2.763741631909852,0.5636945306718478,,
577,UNCHS035232,2.6914431886093553,0.7803242113221053,,
578,JAX00042389,2.6803357544681603,0.7001684616205884,,
579,JAX00042391,2.1998351588154037,0.6146384836360067,,
580,JAX00352060,2.1997643947265715,0.6794932380656827,,
581,UNC22231083,2.1997779802059085,0.7523006466067463,,
582,JAX00352085,2.201244335311685,0.7146209652240342,,
583,UNC22233008,2.2026266042394127,0.765253752422334,,
584,UNC22233976,2.2087944658553624,0.8849500533637025,,
585,JAX00352129,2.2123727579994465,0.7547953682120825,,
586,UNC22234794,2.2176557043308094,0.7202709701675317,,
587,UNCHS035233,2.186896086290517,0.6403634285200097,,
588,UNCHS035234,2.1358469415374657,0.6343271037922233,,
589,JAX00352160,2.5612510336275136,0.5517374587476186,,
590,UNC22236340,3.021134785983122,0.5033013974727046,,
591,JAX00352170,3.0331374952243095,0.47048739234357473,,
592,UNCHS035235,3.0955405614224674,0.7252451581130569,,
593,UNCHS035236,3.1014602353332066,0.4707612161792416,,
594,UNC22238552,3.139331325656485,0.6780143056412087,,
595,JAX00352201,3.169991229094421,0.5959855043453759,,
596,UNCHS035237,3.264732308924067,0.6201767458545926,,
597,UNCHS035238,3.27673396649152,0.5073862802944816,,
598,UNC22239390,3.4697709840831976,0.3941319594771644,,
599,JAX00352211,3.4760428632059757,0.6359599021812427,,
600,UNCHS035239,3.526561782737417,0.6747729316040952,,
601,JAX00042436,3.54697556403994,0.4689965669809204,,
602,UNCHS035241,3.8460411653936717,0.6334870584484305,,
603,UNCHS035242,3.869540165790113,0.37991866907575433,,
604,JAX00352251,3.869411206568884,0.43542536132805365,,
605,JAX00042445,3.86012706386623,0.3824955133705667,,
606,UNCHS035243,3.860151698099571,0.38803875632027335,,
607,UNCHS035244,3.8238235497997266,0.5421536745334828,,
608,UNC22242643,3.7068937822352837,0.42633881146614927,,
609,c13.loc21,3.7238070553210036,0.4409991439367035,,
610,JAX00042454,3.760369168541274,0.45655273811184616,,
611,JAX00352279,3.664750208851956,0.42703541556127084,,
612,JAX00352280,3.664781389218888,0.46796556205528855,,
613,UNC22244370,3.691575035753658,0.5426491965623771,,
614,UNC22245845,3.7590514488877034,0.4237863772660604,,
615,UNC22246861,3.8506388768646502,0.4520141674368643,,
616,JAX00352323,3.8509889132378703,0.2909389202432813,,
617,JAX00352327,3.852009861743227,0.34152927684540335,,
618,UNC22247602,3.8537505078240883,0.3037902944775632,,
619,UNC22248562,3.8576742282316445,0.407008558852117,,
620,UNC22249846,3.953572941097036,0.3638247845509386,,
621,UNCHS035248,3.9622507457631855,0.433417008332673,,
622,JAX00352372,3.979241380587837,0.46295568098599643,,
623,JAX00352374,3.960302124423606,0.39406021597944146,,
624,UNC22250684,3.953086835978638,0.3227565553726576,,
625,UNCHS035249,3.449784664158642,0.4221332527156017,,
626,UNCHS035250,3.440155215513414,0.5753342639051774,,
627,UNCHS035251,3.1853002176840164,0.6027480277356483,,
628,UNCHS035252,3.1727649656565973,0.7723880423355022,,
629,UNC22251557,3.5219085996939157,0.3398321106844811,,
630,UNCHS034494,3.6316372135190704,0.3252221154759164,,
631,JAX00352395,3.653177852974295,0.5707427590426438,,
632,UNC22252076,3.6720702421562237,0.4058870713838366,,
633,JAX00352400,3.710124692460795,0.4551222884529707,,
634,JAX00352407,3.7427069176615078,0.267403463218897,,
635,UNC22253286,3.8480183227447924,0.5094268218872388,,
636,UNC22253995,3.847310113246749,0.28408987570995703,,
637,JAX00352445,3.879680029252995,0.4100368554789291,,
638,UNCHS035260,3.8800618404343368,0.2877476885330628,,
639,UNC22254911,3.8814396715140447,0.26116241772808874,,
640,UNCHS035261,3.882043961212048,0.3239148882597213,,
641,UNC22255385,3.884634042989319,0.4344676050808241,,
642,UNCHS035263,3.6766227490888923,0.43176612456649893,,
643,UNCHS035264,3.6560512174773976,0.5478358255255436,,
644,UNC22255789,3.635802968066855,0.33815430081324616,,
645,JAX00202221,3.57914059089876,0.39780443658354453,,
646,UNC22256205,3.580672272258653,0.6045819126020227,,
647,JAX00352467,3.4831767661621598,0.5468383675498971,,
648,JAX00042550,3.2617610129123022,0.4183578366298302,,
649,UNC22256440,3.250618832669261,0.42887881898711583,,
650,UNCHS035266,3.2207101636838615,0.5255960469072325,,
651,UNC22256744,3.1554897598321077,0.4704187790051522,,
652,UNC22257304,3.0784864198924424,0.524114212633863,,
653,JAX00352486,3.0858957751029266,0.8333574797393573,,
654,JAX00352492,3.0296177185091437,0.8760783616041437,,
655,UNC22257731,2.916087343788604,0.49821937470362515,,
656,UNCHS035267,2.8123774001869606,0.6570560164441605,,
657,UNCHS035268,2.810109485642897,0.814346825293794,,
658,UNC22257907,2.7593229560839063,0.5678291722067198,,
659,UNC22258193,2.415806751834225,0.7186383530729293,,
660,UNCHS035269,2.3415927020857907,0.6885002353521743,,
661,UNC22258382,2.363010293101752,0.8818660938318641,,
662,UNCHS035270,2.3618350968954474,0.8886513906772652,,
663,UNC22258775,2.311460989291845,0.7193022308890441,,
664,UNC22259028,2.3352180114068233,0.7093373890151328,,
665,UNC22259223,2.3563464367375673,0.6241687344809341,,
666,JAX00042591,2.356853653858934,0.873895112842929,,
667,UNC22259442,2.235827909580621,0.8352756427042851,,
668,JAX00352522,2.236114267593166,0.8096017340158712,,
669,UNC22259587,2.238217759989311,0.7904922219268302,,
670,UNC22259812,2.242932372152609,0.7252742438561073,,
671,UNC22260524,2.2324665226287834,0.6360903064322431,,
672,UNC22260645,2.2328502761540676,0.7153673413657234,,
673,UNC22260960,2.233556199449822,0.8701262892572384,,
674,JAX00352544,2.235800887520554,0.6320628179328156,,
675,UNCHS035271,2.2512417405275755,0.6559445409088069,,
676,UNCHS035272,2.250962004050052,0.6438472925786435,,
677,UNC22261997,2.249690827876748,0.6368479146031469,,
678,JAX00042619,2.24961447855776,0.5829128243393975,,
679,UNC22262162,2.2480292419550096,0.7511016589024476,,
680,UNC22262889,2.1411172392761273,0.6514195846994506,,
681,JAX00352569,2.140524233584074,0.7367041432300436,,
682,UNC22263112,2.136161135308612,0.8000145581885071,,
683,UNCHS035273,2.115553513483974,0.6848449406692806,,
684,UNCHS035274,2.113348538830678,0.6657119659614801,,
685,UNC22263703,2.0978810010005873,0.7089597356704453,,
686,UNCHS035275,2.0813591058554266,0.8305192903743288,,
687,UNCHS035276,2.2964939248374776,0.6370119584972157,,
688,UNC22264104,2.2244411544629656,0.7677493423695718,,
689,UNC22264470,2.229777676489448,0.608836380110233,,
690,JAX00352599,2.2184051355736756,0.6519382037700253,,
691,JAX00352600,2.218300847899627,0.6860242659838485,,
692,JAX00042642,2.272611058795974,0.8721351788363174,,
693,UNC22265895,2.2856713486296485,0.7213798600766731,,
694,UNC22266149,2.3414633944880734,0.6368698997693188,,
695,UNCHS035278,2.263511830577272,0.8753069973024351,,
696,UNCHS035279,1.9411245696983315,0.8739485268087035,,
697,UNCHS035280,1.8857884734554773,0.727979269398722,,
698,UNC22267093,2.9060914069923456,0.5711528335322977,,
699,JAX00042649q,2.897694383489579,0.6461132166107045,,
700,UNC22267580,2.8876981205080483,0.5298191751557949,,
701,UNC22267867,2.8699569267143943,0.6625475877914403,,
702,UNC22268907,2.8135678317626116,0.46535860251227507,,
703,JAX00352639,2.7637323209212354,0.8336144138234078,,
704,UNC22269494,2.7565009017012017,0.6567449917993808,,
705,UNCHS035281,2.6804289414774303,0.7059754055589945,,
706,UNCHS035282,2.677545812339531,0.7258487566638193,,
707,UNCHS035283,2.668146108018391,0.7162247501196258,,
708,UNCHS035284,2.7470193637884677,0.5819479106145903,,
709,UNC22271285,2.6337353736107616,0.7451164970297682,,
710,UNCHS035285,2.581261619030556,0.6188103581690924,,
711,UNCHS035286,2.5801500727613984,0.646690671505722,,
712,JAX00202258,2.579900437290462,0.6071146845238161,,
713,UNC22271917,2.5710962206374006,0.6299547686345466,,
714,JAX00352686,2.5676847934812486,0.8051230825563721,,
715,UNC22272548,2.56001294654925,0.7327623178391071,,
716,UNCHS035287,2.5562243031467915,0.5278213427545279,,
717,UNCHS035288,2.5438572317930266,0.7776055059102543,,
718,UNC22272854,2.5757717082794898,0.42059772271817053,,
719,UNCHS035290,2.4631090374946325,0.6482613316881567,,
720,UNC22273332,2.634077463706035,0.6779818193462052,,
721,UNC22274725,3.524590052876647,0.3801680824925913,,
722,UNCHS035291,3.0425216275034472,0.5330765767056005,,
723,UNCHS035292,3.1356910812587557,0.38233730854851583,,
724,JAX00352743,3.1028153340114386,0.551791092079118,,
725,UNC22276430,3.0727000906238118,0.4810338333708106,,
726,JAX00202269,3.039229132352375,0.9438559431060927,,
727,UNCHS035293,3.037099611228996,0.8022192616697451,,
728,UNCHS035294,3.03593920863068,0.548197625079328,,
729,UNCHS035295,3.015783691323122,0.9153720070352201,,
730,UNC22277913,2.928081070432654,0.5913272561081016,,
731,JAX00352790,2.8442384753921033,0.47854881057724186,,
732,JAX00352797,2.7604347108365346,0.4526043438926114,,
733,JAX00352816,2.222138555435322,0.530370371413581,,
734,UNC22281152,2.00481374356832,0.8324807824768751,,
735,JAX00352852,1.9373203418524554,0.8038004915181717,,
736,UNC22282237,1.9344842900500225,0.8052486516934494,,
737,UNCHS035297,1.9337300483348372,0.7789994188787392,,
738,UNCHS035298,2.1254543928369003,0.7071627734344164,,
739,JAX00042727,2.1100937892533693,0.8943883183812477,,
740,UNC22284385,2.065133605807887,0.5946014517229014,,
741,UNCHS035299,2.0619504886708455,0.6754764898575708,,
742,UNCHS035300,2.0971770684109288,0.6925427525950909,,
743,UNCHS035301,2.1362273254387674,0.7328708062147633,,
744,UNCHS035302,2.1465650439672572,0.9933768118472153,,
745,UNCHS035303,2.146164681778373,0.6198645427032288,,
746,UNCHS035304,2.1456470125992837,0.6683684570922456,,
747,JAX00352895,2.145219869810262,0.7029140729470065,,
748,UNC22286225,2.127221928144536,0.9035454771117032,,
749,UNCHS035305,2.12613806697982,0.7036045976828191,,
750,UNCHS035306,2.125276982334526,0.8781247613023465,,
751,UNCHS035307,2.1011443259317275,0.7693228159047019,,
752,UNCHS035308,2.1003200674394975,0.510292864208235,,
753,UNCHS035310,2.0982438590033325,0.8014456499314725,,
754,UNCHS035311,2.080161821656475,0.8111049275171179,,
755,UNCHS035312,2.292119250230826,0.7683923010425755,,
756,UNC22288285,2.316783616283601,0.766781693461847,,
757,JAX00352935,2.32062620863735,0.9478332278171491,,
758,JAX00352948,2.3451809020743895,0.7558858612036153,,
759,JAX00042767,2.3317140394456146,0.6106271342531208,,
760,JAX00202291,2.393966946446426,0.5912448883500662,,
761,UNC22290927,2.420029763185994,0.6219518132763506,,
762,JAX00042774,2.3922182811745643,0.5864629374697726,,
763,UNC22291387,2.3775293142407463,0.77512703787535,,
764,UNC22291688,2.3764830148898,0.8932442619780498,,
765,UNC22291820,2.375412471997606,0.9699604701115868,,
766,UNC22291953,2.3662621880416737,0.6976895008689527,,
767,JAX00042778,2.3852355609201368,0.6668558603338394,,
768,UNCHS035313,2.3894003321188393,0.6269735330690526,,
769,UNC22292291,2.388488341544189,0.653553761702278,,
770,UNCHS035314,2.4851054031978492,0.7771679841295848,,
771,UNC22292588,2.521582166549706,0.5752045856883161,,
772,UNC22293030,2.458977444693346,0.6893846010820861,,
773,UNC22293231,2.426518747679438,0.5371074172969199,,
774,UNC22293532,2.381932725306342,0.6750304518848163,,
775,UNC22293733,2.330529946790193,0.8051010476323305,,
776,UNC22294037,2.4913173697736966,0.794944635561942,,
777,UNCHS035316,2.4858674439462902,0.7705878822408692,,
778,UNC22294340,2.46010693240828,0.6072352091120288,,
779,UNC22294957,2.416296534324374,0.5918464047457636,,
780,JAX00042792,2.4171779460807556,0.6638572061121639,,
781,UNC22295220,2.4179200446933464,0.7213379964383275,,
782,UNCHS035317,2.4179052398342264,0.6202757712535696,,
783,UNCHS035318,2.4180078675510686,0.7777121941581487,,
784,UNC22295480,2.418295136505094,0.6549383127986412,,
785,UNC22295872,2.4040482790308033,0.7678508980873681,,
786,UNC22296244,2.405230057796416,0.912005889900676,,
787,UNC22296412,2.410635889074456,0.7641552301827738,,
788,JAX00353012,2.407999471535277,0.5896369324565178,,
789,UNCHS035319,2.4009853559232397,0.5604412477922361,,
790,UNCHS035320,2.3927331371717173,0.7642420316987084,,
791,UNC22297361,2.366225544430563,0.5370976307750421,,
792,UNC22297708,2.30038073564333,0.7026091559080101,,
793,UNC22297945,2.144631798037153,0.8262230978833536,,
794,UNCHS035321,2.0253931055181056,0.7729826948032447,,
795,UNCHS035322,2.131821860853279,0.7729820594409692,,
796,UNC22298532,2.143702867126649,0.9841084249703542,,
797,UNCHS035324,2.1457176600831644,0.7154471918460861,,
798,UNC22298910,2.161389968140611,0.7823496926994431,,
799,JAX00353029,2.184477992318989,0.8488643042280781,,
800,UNCHS035325,2.1868640549907923,0.57991941217724,,
801,UNCHS035326,2.2749116033621704,0.5905909639159522,,
802,JAX00353031,2.2763187659070354,0.8829940746703908,,
803,UNCHS035327,2.2765467367801193,0.8713290042671131,,
804,UNCHS035328,2.2753055912494347,0.8197084333403342,,
805,UNC22299509,2.277545675185138,0.6636389855021816,,
806,UNCHS035329,2.3334904873809137,0.7613867152667682,,
807,UNCHS035330,2.340741191862435,0.6534958095955224,,
808,UNC22300685,2.225885688040762,0.6899688044252011,,
809,UNCHS035331,2.0732812759692933,0.7332168468148511,,
810,UNCHS035332,2.0660908067791297,0.7061212011415137,,
811,UNC22301863,2.06477346561951,0.7928233904019801,,
812,UNC22302660,2.0267909011492975,0.822670728953676,,
813,JAX00353088,2.0214435465757106,0.838411111015541,,
814,UNC22303976,2.0211387354747785,0.9880926827503381,,
815,UNCHS035333,2.0223459397429906,0.7157906361360221,,
816,UNCHS035334,2.021572590587084,0.7519264123965776,,
817,JAX00042836,2.0317689038963636,0.7711787967227275,,
818,UNC22304649,2.0442738199508312,0.9797472872562687,,
819,UNC22305502,2.0269507178215918,0.7106029413639549,,
820,UNC22306136,2.010182780493551,0.9357681762125091,,
821,JAX00353146,2.008355194709111,0.8356641917101224,,
822,UNC22307400,2.002559233139891,0.7528095666641699,,
823,UNCHS035335,1.996021638873117,0.725699589494958,,
824,UNC22308422,1.8820525184548842,0.6506632047431624,,
825,JAX00042862,1.874513927648195,0.8018033497511897,,
826,UNC22309122,1.8735479833221689,0.6406360924660081,,
827,UNCHS035337,1.8863529831662618,0.6986854249222691,,
828,UNCHS035338,1.8832525822897423,0.7981878898219629,,
829,UNCHS035340,1.8851472734259005,0.7874181574156556,,
830,UNC22309755,1.882389561844093,0.8800399427159497,,
831,UNC22310805,1.8588829972322856,0.7960578113977131,,
832,UNC22311877,1.8571187868844845,0.7937293356958259,,
833,JAX00353211,1.8456431273873477,0.7750154044714523,,
834,B6_rs13481734,1.8359741133895113,0.902579991467809,,
835,UNCHS035341,1.826759786018556,0.7657365421174422,,
836,UNC22312523,1.817689122801312,0.868256683561785,,
837,UNCHS035342,1.8133421607735727,0.8578751027772473,,
838,UNC22313147,1.9764796842941905,0.8468340580586298,,
839,UNC22313635,1.9563646875694758,0.7206087821570167,,
840,UNC22314259,1.9144049093051763,0.6269840869984111,,
841,JAX00042899,1.9348276055347924,0.9015472902253521,,
842,UNC22314902,1.9476099745252213,0.89550453553437,,
843,UNC22315563,1.9767643983309426,0.6904261070633934,,
844,UNC22317750,2.0412837486464923,0.7114361798246212,,
845,UNC22318387,2.0673644390308255,0.6173131612599917,,
846,UNCHS035344,2.154515631661525,0.6437673281435494,,
847,JAX00042924,2.1959684523080796,0.6911807141011918,,
848,UNC22319177,2.281304432124898,0.8705866374206148,,
849,JAX00353304,2.343376408801987,0.5453263496899625,,
850,JAX00042929,2.352611574715638,0.7704250304328499,,
851,UNC22319795,2.424509464701032,0.6435313400324836,,
852,UNC22320103,2.4295347056759056,0.5283558253877719,,
853,UNCHS035345,2.4423362361471845,0.8267810854397041,,
854,JAX00353330,2.4941755240565726,0.5843543863383263,,
855,UNCHS035348,2.5544561080857875,0.6900411977715649,,
856,JAX00353333,2.5712849766018735,0.6090810869957275,,
857,JAX00353337,2.5847864402308005,0.5847016951365758,,
858,UNC22321249,2.7876722337630326,0.7073089443442189,,
859,UNCHS035354,2.735012536584236,0.514168862470313,,
860,UNCHS035356,2.753631602131918,0.6089211291766273,,
861,JAX00042957,2.6507012941347057,0.5006724014102709,,
862,UNC22322284,2.4886609415316343,0.7805310902895499,,
863,JAX00042962,2.487034234202838,0.7283832990173569,,
864,UNCHS035358,2.4868927288487157,0.5175405327720398,,
865,UNC22322593,2.48680693876895,0.8128792962043033,,
866,UNCHS035359,2.4852331690196934,0.8377453306327952,,
867,UNCHS035360,2.4849406393977915,0.7080919398812245,,
868,JAX00353370,2.482572003081259,0.8430641852166716,,
869,JAX00353381,2.4806931612515655,0.5150513245198484,,
870,UNC22324192,2.4751855872650594,0.5804736656653688,,
871,UNCHS035362,2.465303008769979,0.8110538289685558,,
872,UNC22324881,2.5277730584882647,0.6159375144476664,,
873,JAX00353402,2.6031173304313597,0.6822652890705311,,
874,UNC22325510,2.602401703869873,0.6699763282343021,,
875,UNC22326121,2.604603548174282,0.5565476724915039,,
876,UNCHS035363,2.613722687174686,0.7450343696881694,,
877,UNCHS035364,2.6150517878825212,0.740390411895562,,
878,UNC22326927,2.6319775866891177,0.7094132700867093,,
879,UNCHS035365,2.655917182717758,0.9851561317904359,,
880,UNCHS035366,2.6579684837010973,0.6777420557472852,,
881,JAX00202352,2.658146768263123,0.5227566079784557,,
882,UNCHS035368,2.658663436338429,0.927617419540359,,
883,JAX00042998,2.665972544105898,0.5670990703592825,,
884,JAX00353435,2.675445601003048,0.7331502541557505,,
885,UNCHS035369,2.692630826427603,0.7107784203775963,,
886,UNCHS035372,2.6049695753149535,0.723133220417082,,
887,UNC22329468,2.712110092123339,0.6780481320254791,,
888,UNC22330198,2.7516865659476935,0.6610595369398619,,
889,UNCHS035373,2.7689793358363204,0.6443318823117515,,
890,UNCHS035375,2.769501085805814,0.7777632070365943,,
891,UNCHS035374,2.772077028394733,0.7534156924629808,,
892,JAX00043017,2.8110740282177176,0.7878979519759712,,
893,UNC22331238,2.8180611326160943,0.5145220999296319,,
894,JAX00043024,2.8827963548883417,0.6093940605180556,,
895,UNC22332064,2.8865410169598817,0.5219306138304421,,
896,UNCHS035377,2.903397682076047,0.6955448675665202,,
897,UNCHS035378,2.904867941736711,0.7025750421916401,,
898,UNC22332906,2.923362202931912,0.8383370223495084,,
899,UNC22333863,2.9633317021957737,0.4148729926811894,,
900,JAX00353528,2.963868453359055,0.6528659984534101,,
901,JAX00353529,2.9643277133711763,0.4464009350708607,,
902,UNCHS035379,3.041240380659019,0.3837689345396902,,
903,UNCHS035380,3.04250791137747,0.6439667462836418,,
904,UNCHS035381,3.0448822746493533,0.4504709731443398,,
905,UNCHS035383,3.0602276121371688,0.4823366410623623,,
906,UNCHS035384,2.989620176834933,0.6207186174062607,,
907,UNCHS035385,2.9649501753751792,0.6095776375547686,,
908,UNCHS035386,2.961567496380667,0.5576129904410373,,
909,c13.loc29,2.944737240379709,0.7415741510186245,,
910,UNC22335460,2.9164336935300526,0.5605976063441388,,
911,UNCHS035387,3.565816062605336,0.3251142513455017,,
912,UNCHS035388,3.578359001332956,0.3635842359820825,,
913,UNC22336205,3.486227182791481,0.5235362373880645,,
914,UNCHS035389,3.506910775329743,0.40465368532769275,,
915,UNCHS035390,3.5112238991280265,0.41004299955502965,,
916,UNC22336953,3.804681426369143,0.43886975571135933,,
917,JAX00353571,3.807926060014097,0.4567503246758586,,
918,UNCHS035391,3.812639957445299,0.37421288408021186,,
919,UNCHS035392,3.801745458760479,0.4870244809206565,,
920,UNCHS035393,3.8751881724724626,0.3844446917456152,,
921,UNCHS035394,3.8898583405480167,0.3568304223438524,,
922,UNCHS035395,3.898111103399515,0.257969992730808,,
923,UNC22338010,3.8906857800359376,0.5386288311323248,,
924,JAX00043063,3.9048902528404597,0.44028355729850016,,
925,UNC22338724,3.9108426765083095,0.3578426247188706,,
926,JAX00353610,3.9319270010803393,0.5668977366013949,,
927,UNC22339673,3.9383049088055486,0.3982462592967987,,
928,UNC22340173,3.956366585297701,0.36145954517455403,,
929,JAX00353634,3.9657541329331707,0.427998653402442,,
930,UNCHS035397,3.976773568547742,0.3594112364271641,,
931,UNCHS035398,4.0773282286913854,0.3481338266797144,,
932,UNCHS035399,4.088314418267373,0.3881772267135113,,
933,UNCHS035400,4.089040607779225,0.17980432036613225,,
934,UNCHS035401,4.08932088033157,0.2875558325800813,,
935,UNCHS035402,4.090204864561883,0.4527399004984195,,
936,UNCHS035403,4.092798713601496,0.40954289694174134,,
937,UNCHS035404,4.093691759703688,0.3298399991433311,,
938,UNCHS035405,4.094164922989194,0.3407473379567765,,
939,UNCHS035406,4.095127860673756,0.29801907020247453,,
940,UNCHS035407,4.216104369001187,0.2723845649340602,,
941,UNCHS035408,4.249238727563807,0.35347973088806633,,
942,JAX00353668,4.250083918627979,0.2983213252414031,,
943,UNC22342078,4.251101821825387,0.42104780397234387,,
944,JAX00353672,4.220089494633385,0.3852578980718274,,
945,UNCHS035409,4.010112278172073,0.29347476358561425,,
946,UNCHS035410,3.9854596851521364,0.48358737276937,,
947,UNC22343031,3.9823905589046262,0.41760300047136223,,
948,UNCHS035411,3.9814790192619967,0.38131879924032563,,
949,UNCHS035412,3.9812294269786435,0.47329759592567927,,
950,UNC22343941,3.9831399680779214,0.4166860500825738,,
951,UNC22344786,3.9776467196229532,0.4489795286880024,,
952,JAX00353740,4.0409269073547875,0.5055565551585721,,
953,UNC22345701,4.011242185483752,0.3408025212489995,,
954,UNCHS035414,4.345005011445892,0.3020490852408758,,
955,UNC22346753,4.169341738220737,0.30674401608273744,,
956,UNCHS035415,4.106488714005991,0.3313137552100613,,
957,UNCHS035416,4.055417054612462,0.3346526855639276,,
958,UNC22347916,4.049378672726107,0.45634100361337443,,
959,JAX00353763,4.045303399844897,0.3394240402690117,,
960,JAX00353768,4.041688641021437,0.3949340261542837,,
961,UNC22349695,4.034087333136085,0.4766662253178683,,
962,JAX00043129,4.03246473505169,0.33455083045775547,,
963,UNC22351311,4.032266433084715,0.3888697142305096,,
964,UNC22352273,4.02781007587032,0.6824269679177019,,
965,UNCHS035418,3.946016362167029,0.3126189706855587,,
966,UNC22353295,3.937327629575293,0.3329310973796173,,
967,JAX00353820,3.937214555133096,0.5480933270393368,,
968,JAX00043140,3.93687143899524,0.3949375760392442,,
969,UNCHS035421,3.932328295397383,0.4138163713863071,,
970,UNC22354521,3.941781979865709,0.4219680479464127,,
971,UNCHS035422,3.9453467484754583,0.30995876167068537,,
972,UNCHS035423,4.0345080050033175,0.4079099758816524,,
973,UNCHS035424,4.062334377001662,0.29845914577745075,,
974,UNC22355160,4.053858982772226,0.4113636244740881,,
975,UNCHS035425,4.048467713724676,0.3257494552669717,,
976,UNCHS035426,4.059333674478694,0.383455438004978,,
977,UNC22355792,4.399370669417294,0.2670146574855759,,
978,UNCHS035427,4.404610120629513,0.29628824339731735,,
979,UNCHS035428,4.397045584023772,0.29213142005297066,,
980,JAX00043159,4.349361694579784,0.23631000917720876,,
981,JAX00353882,4.0960561332678935,0.46562652853271325,,
982,UNC22356272,4.084857272218414,0.30976204761547765,,
983,UNCHS035429,4.054649101163022,0.366248934244337,,
984,UNCHS035430,4.040078450876081,0.37016501843239463,,
985,UNCHS035432,4.026843413901815,0.32918689576532817,,
986,JAX00202408,3.983300232780948,0.6462061109661631,,
987,UNC22356748,3.9492280694757937,0.42793808891136714,,
988,UNCHS035433,3.945945459835457,0.3618532080264273,,
989,UNCHS035434,3.9389916364625606,0.3044020573963653,,
990,UNCHS035436,3.9310962066488173,0.5057320344004428,,
991,UNC22357851,3.6738788048405695,0.43828659657934227,,
992,UNCHS035437,3.666006468175283,0.3507275735432834,,
993,JAX00353908,3.6561431059783445,0.3566779559551391,,
994,UNCHS035439,3.64057132852372,0.30363911743220207,,
995,UNCHS035440,3.6369783330287646,0.4560474432696598,,
996,UNCHS035441,3.6422538340384563,0.31624610416652627,,
997,UNCHS035442,3.641009841481946,0.6734266030526375,,
998,JAX00353914,3.600158101741272,0.4175916911411536,,
999,UNC22358270,3.577936466257597,0.3566974090315383,,
1000,UNCHS035443,3.54045781552054,0.37124736029557237,,
1001,UNCHS035444,3.5355525822665186,0.5071007907788371,,
1002,UNCHS035445,3.3660784642333965,0.435567569103171,,
1003,UNCHS035446,3.4626880141859147,0.5202806653984904,,
1004,JAX00043188,3.273005399994645,0.5262206997615406,,
1005,UNC22359905,3.272432106442693,0.5728928617425696,,
1006,UNC22360576,3.177598889284809,0.634805627245469,,
1007,JAX00353969,3.180761953113688,0.5285985410972773,,
1008,UNC22361479,3.184917109508433,0.30628020567344433,,
1009,JAX00353994,3.199541696114011,0.45916992197320194,,
1010,UNC22362250,3.203891813574728,0.5275860266826141,,
1011,UNC22364011,3.2634683187668543,0.3563007911140814,,
1012,JAX00354033,3.2600070843325284,0.5381803254206915,,
1013,JAX00354046,3.256934197786677,0.3022908000288173,,
1014,UNCHS035447,3.351225384847794,0.4665932834614262,,
1015,UNCHS035448,3.3569349002955278,0.5260534286963755,,
1016,JAX00354086,3.3406800668788037,0.4498916439775319,,
1017,UNC22365818,3.3406811042696063,0.35483319430546195,,
1018,UNCHS035449,3.3400258119281716,0.49990712195797093,,
1019,UNCHS035450,3.339746124645444,0.5376974819936792,,
1020,UNC22366427,3.361225292112067,0.4300046748780016,,
1021,UNC22367602,3.4653453567373163,0.45386609480887524,,
1022,UNCHS035451,3.310294922788671,0.5417752693389514,,
1023,UNCHS035452,3.37363598263164,0.7401794423201896,,
1024,JAX00354116,3.436498696510853,0.5967843663078264,,
1025,UNC22370249,3.576569588352413,0.41720391657690925,,
1026,JAX00354147,3.600146843433322,0.593809718557837,,
1027,UNCHS035453,3.6019227876256537,0.3527859967168326,,
1028,UNCHS035454,3.60754799829283,0.39621240807031477,,
1029,JAX00354155r,3.6301747248812717,0.4066785673640733,,
1030,UNC22371391,3.672921154119649,0.4334458882426517,,
1031,JAX00354168,3.6796895305101316,0.32667215235853697,,
1032,UNC22371853,3.723253292728259,0.3880886724570402,,
1033,JAX00354189,3.7325685953371703,0.44462608921968255,,
1034,UNCHS035456,3.741993427963962,0.35850431582500863,,
1035,JAX00354200,3.7987837827602107,0.3464772671349541,,
1036,UNCHS035457,3.8202242011216185,0.2732642290668671,,
1037,UNCHS035458,3.8240604049851754,0.3468453128073171,,
1038,UNCHS035459,3.879262402446102,0.644113188371847,,
1039,UNC22372922,3.8824246513461276,0.37925496701956735,,
1040,UNCHS035461,3.9162638940333636,0.5509270839668362,,
1041,UNC22373065,4.020084411432663,0.47157620682882745,,
1042,UNCHS035464,4.061677790213707,0.21566709313990529,,
1043,UNCHS035465,4.062858363699661,0.3959378705261475,,
1044,UNCHS035466,4.065776991796611,0.35120487747071594,,
1045,UNCHS035467,4.083149101442359,0.454394559140229,,
1046,UNCHS035468,4.1940163949575435,0.33784206998320643,,
1047,UNC22373926,4.4936899326264665,0.21558676541784122,,
1048,UNCHS035469,4.354424968710418,0.40173528083942045,,
1049,UNCHS035471,4.351351996966969,0.3998307379045559,,
1050,UNC22374249,4.348118727375322,0.2870724837613826,,
1051,UNCHS035470,4.347599047274798,0.2305156128241966,,
1052,UNCHS035473,4.410652272846846,0.18348567756676765,,
1053,UNCHS035475,4.4069017529641314,0.2830604443507517,,
1054,UNCHS035476,4.404080656930773,0.2870097903068219,,
1055,UNCHS035477,4.378270887203598,0.257314429623107,,
1056,UNCHS035479,4.363760832101434,0.2629925276913398,,
1057,UNCHS035480,4.356776217625338,0.25201123424587696,,
1058,JAX00354268,4.348785474954184,0.5213718019545164,,
1059,JAX00354271,4.3309319771938135,0.21334382853347034,,
1060,UNC22375375,4.5529450693529725,0.2690583287231966,,
1061,UNCHS035481,4.506613987518449,0.38346505033546197,,
1062,UNCHS035482,4.503756208642926,0.4437141318853183,,
1063,UNC22376049,4.46322754271614,0.15457785432510862,,
1064,JAX00354297,4.396303615705165,0.28674428412496855,,
1065,UNC22378085,4.3994195830578064,0.29443606423867663,,
1066,UNC22378305,4.4043723052323,0.26471135375699667,,
1067,UNCHS035483,4.41880676265032,0.3128171017697135,,
1068,UNCHS035484,4.422747367700822,0.31468492692497185,,
1069,UNC22380222,4.479116017432034,0.30702344025751155,,
1070,UNCHS035485,4.479271490397878,0.40611312861561477,,
1071,UNCHS035486,4.480412862094909,0.4000295503355097,,
1072,UNCHS035487,4.487381998698538,0.22169093677724616,,
1073,UNCHS035488,4.488516448113842,0.31554772912131956,,
1074,JAX00354348,4.494798258934907,0.36361321317413847,,
1075,c13.loc33,4.510865742231545,0.27773294354295786,,
1076,backupUNC130778169,4.529138238573751,0.2619459080023114,,
1077,UNC22381655,4.5484565308042875,0.23957738604050602,,
1078,JAX00354363,4.553303425050217,0.34068524602010697,,
1079,JAX00354377,4.642859991906107,0.2612521396623148,,
1080,UNC22382242,4.659230622258292,0.35199180903210625,,
1081,UNCHS035491,4.660921511642073,0.3051673995288757,,
1082,UNCHS035492,4.664393811401169,0.21343427191534287,,
1083,UNC22383396,4.684159298770965,0.2543633841667907,,
1084,JAX00354391,4.684871706329886,0.24297230779656773,,
1085,UNC22385989,4.773959547305822,0.3849143824731162,,
1086,UNCHS035495,4.7705932888686675,0.1655971737991303,,
1087,UNCHS035496,4.769940719445913,0.1558361233751615,,
1088,UNCHS035498,4.779011983381906,0.48868062097061715,,
1089,UNC22386601,4.779436804794386,0.1252663582324949,,
1090,JAX00354426,4.780250658289333,0.24293516772587614,,
1091,JAX00354435,4.788866803996825,0.31518887390307854,,
1092,UNCHS035499,4.793630934013663,0.1827513501572096,,
1093,UNCHS035502,4.79607274647833,0.209731577269416,,
1094,UNCHS035503,4.79824886880624,0.19992960414482436,,
1095,UNC22388807,4.828327411858027,0.2877695344337304,,
1096,JAX00354466,4.844769460736643,0.3401435577134899,,
1097,UNCHS035505,4.895246300784265,0.20037821874273612,,
1098,UNCHS035506,4.885420435811739,0.29638483406033905,,
1099,UNCHS035507,4.793480356538566,0.1658733764306918,,
1100,UNC22390067,4.778483532894143,0.2033509985398371,,
1101,UNCHS035508,4.778623756536717,0.3099892348728724,,
1102,JAX00354488,4.7870500398578315,0.259503435037098,,
1103,UNC130282523,4.791796292911613,0.3475723120588048,,
1104,UNCHS035510,4.824073245832778,0.2814673077915508,,
1105,UNCHS035511,4.857806176060649,0.35275526676884345,,
1106,UNCHS035512,4.876366445471831,0.2967330420927506,,
1107,UNCHS035514,4.909131239306134,0.20460825403341157,,
1108,UNCHS035515,5.0286626228958085,0.23264202009952498,,
1109,UNCHS035516,5.0260422074914,0.22121540194913225,,
1110,UNCHS035517,5.001144084681982,0.19498731521630094,,
1111,UNCHS035518,4.994717740377382,0.19371723029234084,,
1112,UNC22392281,4.982369552253431,0.24789191621663662,,
1113,UNC22392777,4.970829736017322,0.24544175751267136,,
1114,JAX00354524,4.941456158275969,0.18095809048431685,,
1115,JAX00354525,4.9408430144169415,0.24006962999499645,,
1116,UNCHS035519,4.924371280321793,0.2120403656286416,,
1117,UNCHS035520,4.964972297795157,0.19288851666120738,,
1118,UNCHS035521,4.961928060650962,0.3104015021913346,,
1119,UNCHS035522,4.960761738157771,0.16657696750278686,,
1120,JAX00354531,4.957692961268322,0.25587147422531065,,
1121,UNC22394212,4.957294063727204,0.16932527791884483,,
1122,UNC22394940,4.936995524929216,0.18930375561242727,,
1123,UNCHS035523,4.9272712562242305,0.20653057640382821,,
1124,UNCHS035524,4.924391933282777,0.13788488776128485,,
1125,UNCHS035526,4.899473689768456,0.11601220672021577,,
1126,UNC22395999,4.89919216446151,0.21086751209810126,,
1127,UNC22396886,4.864196436875318,0.15101273917226482,,
1128,sanger1027,4.82238423509034,0.30253438683993283,,
1129,UNC22398089,4.823296870848935,0.2980101425864202,,
1130,UNCHS035529,4.8386120774925985,0.2973823347063814,,
1131,UNCHS035530,4.840017141321823,0.2540257052727501,,
1132,JAX00043458,4.848478211277097,0.18798712670842402,,
1133,UNC22399210,4.851896622114509,0.15922903055026927,,
1134,UNC22400326,4.858274245690836,0.1983521739721773,,
1135,UNCHS035531,4.872567060690699,0.3150472093268806,,
1136,UNC22401479,4.87507079984789,0.157900215015179,,
1137,UNC22402000,4.452572209969276,0.5211195572822481,,
1138,UNCHS035533,4.457992415821536,0.3589056173966056,,
1139,UNCHS035534,4.431226548151699,0.24457420598268304,,
1140,UNC22402734,3.9744930709941855,0.4254889693373577,,
1141,UNC22403241,3.9470800305339253,0.3005467464479219,,
1142,UNCHS035536,3.9436091635332104,0.2973490940816388,,
1143,UNC22403656,3.943716849945531,0.31801758390082413,,
1144,UNCHS035537,3.9561742369346575,0.40538587367609835,,
1145,UNCHS035538,3.9572132742991926,0.36079707306096587,,
1146,c13.loc35,3.9746425839123276,0.379086008704152,,
1147,UNCHS035539,3.9914045762461683,0.41272667749988995,,
1148,JAX00354673,3.9919742090862655,0.43492725332617455,,
1149,UNCHS035540,3.992329194582908,0.4754648167423159,,
1150,UNC22404837,3.994521672270821,0.5713280751919394,,
1151,JAX00354675,3.9983346328092466,0.5036069439096357,,
1152,UNC22405512,4.012642640482682,0.5701547199728588,,
1153,UNC22406414,4.0800487118767705,0.2614533745087644,,
1154,UNC22407186,4.188351082971167,0.6287331834889366,,
1155,JAX00354711,4.243441365449371,0.2633389054048745,,
1156,UNCHS035541,4.353677982344379,0.3957220272006975,,
1157,UNCHS035542,4.497983870124926,0.3497094133439787,,
1158,UNC22408024,4.544867748133356,0.26081377266267725,,
1159,UNCHS035543,4.648598960810887,0.39713673931265364,,
1160,UNCHS035544,4.635638907909879,0.18726916255138548,,
1161,UNC22409068,4.602737404078198,0.331181629955617,,
1162,JAX00354727,4.518019578811391,0.2875463642102705,,
1163,UNC22409441,4.4911106858260155,0.2295380969115917,,
1164,UNC22410388,4.50139812018233,0.29077194957942026,,
1165,UNCHS035545,4.720720274170162,0.37400483327618483,,
1166,UNCHS035546,4.724520001593646,0.2786472164568826,,
1167,JAX00354741,4.730629781661946,0.22988455017038284,,
1168,UNC22411137,4.744488500150737,0.20287112116662656,,
1169,UNCHS035548,4.773572851582003,0.220232317935707,,
1170,UNCHS035549,4.788754342123184,0.22970307692254266,,
1171,UNCHS035550,4.793043640908991,0.2506605698994576,,
1172,UNCHS035551,4.828108528226039,0.3066629014836255,,
1173,UNCHS035552,4.815255395088116,0.27573649527619054,,
1174,UNCHS035553,4.750494768187309,0.21455437164560862,,
1175,UNC22412163,4.737484851147656,0.4317004025508763,,
1176,UNCHS035555,4.730683710998164,0.20984812560214372,,
1177,UNCHS035556,4.715580608124583,0.20411312524253353,,
1178,JAX00354767,4.700682895750106,0.21319524626043318,,
1179,UNC22413201,4.693371253724763,0.3870082749650906,,
1180,UNCHS035557,4.6799526950619565,0.20037089074650682,,
1181,UNCHS035558,4.678518742269716,0.27555715707469397,,
1182,UNC22414309,4.694732021671598,0.23359864436782812,,
1183,JAX00354835,4.720922367856019,0.24118243272780335,,
1184,UNC22415145,4.72379039205066,0.18252503962493447,,
1185,JAX00354841,4.725997436838952,0.2566949969869877,,
1186,JAX00354848,4.735544470654986,0.5381649880809983,,
1187,UNCHS035559,4.741366135456701,0.30847627645562936,,
1188,UNCHS035560,4.746581241254489,0.34724750820783196,,
1189,UNCHS035561,4.754326409727582,0.376333178934256,,
1190,UNCHS035562,4.755483230148002,0.25464201891382626,,
1191,UNC22415720,4.764675422489972,0.25001496087850017,,
1192,JAX00043562,4.779084590224329,0.2660797266888828,,
1193,JAX00354875,4.784206117492431,0.17000950958269873,,
1194,JAX00354885,4.788265129100864,0.17035806852879737,,
1195,UNCHS035563,4.789965283107904,0.15446681543905616,,
1196,UNCHS035564,4.791202918519048,0.4014690531230745,,
1197,UNC22416469,4.7941728854780195,0.19347769599989492,,
1198,UNC22416985,4.8199740623103935,0.22695652870841368,,
1199,UNCHS035567,4.848273758275809,0.2921000797315068,,
1200,UNCHS035565,4.849504350161169,0.18954867087032157,,
1201,UNCHS035566,4.85059869988163,0.18373943443703533,,
1202,UNCHS035568,4.851340895399744,0.1417253949440152,,
1203,UNC22417865,4.8554630102844385,0.19475598064607247,,
1204,UNCHS035569,4.861198705355719,0.2485449930205496,,
1205,UNCHS035570,4.862586918326542,0.24852402428214174,,
1206,UNC22418299,4.866877481718802,0.34515639378004714,,
1207,UNCHS035571,4.875257507146671,0.24263320547592926,,
1208,UNCHS035573,4.875537414883638,0.17268166616575556,,
1209,UNCHS035572,4.876526483392809,0.15615944286398373,,
1210,JAX00043581,4.877833508130607,0.27931221985582705,,
1211,UNCHS035574,4.878383198786423,0.15630980050950907,,
1212,UNCHS035575,4.886909137884686,0.19081974394255696,,
1213,UNCHS035576,4.887600119080162,0.24473034296745536,,
1214,UNC22419326,4.889912782708507,0.2281479885811408,,
1215,UNCHS035577,4.896699376509787,0.19269112750875608,,
1216,UNCHS035578,4.941376058377273,0.15764179925006,,
1217,JAX00354994,4.99294073858232,0.20717067378248116,,
1218,UNCHS035579,4.993239346742712,0.2752298126933732,,
1219,UNCHS035580,4.9929306348169575,0.17350315620232423,,
1220,UNCHS035581,4.990337568817722,0.18531212848570536,,
1221,UNCHS035582,4.989912440742955,0.16405241743633867,,
1222,UNCHS035583,4.984436527986418,0.2416810896456807,,
1223,UNCHS035584,4.983495098646699,0.17015417011900613,,
1224,UNC22421273,4.981041925151658,0.2934238716839216,,
1225,UNCHS035585,4.984892792841492,0.15375900531078643,,
1226,UNCHS035586,4.993757476271412,0.20111425613639003,,
1227,backupUNC130285948,5.036234406574977,0.2010463749387636,,
1228,UNCHS035587,5.093090984644277,0.1901392506012329,,
1229,UNCHS035588,5.099029750592308,0.12965510447578416,,
1230,UNC22423188,5.14615063263409,0.13097402797672603,,
1231,JAX00355069,5.195267906192839,0.21594014705781422,,
1232,UNCHS035589,5.21013365201361,0.1185969967452013,,
1233,UNCHS035590,5.193136392158067,0.10596014457844762,,
1234,UNCHS035591,5.186866651790069,0.28025995947112764,,
1235,JAX00043609,5.226237933204629,0.17421062471478008,,
1236,UNC22424014,5.2456727107164625,0.25874160222296627,,
1237,UNCHS035593,5.284880660169165,0.15792332916573093,,
1238,UNCHS035594,5.286247613124715,0.1548919694098857,,
1239,UNC22424833,5.28133570578143,0.20094381039218143,,
1240,JAX00355103,5.271102284758399,0.15179452084853873,,
1241,UNCHS035596,5.241994882622976,0.2493890081489893,,
1242,UNCHS035597,5.197984228651194,0.1139030169709035,,
1243,UNCHS035598,5.193764082230473,0.20396227912280296,,
1244,UNCHS035599,5.170060588689694,0.18429850693506786,,
1245,UNCHS035600,5.163099232043578,0.21817361490993906,,
1246,UNC22426762,5.1475499281880275,0.19858884979575492,,
1247,UNC22427270,5.084876362996056,0.1445948905861336,,
1248,JAX00355161,5.053529924742179,0.21192372460481967,,
1249,UNC22428062,4.9907004733272515,0.18363995546782072,,
1250,c13.loc37,4.8213079140334685,0.22585346518488536,,
1251,UNC22430385,4.69786621548019,0.2352948081410463,,
1252,UNC22431284,5.092658844614334,0.3598013244027774,,
1253,JAX00355250,5.0890349503142716,0.2210199572521333,,
1254,UNCHS035602,5.103783245440354,0.19129065208886614,,
1255,UNCHS035603,5.1108252972221635,0.17028234401524422,,
1256,UNC22431659,5.106543652071878,0.324901337223578,,
1257,UNC22431948,5.041881541183102,0.2869275034612203,,
1258,UNC22432307,4.96275581791042,0.19478745784848564,,
1259,JAX00043654,4.916391629486725,0.165691169745386,,
1260,UNC22432718,4.907436698679248,0.3161560721285682,,
1261,JAX00355292,4.905703597711636,0.14687906195691267,,
1262,UNC22432972,4.891035869931784,0.19995585936561897,,
1263,UNC22433182,4.879582078092653,0.17988392539435405,,
1264,UNC22433414,4.863205747102256,0.42944056182297036,,
1265,UNCHS035605,4.863134230957712,0.18336304487218175,,
1266,UNCHS035606,4.876964308445167,0.19446530922298152,,
1267,UNC22433666,4.951364737327822,0.23192936230192474,,
1268,UNC22433923,4.94545003382882,0.1804120081226054,,
1269,JAX00355309,4.93937725174942,0.2311424797994037,,
1270,UNC22434388,4.940652955621772,0.23452686881518997,,
1271,UNC22434565,4.998402362374009,0.20576394053857636,,
1272,JAX00043667,5.13149042906025,0.15816869710741657,,
1273,UNC22434978,5.158296069912694,0.15655202459891512,,
1274,UNC22435198,5.109979665191759,0.21525214590072553,,
1275,UNC22435402,5.095232815165218,0.288287527728207,,
1276,UNCHS035607,5.091712422846058,0.18447082305466728,,
1277,UNCHS035608,5.116485046660728,0.29089727250652825,,
1278,UNCHS035609,5.2139429649573685,0.280022270183533,,
1279,UNCHS035610,5.254043144941988,0.17348410889928123,,
1280,UNC22435647,5.262076822333256,0.09699288638425124,,
1281,UNC22435811,5.359006347901641,0.1578020170007148,,
1282,UNC22436211,4.831361348536575,0.18513667561850822,,
1283,JAX00043671,4.765899276123946,0.35613944088473015,,
1284,UNCHS035611,4.722231342445866,0.34213578909537845,,
1285,UNC22436528,4.581527177152111,0.21127470985508298,,
1286,UNC22436657,4.408950481000829,0.3632134911684306,,
1287,UNCHS035613,4.397524615352722,0.22333307388445894,,
1288,UNCHS035614,4.2217204661592405,0.4760849984478879,,
1289,UNC22436936,3.8574161683436614,0.4374887636601442,,
1290,JAX00355383,3.8450163594161495,0.28221673079898246,,
1291,UNC22437037,3.7794407428982595,0.26256460164443457,,
1292,JAX00355392,3.7876215916630827,0.47599185162590213,,
1293,UNC22437145,3.8486838336466462,0.5729751239307426,,
1294,UNC22437452,4.025880544676966,0.5084606624148417,,
1295,UNCHS035616,4.129175489637873,0.42516840554890967,,
1296,UNC22437814,4.146611464757598,0.35685915759102715,,
1297,UNC22438238,4.237456767630874,0.520326379602399,,
1298,UNC22438475,4.160661990498284,0.3713236733357245,,
1299,UNCHS035617,4.159103614687865,0.3280457884064332,,
1300,UNC22438799,4.087911725540607,0.2535746391493204,,
1301,UNC22438962,4.091697581681046,0.3283061443016222,,
1302,UNC22439063,4.092210411768519,0.35745918796357984,,
1303,UNC22439347,4.093573848285814,0.3161484104995994,,
1304,UNC22439463,4.094477720556142,0.3284884368567213,,
1305,UNCHS035619,4.085106121533499,0.24936986640452646,,
1306,UNC22439688,4.083164248801495,0.2987674379478349,,
1307,UNC22439783,4.076391484942405,0.48076319921077454,,
1308,UNC22439863,4.068269845278564,0.34590626063998847,,
1309,UNC22440039,3.8209767747284786,0.3215532162101426,,
1310,UNC22440234,3.8172792923401175,0.3151787763764583,,
1311,UNC22440277,3.8139839441769254,0.3009564276841752,,
1312,JAX00355462,3.8115751961865953,0.4323609974302627,,
1313,UNC22440556,3.801272527627816,0.3953859282569201,,
1314,UNC22440854,3.7670072784139847,0.4151241579218293,,
1315,UNC22440920,3.7664193908492507,0.3292951255509325,,
1316,UNC22441199,3.7646848649142157,0.3600269622349608,,
1317,UNC22441519,3.7619419060188193,0.3249524202216508,,
1318,UNCHS035622,3.7614768409139288,0.5183364557253094,,
1319,UNC22441620,3.7605600983260956,0.34782211796594237,,
1320,UNCHS035623,3.757775990992968,0.4249340428199737,,
1321,UNCHS035624,3.7574932481943506,0.3697039725362025,,
1322,UNCHS035625,3.7565576838128436,0.37215779672002075,,
1323,UNCHS035626,3.756081350808472,0.4370096109606,,
1324,UNC22442215,3.754930203778258,0.48509145583456537,,
1325,JAX00043705,3.7548135304573407,0.3441535323640065,,
1326,UNC22442370,3.7539448099500987,0.4434002365112567,,
1327,UNC22442696,3.751355018869617,0.5925723993992801,,
1328,UNC22443090,3.748484763597162,0.43022456370284134,,
1329,UNC22443346,3.7463671736786637,0.39153967415345814,,
1330,UNC22443495,3.7433475321795413,0.4335179347299831,,
1331,UNC22443650,3.741705552679832,0.4815106872993845,,
1332,JAX00355531,3.7411517360642392,0.42252212538636125,,
1333,UNC22443827,3.739299932843096,0.3928827306028296,,
1334,UNC22444130,3.6320025003681167,0.4678546872898388,,
1335,UNC22444268,3.5864108566722734,0.28154752365397734,,
1336,JAX00043714,3.582488265727079,0.5761020706306145,,
1337,UNC22444573,3.4894773211537995,0.4242543581640276,,
1338,UNC22444702,3.4161826291228863,0.5815553718401295,,
1339,JAX00355553,3.4148937155796375,0.3757767563458867,,
1340,UNC22445035,3.414666513983775,0.5133980505107161,,
1341,UNCHS035627,3.4104337677952117,0.3586976255104786,,
1342,UNCHS035628,3.41018306662113,0.3649791371418876,,
1343,JAX00043721,3.398752169019872,0.5576952640738252,,
1344,UNC22445830,3.3886398150580135,0.3561987000219556,,
1345,JAX00355570,3.3941679615427347,0.33237824379636083,,
1346,UNCHS035629,3.3941856547007774,0.7847806053769542,,
1347,UNCHS035630,3.4297607268933916,0.6612385375059147,,
1348,UNC22446187,3.594842328609957,0.5094173072332648,,
1349,UNC22446238,3.5947851386260936,0.47136289067765047,,
1350,UNCHS035631,3.5228704721782833,0.5726113024489287,,
1351,UNC22446468,3.5180866940872875,0.5451858626962016,,
1352,UNCHS035632,3.518276056778859,0.4472651199077303,,
1353,UNC22446537,3.531034575703643,0.5726581038628861,,
1354,JAX00202601,3.5325986455136444,0.5558954644596943,,
1355,UNC22446715,3.5440796395594134,0.5289444962442978,,
1356,UNC22446811,3.5575298965457023,0.49451014829063583,,
1357,UNC22446857,3.5675465547542444,0.5378494914651046,,
1358,UNC22447035,3.5816736051137923,0.5534344660359574,,
1359,UNC22447232,3.596575535730153,0.34975429495418087,,
1360,UNC22447334,3.6042838928494803,0.4977870039156852,,
1361,UNC22447410,3.6107511525442533,0.39552284254346287,,
1362,UNCHS035633,3.622580505773385,0.6430906771518116,,
1363,UNC22447768,3.601624919587721,0.49153513171645685,,
1364,UNC22447871,3.5796381096226924,0.4424603367963029,,
1365,JAX00043738,3.5487456314704104,0.28814413663611277,,
1366,UNC22448001,3.545301831873985,0.4084293468470495,,
1367,UNC22448148,3.5118981697539766,0.46477240474082154,,
1368,UNC22448265,3.485851958082094,0.42955288656561147,,
1369,UNC22448562,3.4408310642866127,0.5807448241529161,,
1370,UNC22448754,2.579306959825317,0.7963343929375744,,
1371,UNC22448868,2.5593386755549545,0.6710487317312496,,
1372,UNC22449094,2.4974131088686136,0.6125173985943819,,
1373,UNC22449219,2.4523881322518264,0.704351168071751,,
1374,UNCHS035635,2.4384713102326714,0.71737732157993,,
1375,UNCHS035636,2.432438747364813,0.7485647641404952,,
1376,UNC22449366,2.410203840331633,0.8355571009644274,,
1377,UNC22449457,2.3740640468213314,0.6347164127737732,,
1378,UNCHS035637,2.3552386786436728,0.716894724015552,,
1379,UNCHS035638,2.3489108684254916,0.8458475213104606,,
1380,UNC22449598,2.3023540927165413,0.9105677912393685,,
1381,UNC22449682,2.2681711118366366,0.5356882350895993,,
1382,UNCHS035640,2.2315834116968745,0.9936902282023486,,
1383,UNC22449977,2.164342220472008,0.8305756949137487,,
1384,UNC22450321,2.1004414168978656,0.9748986379687881,,
1385,UNC22450891,2.1363750666398573,0.887341658052964,,
1386,UNCHS035641,2.1489092636959413,0.9656161776131927,,
1387,UNCHS035643,1.936911544521081,0.7168158953538631,,
1388,UNCHS035644,1.859589480540535,0.9149361417542966,,
1389,UNC22451869,1.822773078151613,0.7604027140185452,,
1390,JAX00355634,1.7787183198820458,0.8681110812099473,,
1391,UNC22453029,1.7595387293868043,0.8862185618137672,,
1392,JAX00043769,1.6984454904400081,0.9151865185145389,,
1393,UNC22454024,1.6972713532391026,0.6131313999705369,,
1394,JAX00355663,1.6908810232664564,0.9184117636370438,,
1395,UNC22454546,1.6683096795297843,0.9712915139221036,,
1396,UNC22455215,1.6335170187412587,0.9191051575149588,,
1397,UNC22455569,1.5511406200823785,0.9756069038608269,,
1398,UNCHS035645,1.4903907531097502,0.9568608598936329,,
1399,UNCHS035646,1.4775941856701138,0.9263332120580663,,
1400,UNC22456665,1.4384639034535667,0.9145406550130967,,
1401,UNCHS035647,1.4338114962504278,0.7933105598360815,,
1402,UNCHS035648,1.4319910767533202,0.9048983086221309,,
1403,JAX00355693,1.4178658614280266,0.9408523753795055,,
1404,UNC22457433,1.4035075750966826,0.9641307829344545,,
1405,UNC22457961,1.3744609092952942,0.9158289372124653,,
1406,c13.loc39,1.3254583295190514,0.9540275024206172,,
1407,JAX00355711,1.3004169953424025,0.971535535257338,,
1408,UNC22458563,1.296886569140952,0.8848683171137242,,
1409,UNCHS035649,1.2361777318028544,0.956425516702094,,
1410,UNCHS035651,1.219857734435891,0.9735109683103101,,
1411,UNC22459343,1.2171899776017199,0.9668063021405692,,
1412,UNCHS035652,1.2139662438346477,0.9443018693690922,,
1413,UNC22460041,1.2938482262409252,0.9238521129339213,,
1414,UNCHS035653,1.394531766149612,0.9393292683335435,,
1415,UNCHS035654,1.4383928759232276,0.9715582794963123,,
1416,UNC22460626,1.4905975576907622,0.9871337028189278,,
1417,UNC22461173,1.5093790001951675,0.9074210447369616,,
1418,JAX00355780,1.511675453505859,0.7564922943951625,,
1419,UNC22461792,1.5136199242663224,0.9922568241746071,,
1420,UNC22462132,1.5538216206227844,0.9919256420640193,,
1421,UNC22463702,1.562897383627842,0.8808399075934046,,
1422,JAX00043815,1.55665007982725,0.7505802324298235,,
1423,JAX00043816,1.5556923370872937,0.9671297246650874,,
1424,UNC22463980,1.555767640897102,0.9598538669936242,,
1425,UNC22464956,1.4483124240171037,0.9274236949670365,,
1426,UNC22465540,1.3697908808603643,0.9082169277493871,,
1427,JAX00355838,1.3624863248692236,0.9431516485898562,,
1428,UNC22465924,1.3183896462212488,0.7946693752555171,,
1429,UNC22466367,1.284852606192544,0.8195875136937588,,
1430,JAX00355872,1.1075722758373558,0.9947598368318865,,
1431,UNCHS035655,1.104796084568079,0.9300623339560178,,
1432,UNC22467326,1.105052315811463,0.947882233958451,,
1433,UNC22467347,1.1056290636665835,0.9987094813318624,,
1434,UNC22468139,1.1452646767670558,0.9426385159278261,,
1435,UNCHS035657,1.145705673731527,0.8577596513526723,,
1436,UNCHS035658,1.1488837655856514,0.8651332116132413,,
1437,UNC22468660,1.1824634413051172,0.9817235287534376,,
1438,UNCHS035660,1.18778315725217,0.8752081267356204,,
1439,UNC22469210,1.1988575164564281,0.9541826853033969,,
1440,UNC22469536,1.2094380823575648,0.9477996043391331,,
1441,UNCHS035661,1.2022645504112006,0.9372210553911091,,
1442,UNCHS035662,0.945804595876325,0.9333370201422881,,
1443,JAX00355908,0.9306381077362857,0.9540151637445519,,
1444,UNC22469869,0.9168390027202804,0.997768889813461,,
1445,UNCHS035663,0.9113810057781393,0.9913477783277419,,
1446,UNCHS035664,0.9032685801944353,0.9641798805358907,,
1447,JAX00043849,0.8875871991331223,0.8551322960835915,,
1448,JAX00355921,0.8603578976726567,0.9451509278260646,,
1449,UNC22470549,0.8145307233078256,0.9415861029991914,,
1450,UNC22470615,0.8031329955201727,0.9954011095128483,,
1451,UNC22471323,0.7790724029273406,0.9360450576470388,,
1452,JAX00355951,0.7789037116046984,0.9220153771527702,,
1453,UNC22472068,0.7874958157281071,0.9381472189955362,,
1454,UNCHS035665,0.803408804937817,0.9298194897364648,,
1455,UNCHS035666,0.9737207125813256,0.9689371622563553,,
1456,JAX00355970,0.9987376074261647,0.9280886875946975,,
1457,UNC22473054,1.038657277092625,0.912927382822913,,
1458,UNC22473670,1.1065817529683954,0.9739475577793951,,
1459,UNC22474311,1.1858069468855774,0.7450138714302167,,
1460,UNC22475095,1.3262142701044013,0.8616358402779036,,
1461,UNC22475681,1.4195971116935198,0.9941480590965575,,
1462,UNC22476184,1.4117191305549568,0.9325713083760873,,
1463,JAX00356010,1.4113659625454602,0.9240494795663959,,
1464,JAX00356015,1.4015203013311748,0.77706993834923,,
1465,JAX00356016,1.3740400650362972,0.946464633672183,,
1466,UNC22476836,1.2696323708921682,0.9985669957453696,,
1467,UNC22477496,1.3253759266222005,0.93808729999234,,
1468,UNC22478622,1.5684692212407754,0.8281282042661345,,
1469,UNC22479589,1.438724745473337,0.9227701382950484,,
1470,JAX00356078,1.383704739719633,0.6553515382709018,,
1471,UNCHS035667,1.3513710672750676,0.9367499376444629,,
1472,UNC22480378,1.0809524111118662,0.979242605953654,,
1473,UNC22480646,1.5310540510340616,0.8664624016633201,,
1474,UNC22480724,1.5295092907604158,0.8860991454210579,,
1475,JAX00043903,1.5221243266773854,0.813389642417448,,
1476,JAX00043906,1.5176600811641947,0.9998574363985506,,
1477,UNC22481936,1.4144095075218956,0.9949173078883309,,
1478,UNC22482244,1.4175865658580733,0.8570291136282854,,
1479,UNCHS035672,1.3610978156702913,0.8463837993279816,,
1480,UNC22483301,1.3691038791762367,0.9424841793851576,,
1481,JAX00356150,1.3632731721354503,0.95863486228231,,
1482,JAX00356157,1.3402666255321947,0.8563146393059637,,
1483,UNC22483721,1.331549003435839,0.7754077033594204,,
1484,UNC22483863,1.3073192616366214,0.8490659970317347,,
1485,UNCHS035675,1.3020914687233471,0.9176732390130193,,
1486,UNCHS035676,1.2988157738357131,0.9492475074356186,,
1487,JAX00356163,1.298247824965074,0.8982480415548024,,
1488,UNCHS035678,1.2954337583503275,0.920448926030877,,
1489,UNC22484106,1.2913880158553184,0.8748988541918922,,
1490,JAX00043926,1.2946866971838062,0.7350317197307971,,
1491,UNC22484610,1.3885776274937598,0.9946229941954843,,
1492,JAX00356176,1.3583491936383325,0.8735292591185155,,
1493,UNCHS035679,1.3556760755975574,0.8094010025746532,,
1494,UNCHS035681,1.3820019133504502,0.8623265378873434,,
1495,UNCHS035682,1.5524333455962278,0.8497361490999276,,
1496,UNC22486073,1.457201882010395,0.9099966975091528,,
1497,c13.loc41,1.431806863147358,0.841694296356475,,
1498,UNC22486452,1.4191715508120524,0.8573477605399652,,
1499,UNCHS035684,1.4188630396874942,0.877077533686285,,
1500,UNCHS035685,1.4191297555130404,0.9898136283165774,,
1501,UNCHS035686,1.4452817714400226,0.9780989429357637,,
1502,UNC22487223,1.4578682185176604,0.7944900516484722,,
1503,JAX00356207,1.472234238848614,0.8227689807662061,,
1504,UNC22487513,1.4797824915651745,0.8560473290670808,,
1505,UNCHS035687,1.530042110019167,0.8126704148403823,,
1506,UNC22487617,1.6152333917675605,0.8462734329855456,,
1507,UNC22487631,1.724066193934732,0.9064147272344887,,
1508,UNC22487642,2.008504021564704,0.9889015981510222,,
1509,UNC22487649,1.985635729062551,0.6718624123658058,,
1510,UNC22487657,1.9590809011874626,0.8121439883495734,,
1511,UNC22487660,1.9598645451219454,0.6530991694462399,,
1512,JAX00043944,1.9613770447776915,0.8247368653682555,,
1513,UNC22487688,1.961582195974188,0.9980966013234505,,
1514,UNC22487803,1.9665560536845987,0.8460515209648382,,
1515,UNC22487817,1.9694586505779625,0.7364247073233486,,
1516,UNCHS035690,1.9697363366408354,0.7591287612428265,,
1517,UNC22487820,1.9708020573166323,0.7271888523547004,,
1518,UNC22487832,1.972321803939849,0.8285535677705174,,
1519,UNC22487850,1.9738895112573118,0.8915734392005665,,
1520,UNC22487856,1.9752763922492704,0.9407651009165549,,
1521,UNC22487874,1.97693429487299,0.6930851819230537,,
1522,UNC22487883,1.9783668835011667,0.7148362666032033,,
1523,UNC22487891,1.9799951689406043,0.9674935030888134,,
1524,UNC22487915,1.9812686757425126,0.8626092660319594,,
1525,UNC22487922,1.9825723370511241,0.6953519026550825,,
1526,UNC22487937,1.9840130647612568,0.7799490387194984,,
1527,UNC22487978,1.9871633088432645,0.6136806055488417,,
1528,UNC22487989,1.9881660638498033,0.50040809490192,,
1529,UNC22488017,1.9915590055165922,0.9843320824599968,,
1530,UNC22488022,1.992298642926471,0.9358038430381987,,
1531,UNC22488035,1.9939586291843625,0.6682793069456376,,
1532,UNC22488055,1.9954072535520027,0.7040426485925417,,
1533,UNC22488070,1.9963935719169967,0.706895448534354,,
1534,UNC22488083,1.997708262221522,0.7528831875106764,,
1535,UNC22488100,1.9990582329132849,0.8303775302728231,,
1536,UNC22488118,2.0003697112510963,0.7945573934541338,,
1537,UNC22488124,2.002040847510216,0.7486401353097635,,
1538,UNC22488132,2.0028436524028166,0.7692752475478776,,
1539,UNC22488146,2.004291569697216,0.6874223461802597,,
1540,UNCHS035691,2.0065258186514257,0.7750980475286144,,
1541,UNCHS035692,2.008121419651843,0.7251307414464039,,
1542,UNC22488214,2.0099752924027143,0.7435228131210683,,
1543,UNC22488400,2.0266736892158406,0.6465194996814189,,
1544,UNC22488686,2.043051585684452,0.963143049487367,,
1545,JAX00356229,2.051730284667201,0.8394327465347553,,
1546,UNC22489088,2.0556155713693443,0.665923643329763,,
1547,JAX00356237,2.0378760735525248,0.8426493464384893,,
1548,JAX00043960,2.0230350208921664,0.7779156061757313,,
1549,UNCHS035693,1.9450535696910265,0.8391403314046705,,
1550,UNCHS035694,1.9386333831719185,0.5785793775350615,,
1551,UNC22489715,1.9304723734505842,0.6951892966239916,,
1552,JAX00202681,1.8707394972871043,0.7443908026604333,,
1553,JAX00356246,1.8570194075325617,0.777969495390442,,
1554,UNC22490015,1.8506957409445022,0.7652627981489181,,
1555,JAX00043965,1.813781613119545,0.8334912519916421,,
1556,UNCHS035695,1.720984019151956,0.9848735777972875,,
1557,UNCHS035696,1.7151746034928692,0.7872546453069936,,
1558,UNC22490539,1.7042352365465376,0.8256456144842965,,
1559,UNCHS035698,1.693922935261753,0.9561707833717359,,
1560,UNCHS035699,1.6845330190437835,0.9687393879604248,,
1561,UNCHS035700,1.681881338814037,0.8945898782484213,,
1562,UNC22490733,1.661149783559722,0.7885997713772024,,
1563,UNCHS035701,1.6455040010355333,0.9505000537739461,,
1564,UNC22491061,1.6292890237518804,0.8002815145469491,,
1565,UNC22491491,1.592824377142506,0.9285970634490222,,
1566,UNCHS035703,1.5717206957415328,0.7400330145001764,,
1567,UNCHS035704,1.5665788290766613,0.7564044197101204,,
1568,UNC22491921,1.4913730696491712,0.8051462024315469,,
1569,UNCHS035705,1.3143213367306998,0.9320717543600361,,
1570,JAX00356274,1.328120887654677,0.9203460382414331,,
1571,UNCHS035706,1.3337453862141047,0.8818386201332327,,
1572,UNC22492176,1.3309882485057187,0.9909853073884848,,
1573,JAX00043987,1.2637645008710479,0.8967786129692464,,
1574,UNC22493260,1.2231634064301034,0.8975064471033501,,
1575,JAX00356294,1.2091791754789938,0.8672978924863022,,
1576,UNC22493617,1.1939070632467974,0.9335264246214992,,
1577,UNC22494219,1.1381197750995398,0.8770154531597156,,
1578,UNC22494590,1.1071833903190509,0.9557151443722334,,
1579,UNC22495186,1.0560005115330569,0.9989897431484587,,
1580,JAX00356315,1.0443483898959585,0.8846250610974858,,
1581,UNC22495376,1.0415372256843511,0.9848923196700325,,
1582,UNCHS035707,1.0560282185758751,0.9688267055511046,,
1583,UNCHS035709,1.0590677374932511,0.9152880852723466,,
1584,UNCHS035708,1.0609261742465605,0.9315524606966057,,
1585,UNCHS035710,1.0645751148440468,0.9694319631950739,,
1586,JAX00356321,1.0958807394599717,0.9402721344039577,,
1587,UNC22495619,1.0948859405900748,0.8969338995726793,,
1588,UNCHS035711,1.0836110671423285,0.8255451460551935,,
1589,UNC22495841,1.0804072436153547,0.9556861057874582,,
1590,JAX00356342,1.0316979262179302,0.9310551659439371,,
1591,UNC22496670,1.029813081294833,0.994993576928333,,
1592,UNC22496992,1.3125792655068835,0.8250873401220015,,
1593,UNC22497262,1.3202530919966193,0.9938419704658196,,
1594,UNC22497670,1.3074789561378566,0.9899584912111413,,
1595,UNC22497904,1.2997499437733495,0.8149563690799763,,
1596,JAX00044028,1.289423396995062,0.9704971372460778,,
1597,UNC22498496,1.2683580666057424,0.8839247505693787,,
1598,UNC22498750,1.2648168432881448,0.8892882344192853,,
1599,UNCHS035713,1.2635041495263977,0.9829972796232216,,
1600,UNCHS035714,1.2343203141917911,0.9283988143441233,,
1601,UNC22499523,1.2347484987105872,0.986570650923564,,
1602,JAX00356386,1.1655533311966337,0.9095544886222887,,
1603,UNC22499701,1.1349956796523202,0.8967753274279349,,
1604,UNCHS035716,0.7556559314739388,0.8499850349801503,,
1605,UNC22500262,0.7488685419993999,0.9701754460563099,,
1606,UNC22500565,0.694470272663466,0.9881079935585368,,
1607,UNCHS035717,0.721521527340883,0.9472859959911671,,
1608,JAX00356402,0.7214262707736907,0.9545005479830748,,
1609,UNC22501062,0.7051900279716392,0.9171561396421258,,
1610,UNCHS035718,0.8897873121959492,0.9978443514292578,,
1611,UNCHS035719,0.8792478147822749,0.9557740993703441,,
1612,UNCHS035720,0.8856978200299181,0.8742896541022427,,
1613,UNC22501282,0.8910520340118637,0.935318622147139,,
1614,JAX00356408,0.8916215658987312,0.976683489120495,,
1615,JAX00044054,0.9010695170732106,0.8224127686128027,,
1616,UNC22501699,0.9003532470387654,0.8129979411290716,,
1617,UNC22501939,0.8638264374480968,0.9929442536568184,,
1618,UNC22502253,0.8885486240130831,0.9462077553730812,,
1619,UNC22502706,1.0635694516658987,0.9320169371186711,,
1620,JAX00044061,1.1137450948629066,0.8921821516029677,,
1621,UNC22503041,1.136124104083592,0.9334824228724902,,
1622,JAX00044064,1.1811101768257686,0.89009677403894,,
1623,JAX00356439,1.2005418209191703,0.9990447518115355,,
1624,UNC22503516,1.255005917138078,0.9249216324179828,,
1625,UNCHS035724,1.3113278013070158,0.7732781973201882,,
1626,UNCHS035725,1.3377583342460184,0.7988781284965517,,
1627,UNC22503955,1.876810541333498,0.9770421652833963,,
1628,UNCHS035726,1.909567864465771,0.9273548180765249,,
1629,UNC22504357,1.933371998491566,0.8691331749430328,,
1630,JAX00044074,1.9556967433968566,0.7833116740884081,,
1631,UNC22505532,1.9679185167090054,0.7892142515228386,,
1632,JAX00356462,1.9613567264987068,0.8071496318835494,,
1633,UNC22505952,1.9270539207122965,0.7193780657619492,,
1634,UNCHS035727,2.029320734122848,0.6609346079030718,,
1635,UNCHS035728,2.0369716222273837,0.6698146781857562,,
1636,UNC22506932,2.0387253717244675,0.7738548233410543,,
1637,UNC22507319,2.047176823687778,0.8787528876035173,,
1638,JAX00356490,2.0503328472368594,0.7669946456946228,,
1639,UNC22507694,2.0551456677112583,0.5729978842935699,,
1640,UNCHS035729,2.0075628157242136,0.8046767855444139,,
1641,UNCHS035730,2.0226213471237315,0.5865602799611705,,
1642,JAX00044092,2.296300228475502,0.6789770885402371,,
1643,UNCHS035732,2.497444651661908,0.7967910557618454,,
1644,UNC22508546,2.505887431279689,0.584874675826509,,
1645,JAX00356503,2.5143523471708704,0.7007548629823516,,
1646,UNC22508882,2.5267203657356276,0.7157079812000786,,
1647,UNC22509220,2.549722122341336,0.5762009300747966,,
1648,UNCHS035733,2.553955001475515,0.5939243046823195,,
1649,UNCHS035734,2.5543159516482774,0.7166834506298162,,
1650,UNC22509707,2.531301585663641,0.835039095361494,,
1651,UNC22509902,2.514067595970346,0.7718995889947451,,
1652,JAX00356515,2.5132333259289226,0.5504155615889192,,
1653,JAX00044104,2.5082651960078692,0.5808269688252228,,
1654,UNCHS035737,2.5652455429915335,0.8988328184043892,,
1655,UNCHS035738,2.598102176101065,0.7549671250823773,,
1656,JAX00356525,2.6012888196742097,0.7140978396289227,,
1657,UNC22510427,2.601820387337966,0.616308712520337,,
1658,UNC22510627,2.6178336345326443,0.7155510647396732,,
1659,UNC22511004,2.6188681349722174,0.7175194089708206,,
1660,JAX00044115,2.619488813450971,0.690287832535718,,
1661,UNC22511829,2.613779382872508,0.5689682090385121,,
1662,UNC22512103,2.5948889386379506,0.5694514174754313,,
1663,UNC22512503,2.57414781273701,0.6799071041887246,,
1664,UNC22512872,2.552693030356977,0.5712313167690712,,
1665,UNC22513297,2.5458701550762726,0.6418188629585032,,
1666,UNCHS035739,2.545360496718331,0.9949033427888715,,
1667,UNCHS035740,2.5040390928572833,0.7305384131673675,,
1668,UNC22513812,2.596338339898921,0.6118773372435717,,
1669,UNC22514293,2.5932347833625045,0.5901748965539958,,
1670,JAX00356558,2.5931990790450072,0.6020053390572829,,
1671,UNCHS035741,2.593181692477856,0.7302541379178766,,
1672,UNCHS035742,2.592288262846978,0.44355081137038976,,
1673,UNC22514726,2.5817112359575276,0.6068933191204771,,
1674,UNC22515449,2.7266042365506564,0.6471393704657695,,
1675,UNCHS035743,2.7289129189662162,0.46993361100964326,,
1676,UNCHS035744,2.722989330314931,0.7181716862747854,,
1677,UNC22516137,2.7170207766102976,0.5669555548361961,,
1678,UNC22516681,3.160134340730565,0.5086000726986768,,
1679,UNC22517042,3.1506714104741604,0.4864748350651188,,
1680,UNCHS035745,3.1879700310057615,0.3889554279235351,,
1681,UNC22517525,3.198341997247553,0.5893093142316924,,
1682,UNC22517807,3.248794728996245,0.31664501313868215,,
1683,JAX00356593,3.2923928268787677,0.6218656672513112,,
1684,UNC22518235,3.356792917692701,0.48077410692219924,,
1685,JAX00356601,3.4562505179696927,0.48710087112925665,,
1686,UNC22518646,3.4652426359557467,0.44253923263641654,,
1687,JAX00044160,3.5072131564734264,0.6664278260571471,,
1688,UNC22518935,3.576134354059377,0.39516301428484585,,
1689,JAX00356605,3.5927508340853365,0.5973319341381798,,
1690,UNC22519802,3.689610339591127,0.3481405047571605,,
1691,UNC22520182,3.910808222601645,0.3519522329975676,,
1692,UNCHS035747,3.9117327793062486,0.3975038621712303,,
1693,UNCHS035748,3.9200448538540513,0.3876267378113597,,
1694,UNC22520645,4.094149827015826,0.47674029459924233,,
1695,JAX00356630,4.1397874653071085,0.4541150099080216,,
1696,UNC22520992,4.222560046354829,0.4130599889196582,,
1697,UNC22521255,4.219741100316696,0.3659917458819944,,
1698,UNCHS035749,4.217061196223995,0.5179415199706912,,
1699,JAX00356641,4.216704736934389,0.32856230198313763,,
1700,JAX00356642,4.216542758607375,0.270775631577735,,
1701,UNC22521677,4.215708382167804,0.4089616693245004,,
1702,JAX00356650,4.215777011659611,0.3705142992716534,,
1703,UNCHS035751,4.2157913308662955,0.359160496381384,,
1704,UNC22522371,4.216108167465109,0.4216459984078725,,
1705,UNC22522749,4.2174890784363015,0.4535550260273823,,
1706,UNC22523023,4.301131167112999,0.2522027855272255,,
1707,UNCHS035754,4.313325614235509,0.4309147731373638,,
1708,JAX00044187,4.334613861300568,0.41317618668168804,,
1709,UNCHS035755,4.335161536568421,0.3500362885426002,,
1710,UNCHS035756,4.335364860607569,0.480110687508636,,
1711,JAX00356676,4.336931031800987,0.3131025208868404,,
1712,UNC22524052,4.3420984531285285,0.28393905156969046,,
1713,UNCHS035758,4.326152302966875,0.24174770329788034,,
1714,UNC22524548,4.258218786087127,0.26979063632431016,,
1715,UNC22524890,4.259239913218835,0.3539812903507447,,
1716,JAX00356687,4.272626362781239,0.34593831587120283,,
1717,UNC22525162,4.124414944017644,0.3549539463492669,,
1718,UNCHS035759,4.116329061640499,0.4725272767405142,,
1719,UNCHS035760,4.11153258860918,0.2980521975533393,,
1720,UNC22525560,4.070112371397727,0.4038693448062195,,
1721,UNCHS035761,4.057431809351328,0.420543798847555,,
1722,UNCHS035762,4.054696072951856,0.2653208991351667,,
1723,JAX00356695,3.967969215598032,0.4127996815519311,,
1724,UNC22525763,3.893702146879832,0.3752837753059557,,
1725,UNC22525983,3.8908097523328706,0.4517107301142357,,
1726,UNCHS035763,3.8956915496999045,0.3921554538856696,,
1727,UNCHS035765,3.895507646304168,0.3066729779052473,,
1728,UNCHS035764,3.8954720790234205,0.2932943088195715,,
1729,UNCHS035766,3.8952991201804252,0.43395699772065166,,
1730,UNC22526159,3.893615679386585,0.33622178263479513,,
1731,JAX00356703,3.892070523188977,0.4920457286655828,,
1732,UNCHS035767,3.890612659614362,0.3591789091815191,,
1733,UNC22526337,3.890279106391972,0.403587493964129,,
1734,UNCHS035768,3.8897975012098414,0.5119853014307809,,
1735,UNC22526548,3.8872691429296538,0.27135093332146126,,
1736,JAX00044217,3.8849541918166324,0.45621139580178643,,
1737,UNCHS035769,3.8828547230741606,0.4565154413485704,,
1738,UNCHS035770,3.881796163842637,0.31008626981872867,,
1739,UNCHS035772,3.999943979885529,0.384230575843502,,
1740,UNCHS035774,4.012035057879984,0.24149223488399854,,
1741,UNC22527468,4.204548318043635,0.29014898891199076,,
1742,UNC22527624,4.372201846086227,0.2091142872795077,,
1743,JAX00044226,4.6707594880899705,0.2812039915527515,,
1744,JAX00356724,4.7167822673595765,0.2965270538819259,,
1745,UNC22527979,4.734861916203727,0.3056769773548592,,
1746,UNC22528553,4.954015437273938,0.1649002217392692,,
1747,UNC22529004,4.891457373739286,0.24404712154273894,,
1748,JAX00356735,4.856173382498355,0.2767474187716301,,
1749,UNC22529495,4.8133639770112495,0.25530745396795357,,
1750,c13.loc45,4.79926294724828,0.27062999249085,,
1751,UNCHS035775,4.785233242854474,0.2950712015603249,,
1752,UNCHS035776,4.7343737335102105,0.3160526648905164,,
1753,backupUNC130055300,4.709689893060386,0.2614664367526431,,
1754,UNC22530497,4.288903887942979,0.2016664456348426,,
1755,UNCHS035777,4.181055509661519,0.46695624838648714,,
1756,UNCHS035778,4.1844323915831865,0.3426979050990632,,
1757,UNC22530863,4.1928283555241705,0.31629109574915215,,
1758,UNC22531503,4.061027338122813,0.40530419175093235,,
1759,UNCHS035779,3.9304508218497176,0.474742907792094,,
1760,UNCHS035780,3.9150026442362105,0.3916236491121612,,
1761,UNCHS035782,3.966237164423319,0.30839881525011875,,
1762,UNC22531911,4.008193774246138,0.532345308497328,,
1763,UNCHS035783,4.003681941559762,0.33937291351632837,,
1764,UNC22532227,4.0025046432397176,0.36605034050768953,,
1765,UNC22532680,3.8982745404823618,0.48705628172304977,,
1766,UNC22532864,3.937598891599464,0.44803844481291094,,
1767,UNC22533432,4.1991009106525325,0.7304517641657161,,
1768,JAX00187831,4.250988700156768,0.5434848502112424,,
1769,UNC22534192,4.133306310139233,0.4181843253758575,,
1770,UNC22534496,4.061999552965517,0.21448476956197915,,
1771,UNCHS035785,3.604149019873603,0.4215909752041806,,
1772,JAX00356833,3.8240034737395945,0.4732508499357824,,
1773,UNC22535060,3.8407136962794084,0.44032218531418155,,
1774,UNC22535404,3.8326409783032886,0.29116216371897163,,
1775,JAX00044276,3.841469819159329,0.5077789145939281,,
1776,JAX00356846,3.896307183917088,0.47907539917975966,,
1777,UNC22536010,3.9463810408738027,0.3554064422247244,,
1778,UNC22536233,4.0065909689276396,0.24716912324206466,,
1779,UNC22536491,4.068757675640427,0.6444670596990153,,
1780,UNC22536699,4.122410425462249,0.4122038249548356,,
1781,UNCHS035787,4.171791285854852,0.4670339497097461,,
1782,JAX00356861,4.222499266629939,0.3907368998458247,,
1783,UNC22537059,4.228085895068261,0.3119807939302762,,
1784,UNCHS035788,4.282706208414766,0.3733471064910453,,
1785,UNCHS035789,4.3297208027915985,0.2899217554761746,,
1786,UNCHS035790,4.382193317912879,0.2249698664831098,,
1787,UNCHS035791,4.280387479766432,0.2247474962396016,,
1788,UNC22537327,4.104449395435495,0.42597420185746226,,
1789,UNC22537777,4.220139719988765,0.28818530721575697,,
1790,UNC22537997,4.857918986514733,0.2764141608201429,,
1791,JAX00356874,4.954583369957163,0.1482767572292476,,
1792,UNCHS035793,4.649254636433625,0.46349317273790214,,
1793,UNC22538409,4.636028044038085,0.27720778799446183,,
1794,UNC22538578,4.665722070522179,0.279797203805935,,
1795,JAX00356883,4.668364668546928,0.25233964819160165,,
1796,UNC22538906,4.716080995821812,0.21720256280967215,,
1797,UNC22539427,4.7923741556901405,0.30804434655548574,,
1798,UNCHS035795,4.831187316086925,0.25529687658073474,,
1799,UNCHS035796,4.8369793300676065,0.29425110160010015,,
1800,UNCHS035797,4.844450750744727,0.21102430240354447,,
1801,UNCHS035798,4.832502395885285,0.23196594180269525,,
1802,UNC22540195,4.781940728486688,0.24709366333345154,,
1803,UNC22540473,4.7324593790258405,0.3194477636169814,,
1804,UNC22540849,4.740524628074127,0.22010069036487276,,
1805,UNC22541097,4.730695413563581,0.22631350166486994,,
1806,JAX00044319,4.934471249259786,0.1670523679479947,,
1807,UNC22542144,4.9519696004895195,0.18713240158710728,,
1808,UNC22542635,5.068627077933797,0.19856724312472335,,
1809,UNCHS035799,5.099494219083454,0.1329277932446532,,
1810,JAX00356946,5.099112588746493,0.3019736785092966,,
1811,UNCHS035800,5.048355614819229,0.18433635702868398,,
1812,UNC22542960,5.039484550193265,0.15519468388284402,,
1813,JAX00044326,5.026675049329697,0.25960883472253027,,
1814,UNC22543185,5.0436640926989185,0.26319144096513675,,
1815,JAX00356956,5.091776816545007,0.16186488303845398,,
1816,UNC22543438,5.106399371933094,0.12699856285432334,,
1817,UNC22543791,5.135636988044553,0.1310902834591786,,
1818,UNCHS035801,5.137761936646257,0.2247140855494579,,
1819,UNCHS035802,4.8428605299968694,0.3115562433982314,,
1820,JAX00044332,4.870361410368332,0.30433715032945585,,
1821,UNC22544255,4.896216887252194,0.22557280817873107,,
1822,UNCHS035804,4.896127781324594,0.25326525721728355,,
1823,UNC22545006,4.887692679390284,0.29745970756342854,,
1824,UNC22545337,4.8848888539341715,0.3231148120946199,,
1825,UNCHS035805,4.883981131921701,0.15332436241052325,,
1826,UNCHS035806,4.883687034698369,0.2469967354672678,,
1827,UNCHS035807,4.883325463395522,0.39702491761980246,,
1828,UNCHS035808,4.8828226094749425,0.21920759544013313,,
1829,JAX00356993,4.881444211728649,0.36603037454641474,,
1830,UNC22545612,4.881218238524298,0.2079223393560963,,
1831,JAX00357004,4.879860191954094,0.2934985934952201,,
1832,UNC22546259,4.866595542909636,0.2474646212101621,,
1833,UNC22546452,4.763217442290625,0.17830771856892727,,
1834,UNCHS035809,6.285227369106451,0.10231352341429924,,
1835,UNCHS035810,6.435442360068919,0.11495985869072525,,
1836,UNCHS035811,6.3959975877501165,0.07487704757207045,,
1837,UNCHS035814,6.383076944014647,0.096700092327504,,
1838,UNC22546736,6.374330603140606,0.10318904688659554,,
1839,UNC22546819,6.332673675739898,0.12457279125465373,,
1840,UNC22546957,6.32550413664012,0.10003810344421661,,
1841,UNC22547626,6.296688484573906,0.0920352529289224,,
1842,JAX00357055,6.254090597874438,0.13812255429970263,,
1843,UNC22548078,6.220613107337158,0.1109685568091504,,
1844,UNC22549114,6.103442004327462,0.1467987324343959,,
1845,JAX00357100,6.09163812286215,0.10115256158471711,,
1846,UNC22549590,6.08988335584354,0.11081368771081083,,
1847,UNCHS035819,6.131931886591019,0.13303463434380128,,
1848,UNCHS035820,6.1313076241458475,0.0839870872907926,,
1849,UNC22549985,6.1217139994905665,0.15722635539336377,,
1850,UNCHS035821,6.158961286072326,0.11026229741786821,,
1851,UNCHS035822,6.163145090770286,0.07170585575127256,,
1852,UNC22550459,6.247014784624298,0.10463137573853622,,
1853,UNCHS035823,6.0601398747749045,0.14327405474471192,,
1854,UNCHS035824,5.990910225489188,0.07662202463672246,,
1855,UNCHS035825,5.7049877017364,0.11833876912178962,,
1856,UNC22550720,5.701285454699473,0.09809641971289026,,
1857,UNCHS035826,5.487629732600453,0.32096335118475555,,
1858,UNC22551162,5.123178078387809,0.20732577133672186,,
1859,UNC22551402,4.807604285590742,0.17242082717033078,,
1860,JAX00357137,4.633660462258376,0.26380049220167856,,
1861,UNCHS035827,4.60057257310109,0.17938108790507792,,
1862,UNCHS035828,4.541275063781086,0.3388455502341439,,
1863,UNC22551540,4.539570161256506,0.22528040274295016,,
1864,JAX00357142,4.522656967843659,0.11822653394783111,,
1865,UNC22551721,4.415543761549088,0.22899848353192584,,
1866,UNC22551881,4.343795918837259,0.4613280398206662,,
1867,UNCHS035830,4.3214392615745965,0.40439883398015425,,
1868,UNC22552164,4.316140344717496,0.32081340051336504,,
1869,UNCHS035832,4.307222585741329,0.21156774181823434,,
1870,UNC22552551,4.302150218289626,0.557330867511426,,
1871,UNC22552810,4.309986157665435,0.39921913550223925,,
1872,UNCHS035833,4.3865198941866765,0.2110763893601094,,
1873,UNCHS035834,4.433849725084201,0.35901058488229465,,
1874,JAX00357175,4.807065910126312,0.22719659611627757,,
1875,UNC22553195,4.785031722632084,0.19495031920578196,,
1876,UNC22553365,4.763969017002182,0.15012875640567416,,
1877,UNC22553740,4.891619459992626,0.2428843345115919,,
1878,JAX00357192,4.872388848971923,0.23216523644608775,,
1879,UNC22554499,4.8531377185163365,0.20250052520465756,,
1880,UNC22554592,4.062074826209027,0.23433056386121381,,
1881,UNCHS035835,4.016252889230373,0.5020010878093454,,
1882,UNCHS035836,4.008667521796951,0.3879146492437205,,
1883,UNC22554943,4.006033951767904,0.36728114603195305,,
1884,UNC22555279,4.000703912117615,0.2807226502518014,,
1885,JAX00357223,3.9955452085339402,0.509370168975461,,
1886,UNC22555747,3.990590821685373,0.3587039364821054,,
1887,UNC22556047,3.987289630954365,0.43716305402768857,,
1888,UNC22556285,3.983326269779127,0.4782757612761,,
1889,UNC22556620,4.112298161239778,0.4171228550055182,,
1890,JAX00044410,2.9429335767727025,0.5934103091805163,,
1891,UNCHS035838,3.2799765101947287,0.4969979581100351,,
1892,UNC22557319,3.275293710648384,0.6389074772918361,,
1893,UNC22557722,3.266426196159955,0.35932847814095514,,
1894,UNC22557880,3.26610853050056,0.4549599722988749,,
1895,UNC22558096,3.261562623290274,0.5929213574334729,,
1896,JAX00357278,3.2614710178556834,0.6207167995486822,,
1897,JAX00357286,3.262151076865848,0.6571024099906543,,
1898,UNC22558549,3.262073276971023,0.5789666275133549,,
1899,UNCHS035840,3.0598564139099835,0.4799408258648648,,
1900,UNC22558990,3.0422740501312546,0.6022898566295315,,
1901,JAX00357294,3.0327017030181196,0.6316392534398326,,
1902,UNC22559514,2.9978992996193483,0.46286091055259826,,
1903,UNCHS035841,2.944154222904217,0.5053913921626663,,
1904,UNC22559597,2.9485907873081487,0.5602832476236936,,
1905,UNC22559831,2.998876191319596,0.5877032392832935,,
1906,UNCHS035844,2.9979699090424674,0.5227114498965438,,
1907,UNC22559876,2.9936309634952067,0.5117251669372536,,
1908,UNCHS035846,2.991765248973934,0.6210939769214698,,
1909,UNCHS035847,2.9908043695249944,0.6430754795629454,,
1910,UNCHS035848,2.9895216650349994,0.5231504586617484,,
1911,UNC22560289,2.97715477510269,0.7073835566318352,,
1912,UNC22560952,2.9472284131068136,0.5143207220661853,,
1913,JAX00357329,2.9414981184354474,0.49875815755893893,,
1914,JAX00357333,2.939958794330778,0.6089113573083552,,
1915,JAX00357336,2.937360634716015,0.6228677541560396,,
1916,UNC22561615,2.9321144524926694,0.6912524435886057,,
1917,UNCHS035849,2.9695709770235226,0.5732397743937427,,
1918,JAX00044450,3.0327135729253314,0.6827993598957486,,
1919,UNCHS035850,3.1669143275694296,0.5202111567054623,,
1920,UNC22561894,3.168121621423552,0.7238797307529381,,
1921,JAX00357342,3.1663570641626393,0.5533724484096173,,
1922,UNC22562104,3.163204398042353,0.4594315080045221,,
1923,UNCHS035851,3.1515827580690257,0.4448308124046416,,
1924,UNC22562482,3.172590799704949,0.6986354639573259,,
1925,UNC22562600,3.069830959894716,0.7000897129902999,,
1926,UNC22562722,3.059144394689156,0.5236164742891773,,
1927,UNCHS035853,3.05519465297607,0.4513791181153225,,
1928,UNCHS035854,3.0856594194056015,0.5435412578987638,,
1929,UNC22562784,3.092150047778887,0.41905513856301646,,
1930,UNCHS035855,3.1765012285763987,0.5874644982144345,,
1931,UNCHS035856,3.3305076747894873,0.41142335896379917,,
1932,UNC22562870,3.3194560994520543,0.5321093519520053,,
1933,UNC22562970,3.2993698582090474,0.4100339235068298,,
1934,UNC22563293,3.287578492497232,0.5192187158128712,,
1935,UNCHS035858,3.2818308899622934,0.4449782029639643,,
1936,UNCHS035859,3.2817226850786483,0.5684031596884899,,
1937,JAX00044467,3.2808675243272774,0.4408087246555179,,
1938,UNC22563539,3.2806293126759556,0.6922498981872143,,
1939,UNCHS035860,3.2800312794315687,0.5994130792123372,,
1940,UNCHS035861,3.2795185792081156,0.5357298914583901,,
1941,UNCHS035862,3.309170298883828,0.37360413216909866,,
1942,JAX00357367,3.3081331203861737,0.7611001585599289,,
1943,UNC22563713,3.302525553826399,0.4195226820307264,,
1944,UNC22563893,3.2932669193171478,0.495894873711146,,
1945,UNCHS035864,3.2899050282667304,0.518984759943034,,
1946,UNC22564165,3.282667961480456,0.5645704564570313,,
1947,UNC22564723,3.3143847944043046,0.5311090191750738,,
1948,UNCHS035867,3.309074827337554,0.6311430647555039,,
1949,UNCHS035868,3.3104633846064644,0.5717473060268976,,
1950,UNC22564940,3.3368599435291344,0.49050168750226947,,
1951,UNCHS035869,3.351585001610374,0.45396961666663327,,
1952,UNC22565098,3.407183485250698,0.5607771896277585,,
1953,UNCHS035871,3.5265331932014305,0.534071203249685,,
1954,UNC22565470,3.5252118147286637,0.42872377286782054,,
1955,UNCHS035872,3.5251734037674396,0.37914718273214304,,
1956,UNC22565641,3.574393644829115,0.37700188952867114,,
1957,UNCHS035873,3.5695781673878173,0.3601157448602391,,
1958,JAX00357389,3.566707128397411,0.25340033749601015,,
1959,JAX00044490,3.5661963466066027,0.4459677359750305,,
1960,UNCHS035875,3.5650655378219653,0.4304414524578177,,
1961,UNCHS035876,3.5648395441157845,0.44227961063098764,,
1962,UNCHS035877,3.563022899678799,0.4351192402754673,,
1963,JAX00044494,3.5629475438722693,0.5425286838582618,,
1964,UNC22567142,3.5566027706704517,0.4256338720495995,,
1965,UNC22567486,3.525791659508741,0.42751949383965626,,
1966,UNC22568295,3.4744131358413597,0.5218344161809231,,
1967,UNCHS035880,3.4744197459663155,0.3750069033658744,,
1968,UNCHS035881,3.4744111147076637,0.38020480866810175,,
1969,JAX00357422,3.470471277013303,0.5189044941712339,,
1970,UNC22568941,3.4639891528008775,0.36962048799000174,,
1971,JAX00357434,3.4546660746946145,0.5762608968737513,,
1972,JAX00044514,3.452189727470568,0.4238688376611327,,
1973,UNCHS035883,3.44683650693878,0.6582246311841604,,
1974,UNC22569213,3.44450842839251,0.5886066067534935,,
1975,UNCHS035885,3.4441711791582748,0.540007624144949,,
1976,UNCHS035884,3.4441233991410627,0.4765737119227614,,
1977,UNCHS035886,3.443344384176271,0.6061858794924538,,
1978,UNCHS035887,3.4385030996695605,0.6615399195387086,,
1979,UNCHS035888,3.4371986771648153,0.5979707728030514,,
1980,UNCHS035891,3.4371461963867205,0.30396177778273836,,
1981,UNCHS035890,3.4367305117798423,0.4504195204429001,,
1982,UNCHS035892,3.4363788958385157,0.5090378978494663,,
1983,UNC22570020,3.4128983699044966,0.6339202476616725,,
1984,JAX00044526,3.4035390003150496,0.4626734991012449,,
1985,UNC22570474,3.394502198106238,0.3784485462028652,,
1986,UNCHS035893,3.381460503040671,0.47853900387598325,,
1987,UNCHS035894,3.38050420497666,0.44101935151569727,,
1988,UNC22570770,3.380197978815204,0.5701035506155527,,
1989,JAX00044532,3.374331227413677,0.4949767670090161,,
1990,c13.loc49,3.34863901044082,0.2947613943139192,,
1991,UNC22571728,3.3268014565687736,0.7201181832168578,,
1992,UNCHS035895,3.323718972341112,0.5326483743466799,,
1993,UNC22572371,3.3293603042784525,0.3966414553763444,,
1994,JAX00357485,3.3383689014433457,0.5303627441415313,,
1995,JAX00044547,3.631680601800099,0.7709186679677781,,
1996,UNCHS035897,3.6550260453329884,0.3375761194367247,,
1997,UNC22572876,3.6539368951036977,0.40088736744384634,,
1998,UNCHS035898,3.6535593635296664,0.683121494966576,,
1999,UNCHS035899,3.6443446527507604,0.43203166238716784,,
2000,UNCHS035901,3.374554213799911,0.5699155098399442,,
2001,UNCHS035903,3.3610518413067894,0.5207837014848161,,
2002,UNCHS035904,3.348383554407974,0.32971540382358916,,
2003,backupJAX00357503,3.342736676048162,0.44334464936651097,,
2004,UNCHS035906,3.341277433735968,0.523558246482731,,
2005,UNCHS035907,3.323129436884301,0.4810483169271339,,
2006,UNC22574004,3.321386884206049,0.36093478181723126,,
2007,UNCHS035908,3.3201267907013516,0.37097344161857615,,
2008,UNCHS035909,3.3130739544822063,0.37050782829597534,,
2009,UNCHS035910,3.311566140737341,0.44830613463771873,,
2010,JAX00044566,3.3047350842764445,0.4352926870860489,,
2011,UNC22574261,3.2960888840189,0.684230854945,,
2012,JAX00357524,3.2851058818303045,0.6029847917600123,,
2013,UNCHS035912,3.2779817940415796,0.5398394992515441,,
2014,UNCHS035913,3.277856317290116,0.536159712469271,,
2015,JAX00357526,3.272801754003467,0.47157163856207684,,
2016,UNCHS035915,3.2649567127173214,0.5517201438094336,,
2017,UNCHS035916,3.2638023212045937,0.49593740862534763,,
2018,UNC22574895,3.2603493456476826,0.5757797861411643,,
2019,UNCHS035917,3.2599211745587127,0.6912537549958857,,
2020,UNCHS035918,3.258970474718353,0.7708081504618778,,
2021,JAX00357539,3.2505270752333217,0.5566914046015271,,
2022,UNC22575780,3.233762755020507,0.558175110088693,,
2023,UNC22577119,3.1125520878533735,0.6321441017139836,,
2024,UNC22577240,3.076223694022019,0.4731940569736677,,
2025,JAX00357570,3.0671976593789623,0.48122215770945453,,
2026,JAX00357578,3.036158116087563,0.5120456918923547,,
2027,UNC22577550,3.035704375555042,0.5367625820211842,,
2028,UNC22577658,2.921009857970148,0.38729910637982956,,
2029,JAX00357594,2.899072320702544,0.7992243322827214,,
2030,UNCHS035919,2.823182490360523,0.7545170551570313,,
2031,UNCHS035920,2.8249855880467294,0.5201005715659007,,
2032,JAX00357611,2.7551522888404634,0.8410650153284209,,
2033,UNCHS035921,2.753541931788959,0.851071905400196,,
2034,JAX00357613,2.753053219786352,0.7211020443162098,,
2035,UNC22578383,3.09475629855001,0.5286765794630395,,
2036,UNCHS035922,3.1077077982313313,0.42786759816932335,,
2037,JAX00357615,3.107526790773818,0.4922965542997964,,
2038,UNC22578692,2.92655740799637,0.7822122024752033,,
2039,UNCHS035924,2.8074557326960985,0.9911688959025569,,
2040,UNC22579372,2.738523299569806,0.4296929756606873,,
2041,JAX00357662,2.7212693840297106,0.8782639258846138,,
2042,UNC22579787,2.712096736580861,0.6994682037174773,,
2043,UNCHS035926,2.700749595821435,0.6841145149351711,,
2044,UNC22580997,2.671945535822033,0.5948305708096632,,
2045,JAX00357684,2.648070838373769,0.592320141863887,,
2046,JAX00044683,2.6467423329015674,0.6501086788676639,,
2047,UNCHS035927,2.64198732113573,0.7251668474364927,,
2048,UNC22582211,2.6291739378782495,0.5273432092903976,,
2049,c13.loc51,2.6235146595595324,0.5391445294465245,,
2050,UNC22583014,2.6113583708042825,0.9114557602337702,,
2051,JAX00044692,2.66554341720348,0.6632567167734228,,
2052,UNCHS035930,2.6659221093677843,0.5783073053266535,,
2053,UNC22584004,2.7028082645083487,0.46047345714407606,,
2054,JAX00357705,2.7444213305554968,0.595076684718085,,
2055,UNC22585134,2.7774354302882784,0.7144620730148212,,
2056,JAX00357719,2.7862726309272148,0.5995454254186613,,
2057,UNC22586215,2.825837611778752,0.5364817082521457,,
2058,UNC22587054,2.740409012303644,0.6658777863450908,,
2059,UNC22587937,2.692823386874352,0.643906307167626,,
2060,UNCHS035932,2.6797644946350374,0.5037183055265051,,
2061,UNC22588684,2.6479894277063067,0.5631262800752725,,
2062,UNCHS035933,2.5547166308851956,0.7572965734279637,,
2063,UNCHS035934,2.549776127900259,0.7518812409644476,,
2064,UNCHS035935,2.534791042312918,0.8116407415017154,,
2065,UNCHS035936,2.5282663899290583,0.6477689711623664,,
2066,UNC22590020,2.5279412440015676,0.7527538566057123,,
2067,UNCHS035937,2.5105505523256397,0.7931980187005568,,
2068,UNCHS035938,2.498226385117732,0.7555082174575433,,
2069,JAX00357772,2.4961689665021822,0.8446061493339908,,
2070,JAX00357781,2.374167713109273,0.5529644300794746,,
2071,UNC22590855,2.325704233360284,0.9162451777978919,,
2072,JAX00357783,2.2685489775553833,0.7103215053087997,,
2073,JAX00357784,2.267557087147452,0.7962875429724463,,
2074,UNCHS035939,2.2644524678889866,0.8835309645209374,,
2075,UNCHS035940,2.258495357916672,0.691044908303365,,
2076,UNCHS035941,2.2566537381942453,0.6973567619477201,,
2077,UNCHS035942,2.2539005640671803,0.546209396044221,,
2078,JAX00357788,2.247685394244172,0.9143468660797758,,
2079,UNC22591778,2.24034743350353,0.8565909196148437,,
2080,UNCHS035943,2.194911022644874,0.9843436840152655,,
2081,JAX00357825,2.1522818603557425,0.7981020162034798,,
2082,UNC22593933,2.1087537372386578,0.9209584509371196,,
2083,JAX00357856,2.093604227880178,0.6730502250774226,,
2084,UNC22594799,2.0739073488516624,0.6712351286499243,,
2085,JAX00044747,2.0529230743568405,0.5196514779791284,,
2086,UNCHS035946,2.0488992041632628,0.7470478130019208,,
2087,UNC22595169,2.046005410424641,0.8714169800290187,,
2088,UNCHS035947,2.044328059682357,0.8125073719735207,,
2089,UNCHS035948,2.1025941874831915,0.7132500524321477,,
2090,UNC22595576,1.9011028832392185,0.9759828984703854,,
2091,UNC22595688,1.8654515546127186,0.7261852755427958,,
2092,UNC22595965,1.8986859075334905,0.891077349434911,,
2093,UNC22596515,2.0037749784953576,0.5866457040730965,,
2094,UNC22596735,1.9955894153445115,0.8149234724077193,,
2095,JAX00357963,1.894073984115721,0.8121450068508844,,
2096,UNCHS035951,1.8882989796345555,0.8998965715516568,,
2097,UNCHS035952,1.91170093656865,0.7176412502731297,,
2098,UNC22598191,1.9789710506627216,0.9612245223980688,,
2099,JAX00357969,1.9776433951885792,0.855942009159027,,
2100,UNC22598393,1.9765274369253802,0.8768811431873071,,
2101,JAX00357981,2.0485121470305785,0.9538563453172675,,
2102,UNCHS035953,2.094547626473286,0.5954837997464135,,
2103,UNCHS035955,2.1138892888332066,0.9079147174258242,,
2104,UNCHS035954,2.0746118642318834,0.8649941918274636,,
2105,UNC22598814,2.074517526661566,0.8392240723336949,,
2106,UNCHS035956,2.083554924940472,0.8337823758153791,,
2107,JAX00044770,2.2438229777174,0.8093280031235812,,
2108,UNC22599680,2.241703577435601,0.8001348938988478,,
2109,UNC22600223,2.241292500115378,0.841291168883216,,
2110,UNC22600490,2.241996604602946,0.8693617161478496,,
2111,UNC22600937,2.2433884010772545,0.728801110462576,,
2112,UNC22601011,2.244375251853171,0.7680250582572193,,
2113,JAX00358038,2.245922515603297,0.6872216610687336,,
2114,UNC22601464,2.2471620166436423,0.6195620240337208,,
2115,UNCHS035957,2.240806616858663,0.9236997475165947,,
2116,UNC22601827,2.2395487718126788,0.8966836175576609,,
2117,UNCHS035958,2.2385036274060894,0.6764820696765302,,
2118,UNCHS035959,2.2387957019614078,0.7132194679068814,,
2119,UNC22602488,2.22250429014116,0.6448309945063411,,
2120,UNC22602822,2.226171523868061,0.8395071103118728,,
2121,UNC22603034,2.4977135221799927,0.6619312167483917,,
2122,UNC22603263,2.5002294226601407,0.7080588171416722,,
2123,UNC22603645,2.5040113054110407,0.9024117258238289,,
2124,UNCHS035961,2.506566264561343,0.5606041851715355,,
2125,UNC22603922,2.5087624825280272,0.4802944976805145,,
2126,JAX00044791,2.5113482806539196,0.5943206075093698,,
2127,UNC22604332,2.5049289355602014,0.8232712659169301,,
2128,UNC22604643,2.525016187946676,0.862327473066464,,
2129,UNC22604896,2.522949883899173,0.5811805103675218,,
2130,UNC22605423,2.518081380350395,0.5668633076421797,,
2131,UNC22605765,2.5144706459132067,0.5609049670961846,,
2132,JAX00044798,2.51007870847684,0.4783671376323531,,
2133,UNC22606231,2.509712305635958,0.6193533362099634,,
2134,JAX00358121,2.5076852774911913,0.6850511547429798,,
2135,UNC22607098,2.5036402844509666,0.5889217463413409,,
2136,UNC22607334,2.68182200532965,0.8198581830922654,,
2137,UNCHS035963,2.6727265149418145,0.5985827076804381,,
2138,UNCHS035964,2.674379407499373,0.6436737970326748,,
2139,UNC22607789,2.6730745189122445,0.5827994676643561,,
2140,UNC22608387,2.6513081082098324,0.4964700306257352,,
2141,UNC22608506,2.6296816221199606,0.5480562178154456,,
2142,UNC22609015,2.5212582124975143,0.765303935476562,,
2143,UNC22609296,2.484581761672871,0.7958378542146869,,
2144,UNC22610023,2.4593607439881,0.6405836206645104,,
2145,UNCHS035965,2.464287880348138,0.626126361640811,,
2146,UNCHS035966,2.468245155080467,0.6349179856624891,,
2147,UNC22610550,2.5555006460253935,0.7128213689954852,,
2148,UNC22611405,2.559607381921751,0.5400539666847016,,
2149,UNC22611556,2.549339074194222,0.6863101222780846,,
2150,UNC22611940,2.5340090919535214,0.6356402176323318,,
2151,UNC22612160,2.522798422345204,0.8010827684679088,,
2152,JAX00358232,2.5018670326928714,0.6523396443341198,,
2153,UNC22612510,2.501154830087671,0.6097955557610515,,
2154,UNC22612732,2.512008342250965,0.8759372504430509,,
2155,UNCHS035967,2.8225797537511426,0.7591764247804713,,
2156,UNCHS035968,2.925060418280964,0.3852176310779599,,
2157,UNC22613486,2.8860188130238384,0.5968608529721303,,
2158,UNCHS035969,2.864853873757511,0.575490438628424,,
2159,UNCHS035970,2.679317730575576,0.7060137150838712,,
2160,UNC22613887,2.6445320928198726,0.5653908183809885,,
2161,JAX00358246,2.596415077007805,0.45705487260503014,,
2162,UNC22614267,2.202475195977513,0.8761519358183374,,
2163,UNC22614560,2.232996196124077,0.7360686227238216,,
2164,UNCHS035971,2.2517264531952605,0.6448422020335721,,
2165,UNCHS035972,2.354223431774699,0.7747527165086254,,
2166,UNC22615038,2.3997054836206644,0.7074907935557817,,
2167,UNC22615195,2.4683109158024763,0.8681621138407358,,
2168,UNC22615421,2.522264129552468,0.7137445286300744,,
2169,JAX00044841,2.6225645727968185,0.6279323069233913,,
2170,UNCHS035973,2.6865401299507994,0.822186467723296,,
2171,UNC22615786,2.924028080174139,0.7033728889154459,,
2172,UNCHS035974,3.0403511408080703,0.6722645785660744,,
2173,UNCHS035975,3.4351704182299727,0.5548342251392667,,
2174,UNCHS035976,3.4517359983453844,0.37190821675435365,,
2175,UNC22615877,3.4130125508158926,0.5239361477496172,,
2176,JAX00358278,3.472596889282613,0.5775680066756648,,
2177,UNC22616479,3.478859506056324,0.5533232458769483,,
2178,UNC22616826,3.5402490957947066,0.4708361916741637,,
2179,UNC22617082,3.561549107430892,0.35705040454752224,,
2180,UNC22617284,3.553301666812331,0.27394491641248264,,
2181,JAX00358304,3.548316568737846,0.6568751684573141,,
2182,UNC22617549,3.5413757832761803,0.44613439711922565,,
2183,UNC22617744,3.4553813431284652,0.6351009530131169,,
2184,UNC22617875,3.446776632011506,0.57119712606211,,
2185,JAX00358329,3.4345430685266365,0.639136802230675,,
2186,UNC22618097,3.429211773748648,0.5322954460314809,,
2187,UNC22618441,3.4134084512395475,0.3504747734658293,,
2188,UNCHS035977,3.4134182479822357,0.3751069428797594,,
2189,JAX00358340,3.413566319236452,0.5711125291312047,,
2190,UNC22618776,3.4142837228475855,0.44159106823581085,,
2191,UNC22619078,3.4106594482218497,0.38807860377653697,,
2192,UNCHS035980,3.4061895228010144,0.4763988601189143,,
2193,JAX00358354,3.4059681540084057,0.378900545310735,,
2194,UNC22619494,3.4043621579157843,0.544099140242608,,
2195,UNCHS035981,3.3964056600966614,0.5928915371781456,,
2196,UNC22619570,3.394992560011815,0.5227837709125346,,
2197,UNC22620030,3.547330569319456,0.5334744577301813,,
2198,UNC22620548,3.785196211798848,0.4569563357526318,,
2199,UNC22620883,3.7453866243179164,0.3784072123036147,,
2200,UNC22621465,3.7398117263933273,0.4879520010423995,,
2201,UNC22622035,3.724525641262062,0.42485772268982913,,
2202,JAX00358399,3.721123493938194,0.388030304984846,,
2203,UNC22622352,3.7056757575264783,0.37729919678886203,,
2204,JAX00358409,3.818865511443846,0.319292119617573,,
2205,UNC22622947,3.835980642028744,0.3866679629847194,,
2206,UNCHS035983,3.9178589439566167,0.41030371238096836,,
2207,UNCHS035984,3.9358348988826037,0.32284747869152053,,
2208,UNCHS035985,4.084048242750896,0.3568444337441781,,
2209,UNCHS035986,4.106300458363421,0.2903745414843608,,
2210,UNC22623980,4.241967709127948,0.3023898441666628,,
2211,UNC22624514,4.236527207283416,0.37781951353858356,,
2212,UNCHS035987,4.236919316775584,0.24019765031765106,,
2213,JAX00358441,4.236969222054768,0.24323800583457927,,
2214,UNCHS035988,4.237808783951095,0.3396024199889172,,
2215,JAX00358457,4.236306305088647,0.3152134591006934,,
2216,UNC22624705,4.234199700214049,0.34313168619915385,,
2217,UNC22624798,4.2279220496454855,0.47425339724967913,,
2218,UNC22625156,4.2162801909867085,0.327682361011578,,
2219,UNC22625682,4.117160580197833,0.27582423705806336,,
2220,UNC22625876,4.067029437502015,0.264450313059469,,
2221,UNC22626014,4.003909501276667,0.2834820189637049,,
2222,UNC22626179,3.7334459226945,0.5525498464721509,,
2223,UNCHS035990,3.34856485433329,0.5148423638175373,,
2224,UNC22626569,3.221455711337285,0.5422909353237353,,
2225,UNC22626717,3.1500877342105014,0.69316260297176,,
2226,UNC22627038,3.135375876181115,0.5447579087466923,,
2227,UNC22627146,3.1290688948183742,0.6053890949475357,,
2228,UNCHS035992,3.318369566807405,0.7040446348684954,,
2229,JAX00358522,3.319349923583786,0.5334395069846998,,
2230,UNC22627276,3.319506327533645,0.4536765543408656,,
2231,UNC22627649,3.464659226146523,0.4915522618562099,,
2232,UNCHS035993,3.2064101189396297,0.5273263758565483,,
2233,UNCHS035994,3.1344578606785944,0.40538944786833714,,
2234,UNC22627862,3.1158321483469535,0.4283789369028087,,
2235,UNC22627996,3.2356669506614253,0.5590515521635228,,
2236,JAX00358543,3.5564407227579977,0.5055472577721367,,
2237,JAX00358562,3.4082749062220046,0.47422663246349445,,
2238,UNC22628513,3.399245021939805,0.56613282777702,,
2239,UNC22628812,3.283058661769701,0.5466797987252879,,
2240,UNC22629121,3.1396180850611017,0.5742743698230407,,
2241,UNC22629327,3.0549819646707874,0.4566355700735069,,
2242,UNCHS035995,3.0574643461527558,0.7244226951858,,
2243,UNCHS035996,3.1485119509184187,0.5572322200972858,,
2244,UNC22629656,3.149114549859405,0.5494862754673752,,
2245,UNC22629846,3.1447591179091887,0.6037262350910149,,
2246,UNCHS035997,2.9796005284033527,0.4486433259137231,,
2247,UNC22630367,2.7249567613389445,0.5250743616624182,,
2248,UNCHS036000,2.466143602707234,0.7203461020011458,,
2249,UNC22630779,2.416836025786097,0.644402956772368,,
2250,UNC22631580,2.2269589526954405,0.8977979351265415,,
2251,JAX00358619,2.222474493466507,0.4803209877877095,,
2252,JAX00358625,2.275400172208947,0.6693050280574242,,
2253,UNC22632100,2.282355594599494,0.8268563781425927,,
2254,UNCHS036001,2.003805162055869,0.8801973581124021,,
2255,UNCHS036002,1.9813985297207637,0.9981937120585034,,
2256,UNCHS036003,1.9390584940933877,0.651156580268187,,
2257,UNCHS036004,1.9200791865612246,0.977322027130159,,
2258,UNCHS036005,1.738097850819031,0.9144996080227038,,
2259,UNCHS036006,1.7480053076260447,0.6286696455941839,,
2260,UNC22633528,1.7631814183100687,0.8580025264225546,,
2261,JAX00358648,1.759975404802617,0.6895846776819646,,
2262,UNC22634001,1.7577452816040022,0.8090055352111898,,
2263,JAX00202983,1.754344290328163,0.90293369643491,,
2264,UNCHS036010,1.7426307408006778,0.746098470191435,,
2265,UNC22634651,1.7424227112530843,0.9054053334487119,,
2266,UNC22635258,1.8380220831140832,0.8754918986408757,,
2267,UNCHS036011,1.8450644049703442,0.8321015234771417,,
2268,UNCHS036012,1.8449829737990058,0.8082281109780869,,
2269,JAX00044945,1.8454097810238181,0.6287764322509412,,
2270,UNC22635888,1.8487584464542124,0.8448928653621176,,
2271,UNCHS036015,1.8563421262163047,0.7627821031144941,,
2272,UNCHS036017,1.8845203879191104,0.8278847508199536,,
2273,UNCHS036018,1.9088508724830717,0.695665129602267,,
2274,backupUNC130294653,2.0480200845142917,0.6221995679166463,,
2275,UNCHS036019,2.5748647832831466,0.6430113442260948,,
2276,UNCHS036020,2.919417567754408,0.5471780933612851,,
2277,JAX00358718,4.134707816386026,0.32827372549317785,,
2278,UNCHS036022,4.395188604323494,0.23570064972115579,,
2279,UNC22637658,4.398721956198187,0.4824338121238483,,
2280,JAX00358721,4.401130427398584,0.222108664722921,,
2281,UNC22638400,4.54418546261104,0.19748126187879372,,
2282,UNCHS036023,4.55499587622262,0.30588749519398706,,
2283,UNCHS036024,4.556070153021437,0.2203552485686377,,
2284,UNCHS036025,4.559635919250923,0.3194006217766949,,
2285,UNCHS036026,4.560143176661541,0.28806320940506236,,
2286,UNC22639186,4.563657742964779,0.2378875867988428,,
2287,UNCHS036027,4.56523191635506,0.34844886753451615,,
2288,UNCHS036028,4.565431142117859,0.32876697600608223,,
2289,UNC22640070,4.573359868186799,0.27746562545353937,,
2290,JAX00044973,4.571230141864817,0.2687097131784527,,
2291,UNCHS036030,4.559535708917338,0.3046346099266169,,
2292,JAX00358767,4.5382318616059365,0.18247991545355294,,
2293,UNCHS036031,4.5480982465774105,0.2900796197504583,,
2294,UNCHS036032,4.538125440752083,0.21639549516605278,,
2295,UNC22640447,4.488689706553032,0.2640938301921053,,
2296,JAX00044981,4.414354439663839,0.3905218907749073,,
2297,UNC22640958,4.441762875888799,0.33148951059339127,,
2298,c13.loc55,4.31604954608656,0.1600553037588173,,
2299,UNCHS036033,4.215191771571426,0.40292165749505326,,
2300,UNC22641884,4.14240026923585,0.28586694221679715,,
2301,UNCHS036035,4.1177076009291795,0.33354215005526744,,
2302,UNCHS036036,4.106201426366624,0.3171231209418902,,
2303,UNC22642157,4.062704606294119,0.24096834035162487,,
2304,UNCHS036038,4.042578184662034,0.2552164458679009,,
2305,JAX00358794,3.9941348284301057,0.3109870841206372,,
2306,UNCHS036039,3.9733641589843955,0.29843826976996823,,
2307,UNCHS036040,3.9602565528928153,0.3161795764989862,,
2308,UNC130067930,3.9087144005186474,0.5418715296662228,,
2309,UNC22643697,3.9783723701862073,0.4358807064764915,,
2310,UNCHS036041,3.904184101624878,0.6372524386121003,,
2311,UNCHS036043,3.902668832940435,0.36065477393715023,,
2312,UNC22644198,3.901884299953508,0.31949296887588596,,
2313,JAX00358820,3.9020678002912064,0.4935797593781628,,
2314,UNC22644595,3.901941808852598,0.3931097987603223,,
2315,UNC22645171,3.900360442981082,0.3849670758032776,,
2316,UNCHS036045,3.900134628209571,0.3230556712709851,,
2317,UNCHS036046,3.8999941047954962,0.4064368328736781,,
2318,UNCHS036049,3.8984488792775664,0.3993086532833435,,
2319,UNC22646020,3.8981864861377744,0.37684304008939334,,
2320,UNCHS036052,3.8977776528031427,0.3642305015943161,,
2321,UNCHS036054,3.8972223101950476,0.32371056899049316,,
2322,JAX00358853,3.8971376075623994,0.43080415008713163,,
2323,UNCHS036056,3.8957946921955227,0.3940824994859188,,
2324,JAX00045026,3.8921021196895254,0.2803511762589555,,
2325,JAX00045027,3.8910702539844806,0.320532509448099,,
2326,UNC22647280,3.8865564330390043,0.41371321309175085,,
2327,UNCHS036057,3.8911908553536705,0.46156024065139956,,
2328,UNC22647821,3.8962354463888005,0.44633750208789413,,
2329,JAX00045033,3.894566196386222,0.3670424818789,,
2330,UNCHS036059,3.9609631834325683,0.31855582380161995,,
2331,UNC22648785,3.9608665778823706,0.41937583855785526,,
2332,UNCHS036060,3.9606425189635956,0.37608224260074696,,
2333,JAX00358886,3.960489653043851,0.40278131846474863,,
2334,UNCHS036061,3.9629762236352235,0.3699362938501491,,
2335,UNCHS036062,3.976360869257178,0.3464392760522263,,
2336,UNCHS036063,3.9836004276471613,0.5379854914651099,,
2337,UNCHS036064,3.675230414085945,0.40849814740533735,,
2338,JAX00358894,3.6774514315136457,0.4097530048829607,,
2339,UNC22649475,3.6774467936606925,0.6380593548698148,,
2340,UNCHS036065,3.6774681505705757,0.6335165682730429,,
2341,UNCHS036066,3.694784117527888,0.41692610390808077,,
2342,JAX00045046,4.052214644697415,0.534727825191012,,
2343,UNC22651340,4.040484568558895,0.5037032207270556,,
2344,UNCHS036067,4.072088376317652,0.3535425480591871,,
2345,UNCHS036068,4.074783310207295,0.40680102312826294,,
2346,JAX00358948,4.07173606869992,0.270917564517807,,
2347,UNCHS036069,4.071281800809857,0.2515927890295966,,
2348,UNCHS036070,4.071242969133664,0.4816678249811729,,
2349,UNC22652861,4.07236668880023,0.17437896439095102,,
2350,UNC22653820,4.046290323882658,0.43258897031956756,,
2351,UNC130068723,4.03755732223749,0.2823017329405577,,
2352,UNC22655167,3.996822748685645,0.28895891068104745,,
2353,JAX00359030,3.9903565878987592,0.3191202756575067,,
2354,UNCHS036071,3.9921937321705627,0.3622474397178892,,
2355,UNCHS036072,3.9938805266467625,0.27418408973473485,,
2356,UNC22657161,3.9962004961039383,0.47274062612986784,,
2357,JAX00359070,4.0351966127857395,0.21940803028131642,,
2358,UNC22658045,4.037479382369838,0.23910215065122706,,
2359,UNCHS036073,4.0843830165486,0.4238883825587445,,
2360,UNC22659103,4.084443223333892,0.44838522299308775,,
2361,UNCHS036074,4.084765772960964,0.34050340685503666,,
2362,JAX00359105,4.090609888550716,0.44695532865460863,,
2363,UNC22659846,4.0882262304776305,0.37493464318727304,,
2364,UNCHS036075,4.0832128668103,0.5029283356080676,,
2365,UNCHS036076,4.082977768588762,0.4281319344497225,,
2366,UNCHS036077,4.0786538467395985,0.6056401581450115,,
2367,UNC22661060,4.078324911140953,0.46074755692282854,,
2368,UNCHS036078,4.078111919378898,0.3663825560090746,,
2369,JAX00359123,3.973107048046586,0.4736408517709446,,
2370,UNCHS036079,3.82566276991588,0.3975196810980155,,
2371,UNCHS036080,3.7623248348475045,0.5678672104147673,,
2372,UNCHS036081,2.7844808813485997,0.8245323133940752,,
2373,UNCHS036082,3.928501689068298,0.28717127049885766,,
2374,UNC22662546,4.015986399372196,0.24474549235519663,,
2375,UNC22663269,4.0717679463841705,0.25886912652453603,,
2376,UNC22664034,4.010637300510098,0.2708803010291048,,
2377,UNCHS036084,3.9666431247960645,0.5390431537352778,,
2378,JAX00359199,3.981841222193907,0.35489713276837903,,
2379,UNC22665268,3.9984926020774765,0.22897787800280137,,
2380,UNC22666005,4.038135226815939,0.42680964990175385,,
2381,UNCHS036085,4.060138610411286,0.3589014924202249,,
2382,UNCHS036087,4.061459893902793,0.4814684047096945,,
2383,UNCHS036088,4.109880213188262,0.35993168087931837,,
2384,UNCHS036089,4.144420217131028,0.2955819719646465,,
2385,UNCHS036090,4.066311509517163,0.4537991544472119,,
2386,UNC22666848,4.003931793827178,0.366244153835254,,
2387,UNCHS036091,4.006521817046632,0.3639432654070718,,
2388,UNCHS036092,4.008580655115566,0.25935276009854175,,
2389,backupUNC130297246,4.012056034865964,0.3068263122613448,,
2390,JAX00359235,4.022379750873597,0.4199779215194631,,
2391,JAX00359239,4.028118574639393,0.2625994179956073,,
2392,UNC22668031,4.034478717361708,0.30122313277537915,,
2393,UNCHS036093,4.0330615348073025,0.7063829722604404,,
2394,UNCHS036095,4.350430361128701,0.314114463115024,,
2395,UNCHS036098,4.2087983654296295,0.41707331640071593,,
2396,UNCHS036100,4.850838704757507,0.29512331343499976,,
2397,UNC22672192,4.844744743063984,0.21885330380157822,,
2398,UNCHS036101,4.844278708009824,0.21855532356900884,,
2399,JAX00359373,4.86308067569189,0.24606295855747928,,
2400,UNC22672696,4.88676638756715,0.1791189611732673,,
2401,UNCHS036103,4.972606060666067,0.20697053315452402,,
2402,UNCHS036104,4.982198690847326,0.10781841189114191,,
2403,UNC22673637,5.239767202597022,0.2242502625264436,,
2404,UNCHS036105,5.375924670873701,0.2078705657652469,,
2405,UNCHS036106,5.384063336156942,0.2574061512123516,,
2406,JAX00203050,5.279624302285811,0.1130853481094422,,
2407,UNC22675325,5.228396415700672,0.16038152920585608,,
2408,UNC22676454,4.764956036456169,0.2810866986442277,,
2409,UNCHS036107,4.727868815216198,0.32981085673203475,,
2410,UNCHS036108,4.722466039875144,0.20182661122999834,,
2411,UNC22677131,4.4765180138292635,0.20292580348846675,,
2412,UNCHS036111,4.475263065861554,0.27215528981969483,,
2413,JAX00359458,4.53177881779925,0.26787035386819574,,
2414,UNCHS036114,4.480526708940488,0.286991862842674,,
2415,UNCHS036115,4.483955565983024,0.2100881876485439,,
2416,UNCHS036116,4.485297583436022,0.27789870099686115,,
2417,UNC22678833,4.521516209002357,0.35427964999787226,,
2418,UNC22678950,4.527936089737068,0.18353126591839128,,
2419,JAX00359485,4.534882647332779,0.23472820413938947,,
2420,JAX00045183,4.588282973550349,0.2621044051016579,,
2421,UNC22680381,4.6668958400819065,0.394065517840386,,
2422,JAX00359518,4.7241235457279345,0.2393673647956359,,
2423,UNC22681040,4.734750837711772,0.22915497101066712,,
2424,UNCHS036117,4.7801798108691855,0.24344202785487454,,
2425,UNCHS036119,4.78288341043708,0.25347150854497924,,
2426,UNCHS036118,4.783879421044048,0.2793690099382749,,
2427,UNCHS036120,4.867391306682293,0.18772064081097523,,
2428,UNCHS036121,4.933382136342061,0.3764573788946997,,
2429,UNCHS036122,4.942237500702504,0.24010271597635788,,
2430,JAX00359557,4.782439264583218,0.22038336021982152,,
2431,UNC22682880,4.795526361714565,0.1599906773963272,,
2432,UNCHS036127,4.875480987806441,0.34858584330256787,,
2433,UNC22683714,4.8839755069357125,0.23204661172232,,
2434,UNCHS036128,4.885288446674622,0.18629755225249187,,
2435,UNCHS036129,4.936962409126181,0.2266709629055514,,
2436,UNCHS036130,4.932391657239123,0.19958223512304568,,
2437,UNC22684339,4.981275955639376,0.24646040630698585,,
2438,UNCHS036131,4.995840362131503,0.24787576800962569,,
2439,UNCHS036132,5.001700039153093,0.16540700779259807,,
2440,JAX00045211,5.0239064291542945,0.13894713193830965,,
2441,JAX00045212,5.026875360605118,0.2193618326647339,,
2442,JAX00359597,5.011364238264832,0.18743899565722896,,
2443,UNC22685563,4.9637931911447595,0.27168554049155363,,
2444,UNCHS036133,4.985848333570175,0.21774600209771125,,
2445,UNCHS036134,4.992846342376879,0.24784964108896312,,
2446,backupJAX00359615,5.035481722491113,0.14990565943393555,,
2447,UNCHS036135,6.408123079195775,0.09965000248858369,,
2448,UNCHS036136,6.490365203373585,0.10461362727227927,,
2449,UNC22686731,6.561076333312258,0.06304490184358591,,
2450,UNCHS036137,7.400435894133352,0.032066733214096754,,
2451,UNCHS036138,7.4069829229943025,0.035362858380079173,,
2452,UNC22687565,7.458107813359447,0.038965389841003444,,
2453,JAX00359646,7.526783431057083,0.03244219588033014,,
2454,UNC22689295,7.56805610960464,0.029622715797248223,,
2455,UNC22690115,7.584432820402981,0.03674974192621821,,
2456,UNCHS036139,7.668078593641894,0.025685158280586706,,
2457,UNCHS036140,7.771989549155023,0.03211365480543691,,
2458,UNC22690852,7.775762225185417,0.034238561283873356,,
2459,JAX00359716,7.76790869320007,0.030209646084472998,,
2460,UNCHS036142,7.761861192297829,0.044270635291964705,,
2461,UNCHS036143,7.909340147706644,0.03801686986865154,,
2462,UNC22694091,7.913687515167339,0.03617313565878472,,
2463,UNCHS036144,7.91740484971956,0.02575678011841024,,
2464,UNC22694588,7.955543897415282,0.03349999435952758,,
2465,JAX00359758,7.970406261933476,0.03960830111868647,,
2466,JAX00359769,7.9848220593721635,0.04261152473530841,,
2467,JAX00045270,7.945493155718623,0.033905982726700826,,
2468,JAX00045273,7.7308062624783815,0.02632758486674514,,
2469,JAX00359821,7.734427596801652,0.030410819054877466,,
2470,UNC22696346,7.757119319769572,0.07471621793592086,,
2471,UNC22697210,7.726469197253891,0.023415748475744243,,
2472,JAX00359852,7.727406062418595,0.025288486820933057,,
2473,JAX00359856,7.730873623980187,0.05033300740565224,,
2474,UNC22697617,7.780106097223552,0.04284845517935135,,
2475,c13.loc59,7.8062773357241895,0.0228858625083567,,
2476,UNC22698903,7.879541719048575,0.04749302439791885,,
2477,UNCHS036145,7.722895404651354,0.030209861122406187,,
2478,JAX00359942,6.515637372805259,0.06886816023584072,,
2479,UNCHS036146,6.5145684892863756,0.07946334527101054,,
2480,UNC22700946,6.519458207263142,0.0888636785208351,,
2481,UNC22701814,6.527951167808624,0.07310031659427703,,
2482,UNCHS036147,6.53135463162198,0.0669540839702174,,
2483,UNCHS036148,6.711769187201071,0.11220706119902588,,
2484,UNCHS036150,6.721165649453496,0.06475791032444787,,
2485,UNCHS036151,6.942274327848281,0.0533927214676691,,
2486,UNCHS036153,7.018660548273374,0.0696379022911031,,
2487,UNCHS036155,7.467420489619144,0.04278959271996247,,
2488,UNCHS036156,7.4724743133808715,0.031843580981370335,,
2489,UNCHS036157,7.480127227996945,0.04801204993038964,,
2490,UNC22703394,7.446965431265198,0.06022764962822604,,
2491,UNCHS036158,7.4556928490919745,0.03351591793263503,,
2492,JAX00359995,7.470819708861882,0.05956908650138226,,
2493,UNCHS036160,7.510188378053954,0.025603302675026054,,
2494,UNCHS036161,7.513859343366903,0.033051176310737,,
2495,UNCHS036162,7.513328621708752,0.04235917899495702,,
2496,UNC22705740,4.862594990865546,0.19306331891691952,,
2497,UNC22706346,4.836660083790548,0.2200231891961608,,
2498,UNCHS036163,4.853536988352971,0.3059145948988969,,
2499,UNCHS036164,4.8550591432363035,0.19010345981012522,,
2500,UNC22707714,3.7489437052436188,0.4363669084479517,,
2501,UNCHS036166,3.7524317798865923,0.3700194882603569,,
2502,UNC22708469,3.7439673050507736,0.3787647386681354,,
2503,UNCHS036167,3.707883049469274,0.3720225661820362,,
2504,UNCHS036168,3.7073039469130435,0.4722557780983244,,
2505,JAX00360162,3.7066934961458173,0.3780009774244212,,
2506,UNC22709514,3.600864665500012,0.3581247074517436,,
2507,UNC22710075,3.5964746298116097,0.41222973179607547,,
2508,JAX00360200,3.5965640134879777,0.44855801333170375,,
2509,UNC22711484,3.5910388359204717,0.366764521526384,,
2510,JAX00045358,3.5263555907542923,0.4275371706107032,,
2511,UNCHS036169,3.503847137149478,0.46352419586379007,,
2512,UNCHS036170,3.4871526201695815,0.4832773274589387,,
2513,UNCHS036171,3.3218265377759053,0.3815803317558433,,
2514,UNCHS036172,3.3209089259862594,0.45569401940913234,,
2515,UNCHS036173,3.3137249015060206,0.47994153999534267,,
2516,UNCHS036174,3.2749446266266204,0.5799943048891797,,
2517,UNC22714074,3.20633838237336,0.4768334099235219,,
2518,UNC22715404,3.232488211855525,0.4854938458459236,,
2519,UNCHS036175,3.2423048136552097,0.463077501502586,,
2520,UNCHS036176,3.2489142501840433,0.6088542394570338,,
2521,UNCHS036177,3.2850824559957346,0.6376050875809379,,
2522,UNCHS036178,3.3017079297153487,0.3829609234333987,,
2523,UNC22716360,3.306631908412328,0.6255015054928962,,
2524,JAX00360342,3.296487029234413,0.5750845381196453,,
2525,UNC22717050,3.290277803563413,0.4481010719489942,,
2526,UNCHS036180,3.3443995643301605,0.40000158572446104,,
2527,JAX00360391,3.302017363566165,0.6826561332383111,,
2528,JAX00360394,3.3016273810615075,0.4838653553719091,,
2529,JAX00360395,3.301219985382886,0.48279856804122906,,
2530,UNCHS036182,3.3006232979555534,0.48041960311965215,,
2531,JAX00360402,3.3235009442823866,0.4792080799835129,,
2532,UNC22720512,3.4343192867097514,0.5557204364053386,,
2533,JAX00360429,3.462641817606027,0.3337459350906805,,
2534,UNC22721160,3.4752166424034385,0.5369440494799135,,
2535,JAX00360483,3.4623887285274577,0.470598362986236,,
2536,UNC22722566,3.4570143813857612,0.3767982800161173,,
2537,UNCHS036183,3.6418438546957077,0.3689160371103755,,
2538,UNCHS036185,3.8299077495457823,0.45879448800667155,,
2539,JAX00360527,4.193550110894648,0.3774666726871178,,
2540,JAX00360561,4.194696615852763,0.3602766580914538,,
2541,UNCHS036188,4.146998933042141,0.3322434449184983,,
2542,UNC22725168,4.144186712779629,0.6658066899114324,,
2543,UNCHS036189,4.114040969560392,0.3470403941033556,,
2544,UNCHS036190,4.113033554424874,0.5573842423708836,,
2545,c13.loc61,4.106106662816728,0.4379043678029287,,
2546,JAX00045440,4.082727940997074,0.37858588009793415,,
2547,UNCHS036191,4.078960695703017,0.34111770725613333,,
2548,UNCHS036192,4.077697625912151,0.278523019459591,,
2549,UNC22727615,4.06041677739654,0.4262854437291303,,
2550,JAX00360616,4.0193565607598885,0.3587554186681777,,
2551,UNCHS036195,4.01102967025281,0.3855790945336324,,
2552,UNCHS036196,4.009718578543016,0.29478237549650665,,
2553,UNC22729985,3.9496683817817484,0.37147766237702334,,
2554,UNC22732617,3.7404994829453244,0.44231096937880143,,
2555,UNC22733734,3.6868954082742675,0.35134229135534595,,
2556,JAX00360646,3.6845395004074817,0.3611689607936042,,
2557,UNC22734330,3.495673372386591,0.5968961741153203,,
2558,UNCHS036204,3.4681497270510135,0.4282449807808729,,
2559,UNC22734811,3.4597749693621154,0.41300306997336167,,
2560,JAX00045501,3.4579632014506387,0.6053430388584341,,
2561,JAX00360690,3.4009710339828416,0.304879696103135,,
2562,UNC22735484,3.3610292092598684,0.47980159696337843,,
2563,UNC22736678,3.1610212219115965,0.6991337045029445,,
2564,UNCHS036207,3.136428420201355,0.43574131388486653,,
2565,UNCHS036208,3.122454049650969,0.6178083337057453,,
2566,JAX00360756,3.0878899113718035,0.5233978977987171,,
2567,UNCHS036209,3.075810721812104,0.569040821973261,,
2568,UNCHS036210,3.085195179399534,0.46254406413589233,,
2569,UNCHS036212,3.100980821607209,0.434202915180983,,
2570,UNC22738149,3.0903411771723768,0.452947646688916,,
2571,backupUNC131411267,3.2771107892185682,0.5644135961591065,,
2572,UNCHS036213,3.367279138935828,0.47539048194572253,,
2573,UNCHS036214,3.3857523511210275,0.4382157793722432,,
2574,UNCHS036215,3.37957316517236,0.5564107035001852,,
2575,UNCHS036216,3.378950618699946,0.38497925270085154,,
2576,JAX00360815,3.376965285534652,0.5701261438571816,,
2577,UNCHS036217,2.962038704336919,0.5048141748742483,,
2578,UNCHS036218,2.8876498148599694,0.6696503125843539,,
2579,UNC22739748,2.8144550476656605,0.7589299958796188,,
2580,UNCHS036220,2.826797819259127,0.49101678571045765,,
2581,JAX00360839,2.6130447515702144,0.6407760729507371,,
2582,UNC22740489,2.6362134030082416,0.8157405477205161,,
2583,UNC22740911,2.7147187177622527,0.512794827808917,,
2584,JAX00045567,2.759469634132074,0.6130929590179945,,
2585,UNCHS036221,2.764956577105977,0.7517097241855486,,
2586,UNCHS036222,2.751630126800592,0.6106723422945607,,
2587,UNCHS036223,2.7364489278697874,0.7173340046653194,,
2588,UNCHS036225,2.7384560777118168,0.6315432309431632,,
2589,UNCHS036224,2.7326331212213972,0.6334941149813484,,
2590,UNCHS036227,2.6221105405174967,0.624356587446182,,
2591,UNCHS036228,2.601905134365097,0.7365988158232639,,
2592,UNCHS036229,2.6092039792856667,0.7150853588188876,,
2593,UNCHS036230,2.608282118637817,0.7845231519181927,,
2594,JAX00045574,2.6118483000236665,0.8761233198578143,,
2595,UNCHS036231,2.6217746231295678,0.6467133637157538,,
2596,UNCHS036233,2.6234304683980554,0.6563886385072095,,
2597,UNCHS036235,2.6242280125272828,0.6866854398429518,,
2598,UNCHS036232,2.6243248300647792,0.7793209115348539,,
2599,UNC22742142,2.6265743993856177,0.7651148515010463,,
2600,JAX00360892,2.6264806636827416,0.6945112703533322,,
2601,UNCHS036234,2.625732780336193,0.5517528497697846,,
2602,UNCHS036238,2.623865625577764,0.7824543191030049,,
2603,UNC22742594,2.6037118372116765,0.5474652174826357,,
2604,UNCHS036239,2.599164773449047,0.7351293698418978,,
2605,UNC22743203,2.6031283662885016,0.6717577545679995,,
2606,UNCHS036241,2.604438853409647,0.5872250857406013,,
2607,UNCHS036242,2.604281082281659,0.6974564958230893,,
2608,UNC22743935,2.5964782699734315,0.8301074992203181,,
2609,UNC22744711,2.5527640880311537,0.6462988449726798,,
2610,UNC22745222,2.761690659327087,0.5005025728901725,,
2611,UNCHS036244,2.6313296635184997,0.8445967903236882,,
2612,UNC22745395,2.636832847774258,0.6213104786185794,,
2613,UNC22745464,2.7468389127041064,0.5659559287558024,,
2614,UNC22745588,2.8353204427944547,0.7799333934441544,,
2615,UNCHS036246,3.007641475132232,0.6298678171715029,,
2616,UNC22745812,3.0866761444456188,0.4436550320885391,,
2617,JAX00360982,3.1411683355431705,0.6096007994973829,,
2618,UNC22745963,3.1528984163251152,0.4014718081725295,,
2619,UNCHS036247,3.151842636421634,0.6520587895793897,,
2620,UNCHS036248,3.148638967690431,0.5495633788849713,,
2621,UNC22746181,3.1466452723834664,0.5044003250552269,,
2622,UNCHS036249,3.195326938792732,0.6614565600720567,,
2623,UNCHS036250,2.5235889960913482,0.7269644197973119,,
2624,UNC22746509,2.1356423136192006,0.6705734403165357,,
2625,UNC22746779,2.075747451136067,0.6696092838473116,,
2626,UNC22746961,2.0166809109880433,0.5671230281286995,,
2627,UNC22747155,1.993878813344736,0.8081441184169287,,
2628,UNCHS036251,1.9840616964177116,0.7437899101830072,,
2629,UNCHS036252,2.191664803369349,0.670429130008123,,
2630,UNC22747346,2.2142620033637286,0.8445193409573797,,
2631,UNC22747550,2.118577675072629,0.6637577936212785,,
2632,UNC22747637,2.0982776633447884,0.8365771559492665,,
2633,UNC22747986,2.0270793026188585,0.7935202369772324,,
2634,JAX00361029,2.006484062242862,0.8390803522179705,,
2635,UNC22748321,1.9449568499539964,0.9708976816829633,,
2636,UNC22748613,1.9624867534334953,0.8929428486418227,,
2637,UNCHS036255,1.9716306139596327,0.7184630017639225,,
2638,UNC22748685,1.9714440003479012,0.6483349480139722,,
2639,JAX00361039,1.9706895060826355,0.8796772316768601,,
2640,UNCHS036257,1.9797311493330199,0.6199352757808156,,
2641,UNCHS036258,1.9697369685181911,0.7926628360859064,,
2642,UNC22748974,1.9502310666011908,0.7906715746499701,,
2643,UNCHS036259,1.9485437622154222,0.58478103056894,,
2644,UNCHS036260,1.9421175494737781,0.9340813343955944,,
2645,UNC22749122,1.9058161806406133,0.770112868749062,,
2646,JAX00361047,1.8971258113242584,0.8347142690947928,,
2647,UNC22749194,1.891804090938649,0.9137691298672267,,
2648,UNCHS036261,1.8917823488491194,0.8868589470940874,,
2649,UNCHS036262,1.8894074887671195,0.736169374469683,,
2650,UNCHS036263,1.889453884519753,0.7873465021407993,,
2651,UNCHS036264,1.88600546206726,0.8403017453258675,,
2652,UNC22749281,1.881060718279059,0.8308352958800632,,
2653,UNC22749490,1.8657935025553343,0.8240188162239824,,
2654,UNC22749718,1.8574333490398658,0.7919237519014897,,
2655,JAX00361062,1.8541123992674784,0.782152262672736,,
2656,UNCHS036265,1.859813287639554,0.9419690251649194,,
2657,UNC22750061,1.8726297266473466,0.8477734302803203,,
2658,UNC22750279,1.8596317867893504,0.7381367330369691,,
2659,UNC22752285,2.1302394660679056,0.7710025710296219,,
2660,UNCHS036267,2.233820794685016,0.6060501259342457,,
2661,UNC22752819,2.2354726424619003,0.7378417740078022,,
2662,JAX00361152,2.2692653105179943,0.7860557986549782,,
2663,UNC22754079,2.2790039488074854,0.7896950404306491,,
2664,JAX00361162,2.284617787679508,0.6759252114264389,,
2665,JAX00361165,2.314536006656681,0.7730297614336938,,
2666,JAX00361167,2.317288556312178,0.7003129934511753,,
2667,UNCHS036269,2.3185681030006435,0.6675570668283175,,
2668,UNC22755582,2.355695145115078,0.7951268787896566,,
2669,UNCHS036271,2.3837353040632934,0.6191561142577943,,
2670,UNCHS036273,2.403279770924655,0.5299945671217788,,
2671,UNCHS036275,2.43094224134029,0.6484047286555632,,
2672,UNCHS036276,2.435486894782798,0.6028640466631714,,
2673,UNCHS036277,2.4844890036577,0.8197803400489485,,
2674,UNCHS036278,2.4894754965812353,0.6772912578494162,,
2675,UNC22757833,2.5301240414892163,0.6011449516214676,,
2676,UNC22759023,2.670771580423434,0.5587252537356799,,
2677,UNCHS036279,2.813865303188777,0.46325607790246115,,
2678,JAX00361231,2.8156945025800724,0.5930099375911266,,
2679,UNCHS036280,2.8164659065005253,0.5933290677211897,,
2680,JAX00045682,2.400160095979345,0.671736448265978,,
2681,JAX00361256,2.018437367417846,0.8727954317200879,,
2682,UNCHS036281,2.0494535332713895,0.8115272491182081,,
2683,UNCHS036282,2.2241628162278175,0.7390217634169954,,
2684,UNC22761207,2.1552716307403443,0.8141897970167125,,
2685,JAX00361271,2.0847346960945288,0.8986427098451384,,
2686,UNCHS036284,2.683868065023944,0.5630946179687366,,
2687,UNC22762880,2.9494346238134312,0.7440252477458602,,
2688,JAX00045701,2.94407909810775,0.7798503411995066,,
2689,backupUNC130091299,2.9235292787902836,0.5480171124809393,,
2690,UNCHS036285,2.9244918585659434,0.66665765769671,,
2691,UNCHS036286,2.93559325712954,0.6337173766598011,,
2692,JAX00361331,3.048589225656997,0.6014832667383943,,
2693,UNCHS036288,3.053905352236143,0.7184417774270694,,
2694,UNC22765315,3.1108265667035084,0.48797929159595976,,
2695,UNCHS036289,3.2137045476467847,0.7256368937970676,,
2696,UNCHS036290,3.222038045433692,0.5387270743341066,,
2697,JAX00361340,3.1738724538413408,0.518395320416371,,
2698,JAX00361358,3.1862440571280786,0.3781675479111264,,
2699,JAX00361366,3.1866384054976606,0.3770412458835346,,
2700,UNCHS036307,2.90506986945843,0.4697186227068174,,
2701,UNCHS036308,2.905617454325238,0.6639686152650626,,
2702,UNCHS036309,2.906491460631514,0.5412359432308236,,
2703,UNCHS036310,2.9065080917036994,0.6108367415427667,,
2704,JAX00361410,2.7548294637565505,0.74515690112111,,
2705,JAX00361412,2.731463466269588,0.8212478459475685,,
2706,UNC22770269,2.8320512781665457,0.45782504894237963,,
2707,UNC22770814,2.929565876095012,0.5062468320059826,,
2708,c13.loc67,3.12365873255294,0.5206730116100602,,
2709,UNCHS036311,3.1596434359294108,0.39952282149987767,,
2710,UNCHS036312,2.6891254197621492,0.7488725509420981,,
2711,JAX00045792,2.625788701345755,0.798939010839469,,
2712,UNC22772109,2.6408058245751818,0.7774906674125095,,
2713,JAX00361457,2.7515740563458166,0.7085110802679381,,
2714,UNC22773060,2.7451390996538976,0.7993432536953112,,
2715,UNCHS036313,2.6818644897298327,0.5120865080439377,,
2716,UNCHS036314,3.1339332965999347,0.5448874847233272,,
2717,JAX00203206,3.135572104761877,0.5804735525701339,,
2718,JAX00361471,3.1564869152750816,0.5994243505134225,,
2719,UNCHS036315,3.1749804520588896,0.5235528266464804,,
2720,UNC22773836,3.1991031408906565,0.46914926361932624,,
2721,UNCHS036317,2.600080383530212,0.5611040538484011,,
2722,UNCHS036318,2.5801050053582912,0.6091034363625815,,
2723,JAX00361498,2.4762523013096143,0.7515364157412405,,
2724,UNCHS036319,2.4452641034588396,0.48408683957073817,,
2725,UNCHS036320,2.4346174115266876,0.7342916940844003,,
2726,JAX00045820,2.2970022820481972,0.7725958638560917,,
2727,UNCHS036321,2.0940142002564244,0.9241127528127924,,
2728,UNCHS036322,2.1133509707865414,0.838917068221528,,
2729,UNC22777815,2.220565213473037,0.506283042463485,,
2730,UNCHS036323,2.239975670975582,0.8457425506587556,,
2731,UNCHS036324,1.9191989896798987,0.8933145035209844,,
2732,UNC22778626,1.9772812043363501,0.9643771267130704,,
2733,UNCHS036326,2.0060855673968945,0.7815608295751638,,
2734,UNCHS036328,2.123411822299431,0.5497001751210722,,
2735,UNC22779762,2.1456111429208704,0.7247268491480854,,
2736,JAX00361586,2.146117488816799,0.612300184831565,,
2737,UNC22780376,2.598112232854646,0.7478784058987235,,
2738,UNC22781328,3.2829524303519975,0.47470737556320103,,
2739,UNCHS036331,3.2985280569587303,0.48107692430005783,,
2740,UNCHS036332,2.9888690011694052,0.33126335747106955,,
2741,JAX00361653,3.0111887652401492,0.42775851051989516,,
2742,UNC22782506,3.017729505366333,0.5552121538414081,,
2743,UNCHS036333,3.1177590191757645,0.5585650522374758,,
2744,UNCHS036334,3.1194269211312076,0.5408049455446559,,
2745,JAX00361680,3.125060019589455,0.42566380518120256,,
2746,UNCHS036336,3.1465312727698347,0.44492570606989423,,
2747,UNC22785415,3.147903808032879,0.4035263534361671,,
2748,UNC22786560,3.195541313783224,0.5693559279977374,,
2749,UNCHS036337,3.2058694130637377,0.38806262864445984,,
2750,UNCHS036338,3.191451360212568,0.5478217200619357,,
2751,JAX00361728,3.153279773458962,0.44610420638213094,,
2752,UNCHS036340,2.757204720945083,0.6463958005445354,,
2753,UNCHS036341,2.7601541490198542,0.49319717964471466,,
2754,UNCHS036342,2.7627831035106283,0.8404908383390692,,
2755,UNC22788111,2.7578779272721476,0.4632380438637768,,
2756,JAX00045919,2.7261171003431173,0.822161819932127,,
2757,UNCHS036343,2.3811670203863287,0.6136600776752501,,
2758,UNCHS036344,2.3840607046308833,0.7628346490028128,,
2759,JAX00045921,2.40094428338125,0.9106095716144034,,
2760,UNCHS036345,2.4228961733297183,0.6977667497799758,,
2761,UNCHS036346,2.4306129812055133,0.8916671704635797,,
2762,UNC22789736,2.5460153152712337,0.8403783487370261,,
2763,JAX00361781,2.595383494456428,0.5105547348114883,,
2764,JAX00361789,2.521474777121284,0.8038276060813733,,
2765,UNCHS036347,2.5337356992829427,0.7291582851222908,,
2766,UNCHS036348,3.2849360960096874,0.4526960278726725,,
2767,UNC22791090,3.4043107008646984,0.6447996471553276,,
2768,UNC22792370,3.465927461259753,0.46130881354330844,,
2769,UNCHS036349,3.4710368829892104,0.42456360202847243,,
2770,UNCHS036351,3.474006409891217,0.3408888678430328,,
2771,UNCHS036352,3.47347052274381,0.39636173136304925,,
2772,UNC22792719,3.686795129371376,0.30498674285196264,,
2773,JAX00045938,3.6868660346481192,0.3236812025259094,,
2774,UNC22792965,3.6866795536091104,0.3633674678062972,,
2775,UNC22793260,3.6500860305350216,0.6457987252415163,,
2776,UNC22793458,3.64139766868243,0.45733546823678,,
2777,UNCHS036353,3.673977010627368,0.40404495237630766,,
2778,UNCHS036354,3.6670687496116443,0.4543330537014591,,
2779,JAX00361849,2.724807765922833,0.7554853605280054,,
2780,UNC22794223,2.6906643361407987,0.6999075160754866,,
2781,UNCHS036355,2.8129922272221393,0.516241329718996,,
2782,UNC22794896,2.8074038372205905,0.6873384345001448,,
2783,UNC22795193,2.779506019573546,0.5785490321180915,,
2784,UNC22795637,2.7388662432601905,0.5338397475739207,,
2785,UNCHS036357,2.7206808082939915,0.6645662445065106,,
2786,UNCHS036358,2.7210795010969377,0.6172851895549463,,
2787,UNC22796017,2.636844960806684,0.6392289846589655,,
2788,UNC22796248,2.5957574762157947,0.5686714373255481,,
2789,JAX00045960,2.5647080238245508,0.5454846397445067,,
2790,UNC22796464,2.5642963229511224,0.643452903594122,,
2791,UNC22797098,2.552243741829443,0.6140762394035139,,
2792,UNC22797330,2.52774616849797,0.5504557404588895,,
2793,UNC22797658,2.483229391975101,0.7284056331677288,,
2794,UNC22797836,2.464514795201012,0.8126294704727179,,
2795,UNCHS036361,2.459955518424522,0.5469253705683206,,
2796,UNCHS036362,2.4571093090298746,0.4968340358731087,,
2797,UNCHS036363,2.480386734192507,0.8852929643121975,,
2798,UNC22798390,2.4912069160573083,0.7586028758192305,,
2799,UNC22799311,2.6707731582337146,0.7656474657810364,,
2800,UNC22799515,2.674418042030993,0.46821136505399635,,
2801,UNCHS036365,2.675089907458414,0.7963793723822622,,
2802,UNC22800012,2.757859417993359,0.48232524745417615,,
2803,UNC22800358,2.7596703644630907,0.40888226984863063,,
2804,JAX00045978,2.7599228151825628,0.65076489443847,,
2805,JAX00361952,2.760177581302287,0.5418297090397015,,
2806,UNC22801614,2.548677240822599,0.7336110871491138,,
2807,JAX00361987,2.5321181436195275,0.7980949368499979,,
2808,UNC22801824,2.522097572006487,0.65531846051748,,
2809,UNC22802218,2.5229682170022443,0.6350376468346086,,
2810,UNC22802654,2.5237867600108075,0.5735176093210409,,
2811,UNC22802768,2.5240232189084963,0.6124673590793354,,
2812,UNC22803479,2.522405492737562,0.7855281388423494,,
2813,UNCHS036368,2.521769354705384,0.6508316260319488,,
2814,UNC22804107,2.62096490050817,0.6967011085007869,,
2815,UNCHS036370,2.72052863907561,0.4852301192211513,,
2816,UNC22804391,2.726920243180757,0.7113966332989358,,
2817,UNC22804966,2.6845463615336485,0.4874771001464519,,
2818,UNC22805516,2.7110176635678727,0.5832850757665581,,
2819,JAX00045999,2.694529420523395,0.755070924776185,,
2820,UNC22805864,2.6719387156449557,0.6764108174679692,,
2821,UNC22806034,2.640611168254054,0.5288643984609875,,
2822,UNCHS036373,2.885539959381731,0.7002573219761572,,
2823,UNC22806168,3.394242464686158,0.45916296687651253,,
2824,UNC22806798,3.417773305740866,0.4048014706104266,,
2825,UNCHS036375,3.4904258418887366,0.6709682887497456,,
2826,UNC22807099,3.4944685647722054,0.5674152531286017,,
2827,UNCHS036376,3.5072468419114102,0.3762843141858764,,
2828,UNC22807641,4.09856980970676,0.3509623590411621,,
2829,JAX00046012,4.103366997597277,0.41710658035766573,,
2830,UNC22808341,4.022640592652579,0.46978697216230625,,
2831,UNC22808631,3.669618802041896,0.5420815136557261,,
2832,UNCHS036378,3.6500185829377187,0.5596618434583396,,
2833,UNC22809079,3.6609246271025313,0.5462053019337347,,
2834,JAX00046020,3.67504956702669,0.39251132203007666,,
2835,UNC22809647,3.679083374609718,0.577722008809291,,
2836,UNC22809910,3.6884406471720013,0.4516697981595981,,
2837,UNC22810206,3.6996384411354484,0.3289520371826001,,
2838,UNC22810358,3.7113995254358088,0.42876171605837554,,
2839,UNC22810904,3.7263560819542363,0.28997707920787896,,
2840,JAX00362171,3.72658252859992,0.36086558996940044,,
2841,UNC22811210,3.738044820316418,0.41597660089029564,,
2842,UNC22811677,3.834042951180436,0.3976109666403928,,
2843,UNCHS036379,3.948401149381425,0.4082337047920639,,
2844,UNCHS036380,3.961179919935603,0.3437786077691882,,
2845,UNC22812374,3.967933241554647,0.3973906870147761,,
2846,UNC22812499,3.97617244345156,0.246427770852307,,
2847,UNC22812982,3.999745102625866,0.3614904226523714,,
2848,JAX00046037,4.0213491867741595,0.3902813809005892,,
2849,JAX00362204,4.00848474114423,0.2870739820805168,,
2850,UNC22813461,4.007516941536096,0.2685441692862867,,
2851,UNC22813651,3.9955787559588316,0.44549374787140317,,
2852,UNC22814213,3.9707596248963455,0.2786402372426084,,
2853,UNC22814337,3.9658545049783243,0.2587584538334854,,
2854,UNC22814995,3.9400940897048713,0.4280041751857917,,
2855,JAX00362228,3.9287149531864998,0.3673443564241295,,
2856,UNC22815472,3.92418469639415,0.3314495029047396,,
2857,UNCHS036383,3.903409418244337,0.46068075529704805,,
2858,UNC22816002,3.9011337692886627,0.3503190521192884,,
2859,UNCHS036384,3.898010902660644,0.45493702076590936,,
2860,UNC22816325,3.8783301714913705,0.40068442729916287,,
2861,UNCHS036385,3.8540660107587428,0.4992305795929253,,
2862,UNC22816523,3.844783074283896,0.3156573377337055,,
2863,UNCHS036386,3.853034283951729,0.36973751733785526,,
2864,UNC22817125,4.206455914486924,0.24428479280722556,,
2865,UNC22817576,4.150703935862566,0.3515112610947726,,
2866,UNC22818339,4.057780244793776,0.44599911675229087,,
2867,UNC22818664,4.01816063021306,0.5123679853826894,,
2868,JAX00362317,3.938648055137719,0.4324454878955462,,
2869,UNC22819202,3.9267262325511183,0.34544024580501265,,
2870,UNC22819553,3.848138481483602,0.3941915198169146,,
2871,JAX00362330,3.8074536111828365,0.2595522663883109,,
2872,UNC22819843,3.797017579205203,0.4604793071779903,,
2873,UNC22820197,3.7504584970042742,0.30289231718262705,,
2874,UNCHS036387,3.669948881295113,0.7066514482239304,,
2875,UNC22820691,3.659302298716966,0.3614391040185508,,
2876,JAX00362351,3.6361334719886145,0.43571290431920645,,
2877,JAX00362358,3.602919946643624,0.6470729984384223,,
2878,UNC22820999,3.5980674474842544,0.43862939376232574,,
2879,UNC22821099,3.595443029541684,0.42871433476876253,,
2880,JAX00362365,3.5937315467970166,0.33353146794623173,,
2881,UNC22821361,3.5934934049355434,0.4023274232673914,,
2882,UNCHS036389,3.791704296304488,0.7004812246258202,,
2883,UNC22821654,3.657201285130668,0.44132132837245525,,
2884,UNCHS036391,3.7226038106637134,0.3952593354483118,,
2885,UNC22821980,4.067237911556049,0.4536291621248262,,
2886,UNC22822282,4.1138740798380695,0.29605120487791686,,
2887,c13.loc71,4.15970669796593,0.2762318960546611,,
2888,JAX00362412,4.190401324010054,0.2847626773014323,,
2889,UNC22822869,4.201691622604812,0.45407549523581336,,
2890,UNCHS036393,4.209038908786852,0.22874165920831194,,
2891,JAX00362418,4.208788877782808,0.2539504012115638,,
2892,UNC22823431,4.169012400421707,0.3294227837028557,,
2893,UNCHS036394,4.167344810127588,0.34360482058170266,,
2894,UNCHS036395,3.4084149233017342,0.3999433841085311,,
2895,UNCHS036396,3.4375949083312207,0.4626693198503892,,
2896,JAX00046092,4.237328442316311,0.43055139647493534,,
2897,UNC22824586,4.276354657489264,0.24652480909118848,,
2898,UNC22824808,4.293870872756997,0.3013523922705263,,
2899,UNC22824901,4.308717670830447,0.26617628093207935,,
2900,UNC22825059,4.526734664184005,0.229962237206127,,
2901,UNC22825169,4.679922175585716,0.2366697030513988,,
2902,UNC22825256,4.8483587563518995,0.40255855906708693,,
2903,UNC22825308,4.844295768572465,0.1619029458687058,,
2904,UNC22825325,4.836066934800101,0.20513546513649586,,
2905,UNC22825333,4.835467977172129,0.19832090654034154,,
2906,UNC22825450,4.825084551558348,0.2228835739297495,,
2907,UNC22825475,4.8222214418092335,0.15798881757604483,,
2908,UNC22825597,4.762426609138629,0.2208760567282455,,
2909,UNCHS036397,4.744486959201822,0.280795064028406,,
2910,UNCHS036398,4.758361619322386,0.19373930266289935,,
2911,UNC22825704,4.769084957323912,0.1843815337164544,,
2912,UNC22825787,4.721107103310487,0.15197022187639359,,
2913,UNC22825823,4.695095209241572,0.3036876592989162,,
2914,JAX00362482,4.689470231154928,0.37474645687129965,,
2915,UNCHS036399,4.644946904832068,0.26994530385247656,,
2916,UNC22825921,4.545573982398992,0.24422793843991922,,
2917,JAX00362483,4.512732016114342,0.4234890151721954,,
2918,UNC22826078,4.4587232369051435,0.15973873266000627,,
2919,JAX00046102,4.442675587118629,0.3388696235023707,,
2920,UNC22826204,4.4390039382883515,0.269468455829384,,
2921,UNC22826266,4.403434817747893,0.2739645095655781,,
2922,UNC22826610,4.0153543071814966,0.2856153547982448,,
2923,UNC22826682,4.00839673113137,0.35403632529804835,,
2924,UNC22826815,4.002402619099485,0.28956912091963466,,
2925,JAX00362508,4.100078952700187,0.2938331810416219,,
2926,UNC22827035,4.118852824506121,0.32555574458970804,,
2927,JAX00362514,4.226717364679871,0.3542419037339586,,
2928,UNCHS036401,4.266418408492882,0.2405085660495407,,
2929,UNC22827151,4.268700162717778,0.26567015804729166,,
2930,JAX00046106,4.274132990705766,0.23542480778365754,,
2931,UNC22827207,4.613041901082852,0.2906102459166133,,
2932,UNCHS036402,4.22111974766176,0.24223382541740368,,
2933,UNC22827310,4.3014577235449,0.4755704096836071,,
2934,UNC22827383,4.249342952045026,0.2696476321661879,,
2935,UNC22827479,4.168907828585361,0.2844227532099071,,
2936,UNC22827585,4.156546887830245,0.2936214680871948,,
2937,UNC22827662,4.150813541778916,0.3234964296768203,,
2938,UNC22827807,4.140441356152223,0.4660271399900453,,
2939,UNC22828009,4.100392140856002,0.2356940211101789,,
2940,UNC22828152,4.735088618805548,0.20636353487162526,,
2941,UNC22828278,5.447627048129789,0.1320838287665541,,
2942,UNC22828368,5.4579428041352,0.16004336555803483,,
2943,UNC22828502,5.4684269275032875,0.1523583168319775,,
2944,UNC22828653,5.4613455052024165,0.28921359833317234,,
2945,UNC22828732,5.455425650140114,0.11535942605752382,,
2946,UNC22828907,5.44159040016325,0.12064982114165959,,
2947,UNC22828987,5.430856070518757,0.14670834816311135,,
2948,UNCHS036403,5.427972670428517,0.1655371397175213,,
2949,UNCHS036405,5.42235949827932,0.30692881257751053,,
2950,UNC22829452,5.523407255498569,0.2529086769331649,,
2951,UNCHS036407,6.328190241993752,0.1470127687906991,,
2952,UNCHS036408,6.33080859623783,0.09470427262769554,,
2953,JAX00362606,6.383797617227856,0.09687821731245155,,
2954,UNC22830530,6.398303853235575,0.08574442739941239,,
2955,UNCHS036410,5.908474590996548,0.1479448276480487,,
2956,JAX00046125,5.904912037289705,0.16370703019151256,,
2957,UNC22831374,5.883029589171201,0.1679578427462795,,
2958,JAX00362619,5.879021653158361,0.16729956243586644,,
2959,UNC22832492,5.814341843356033,0.21193804683166406,,
2960,UNC22833769,5.709191390823889,0.09085726056913296,,
2961,JAX00362661,5.382223814339795,0.14623606551492815,,
2962,UNC22834369,5.311075912617071,0.17571572026064236,,
2963,JAX00362672,5.308249888896626,0.19732357857377053,,
2964,UNC22835170,5.28261739273421,0.24288883498400224,,
2965,JAX00362678,5.2817923947322925,0.17124152984720792,,
2966,JAX00046154,5.178557012306101,0.13218598661049608,,
2967,UNC22836989,5.150416283621098,0.21577859573934846,,
2968,UNCHS036411,5.05776434954214,0.2944004763717527,,
2969,UNCHS036412,4.955502614157012,0.19752131671000406,,
2970,UNC22838055,4.843402017731933,0.31880309848377103,,
2971,JAX00362733,4.859828840714272,0.21233436899151334,,
2972,UNC22838945,4.853082561295878,0.21399771827176034,,
2973,UNCHS036413,4.8484513890830385,0.2616031555623704,,
2974,UNCHS036414,4.840523837903902,0.25415932528305357,,
2975,UNC22839919,3.810602655802768,0.557941369995818,,
2976,UNC22841215,3.7801880998651995,0.49051726935775286,,
2977,JAX00362827,3.837727987097196,0.5650312029350151,,
2978,UNC22843188,3.9610912721859677,0.3728396709122345,,
2979,UNC22843933,4.155765205078069,0.3812000367277344,,
2980,JAX00362868,4.196900872748529,0.41998443923331125,,
2981,UNC22845858,4.431486212417212,0.389443919842284,,
2982,UNCHS036415,4.593089913977565,0.2486109355121973,,
2983,UNCHS036416,4.592539936513504,0.24009508881803895,,
2984,UNC22846899,4.4387012630620575,0.36309979519708185,,
2985,JAX00046199,4.438449547961682,0.34801732349842535,,
2986,JAX00046201,4.440325864345596,0.30565654199921855,,
2987,UNC22847800,4.7686381298090055,0.26062439804305715,,
2988,JAX00046205,4.67354060789944,0.2634839818969915,,
2989,UNCHS036417,4.686237983664796,0.3168808151209359,,
2990,UNCHS036418,4.685902518754574,0.19591849141726778,,
2991,UNCHS036419,4.688573289675787,0.19204947798846744,,
2992,UNCHS036420,4.560170341316507,0.4466383893408109,,
2993,JAX00362969,4.437718271137328,0.27584053716316204,,
2994,JAX00362983,4.44113869087937,0.2638510663880771,,
2995,UNC22850153,4.440961071074298,0.2656914496060345,,
2996,UNC22850933,4.433692366761534,0.3006672020636846,,
2997,UNCHS036421,4.4312368538478495,0.2416167381586791,,
2998,UNCHS036422,4.430976790926479,0.18646186321558356,,
2999,UNC22851603,4.430982651877457,0.17144747686261533,,
3000,JAX00363015,4.436948125340223,0.20561209166659367,,
3001,c13.loc73,4.433506385400733,0.30890512314583995,,
3002,UNC22853947,4.433630172653238,0.281932210940574,,
3003,UNCHS036423,4.442298137250191,0.3507667687116066,,
3004,UNCHS036424,4.443369332405837,0.33290122262754995,,
3005,JAX00046238,4.4377564808978605,0.2391985910313376,,
3006,UNC22854800,4.439136582283936,0.2693504400858863,,
3007,UNC22855158,4.443845170082341,0.3036194083920859,,
3008,UNC22855987,4.45489467852758,0.41633442069233156,,
3009,JAX00046248,4.445123612075804,0.3164602720257267,,
3010,UNC22856764,4.435043011000971,0.32867752545361967,,
3011,UNCHS036426,4.434326378682954,0.28206010511065605,,
3012,UNC22856912,4.429068255597485,0.21131893175847288,,
3013,UNC22856979,4.427079212307035,0.3267625164877623,,
3014,UNCHS036428,4.422467147807765,0.3514408285899389,,
3015,UNC22857111,4.42240305649284,0.3054607700806681,,
3016,UNC22857321,4.424098663602763,0.29279216732636365,,
3017,UNC22857370,4.42370187124925,0.2163717272068471,,
3018,UNC22857435,4.457950378982787,0.36365069240475056,,
3019,UNC22857565,4.453761036477999,0.3727983923829048,,
3020,UNC22857611,4.420318469060021,0.3019084164022084,,
3021,UNCHS036430,4.4143178162391905,0.28314038445566064,,
3022,UNC22857695,4.339768387571439,0.23468049558044926,,
3023,UNC22857777,4.318640047075405,0.36673447542273346,,
3024,UNC22857867,4.294588227774511,0.33888587102573714,,
3025,UNC22857923,4.326059325750066,0.4074024410168442,,
3026,UNC22858001,4.363826170172388,0.4790552713453593,,
3027,UNC22858044,4.397932372971354,0.21846309340533396,,
3028,UNC22858218,4.478085462588297,0.4351304986371295,,
3029,UNCHS036431,4.491799514632021,0.32695029109135526,,
3030,UNCHS036432,4.578778908037975,0.21391790580745879,,
3031,UNC22858474,4.644821971730153,0.18545632885214344,,
3032,UNCHS036433,4.655829868161163,0.18902177394365943,,
3033,UNCHS036435,4.66432771839618,0.2138984986244812,,
3034,JAX00363116,4.667139429498775,0.25247710591412004,,
3035,UNC22859146,4.7662448210203365,0.17580374136611807,,
3036,UNC22860066,4.786217210351879,0.29029315251679627,,
3037,JAX00046272,4.7907605748505375,0.26908036655312223,,
3038,UNCHS036438,4.791002242446211,0.20384680987531148,,
3039,UNCHS036439,4.797195991048284,0.18069366357068323,,
3040,JAX00363178,4.797573668719906,0.24774202788069258,,
3041,UNCHS036440,4.7985523459356045,0.23394061702395103,,
3042,UNC22860938,4.803536759023018,0.22736112691064433,,
3043,UNCHS036442,4.810404044908864,0.2149241014835346,,
3044,UNCHS036443,4.811669453070635,0.2332371282652222,,
3045,UNCHS036445,4.783279811509146,0.20691556383499576,,
3046,UNCHS036446,4.754667427522691,0.22901081465012874,,
3047,JAX00363227,4.734043694911406,0.20551947675941443,,
3048,JAX00046280,4.718440937894229,0.35370563629817503,,
3049,JAX00363236,4.66599321353533,0.26872053068167956,,
3050,UNC22862248,4.4133512846037775,0.30734084855133204,,
3051,UNCHS036448,4.239446141828466,0.467546077972382,,
3052,UNCHS036449,4.23742126316256,0.34011743841869974,,
3053,UNCHS036450,4.2386286658477275,0.2433690949782007,,
3054,UNC22863392,4.240572271174187,0.3513533173171897,,
3055,JAX00363281,4.211310016782136,0.19504758022653834,,
3056,UNCHS036452,4.354710426330712,0.2719072773780883,,
3057,UNC22864583,4.431436521498654,0.21979799214325924,,
3058,UNCHS036453,4.463527483978396,0.29663717435261877,,
3059,UNCHS036454,4.472091798031215,0.3507722494974997,,
3060,JAX00363325,4.470056013621161,0.27559211414578105,,
3061,UNCHS036455,4.49541224794234,0.2390906015572567,,
3062,UNC22865662,4.49743672375871,0.19138858301595366,,
3063,JAX00363338,4.487074403151382,0.16579582158954745,,
3064,JAX00363347,4.486084015666847,0.37633319119090164,,
3065,UNCHS036457,4.488124685168486,0.23424946362675897,,
3066,UNCHS036460,4.907892061285338,0.24204758722820613,,
3067,UNCHS036462,4.903292809617142,0.36004507749390824,,
3068,UNC22867713,4.8848524093807555,0.1995160443082138,,
3069,UNCHS036463,4.886314848223037,0.25529632997199975,,
3070,UNCHS036464,4.896683480992124,0.1946408696856516,,
3071,UNC22869183,5.0800973828745555,0.15512356095245533,,
3072,UNCHS036468,5.651403660902588,0.14648464853128104,,
3073,UNC22869581,5.665155686000844,0.13241290693865468,,
3074,JAX00363413,5.6433177167323265,0.12428418608132359,,
3075,JAX00363420,5.639105259640473,0.18012068516290836,,
3076,UNC22870195,5.637995371962006,0.16555141380590702,,
3077,UNCHS036471,5.638259232313885,0.10628020281719988,,
3078,UNCHS036472,5.63921987812364,0.23880198040121858,,
3079,UNCHS036473,5.645267519399113,0.17144957337051156,,
3080,UNCHS036474,5.645657318457097,0.1462157463471816,,
3081,UNCHS036475,5.645721192473275,0.2703146322202621,,
3082,UNCHS036476,5.646197044931341,0.11681880748828866,,
3083,UNCHS036477,5.646558206124837,0.1536642571955047,,
3084,UNCHS036478,5.646848522059372,0.1442022717006369,,
3085,UNC22871117,5.648335202822864,0.152472908331253,,
3086,UNC22872196,5.662831305691952,0.16421847902865377,,
3087,UNCHS036479,5.679752460134068,0.08168168334053429,,
3088,UNCHS036480,5.6806629733137015,0.1821590394500008,,
3089,JAX00363470,5.680672218351447,0.0803425567031114,,
3090,UNCHS036481,5.565200381518935,0.177337952109139,,
3091,UNC131045813,5.056463729711368,0.19900668367946098,,
3092,UNCHS036483,5.054872164389963,0.21342242404332312,,
3093,UNCHS036484,4.982741966231515,0.1248029094652809,,
3094,UNC22874895,4.749298001786883,0.27328488925304606,,
3095,JAX00203345,4.7496290586232135,0.24343966139597595,,
3096,c13.loc75,4.777059383312462,0.17263057669155893,,
3097,UNC22875861,4.815474252586455,0.24665674909211116,,
3098,JAX00046393,4.774423895579275,0.3926771083248776,,
3099,JAX00363534,4.768884729744968,0.2917533057754067,,
3100,UNC22878799,4.7611249817095995,0.3031784482151016,,
3101,UNCHS036485,4.724154033764535,0.18295335894845371,,
3102,UNCHS036486,4.7225511126421225,0.29651996408980574,,
3103,UNCHS036487,4.696927495457658,0.31353575809837336,,
3104,UNC22879993,4.607013609416299,0.24011532413225894,,
3105,JAX00046413,4.584963644157597,0.3001644971347041,,
3106,UNCHS036489,4.494221331798144,0.28037196706543865,,
3107,UNCHS036490,4.4912301353967905,0.29257983593252285,,
3108,UNC22881060,4.484886513343781,0.32829665909709377,,
3109,UNCHS036491,4.442971948777995,0.1635316550368729,,
3110,UNCHS036493,4.436874123400685,0.6078535613156874,,
3111,UNCHS036492,4.436455442189981,0.3101344383064797,,
3112,UNCHS036494,4.3668267879329505,0.42046983247836855,,
3113,UNC22881729,4.090939090945085,0.5162553934902365,,
3114,JAX00363583,4.095404796460798,0.31878628051489033,,
3115,UNCHS036495,4.1688054038513656,0.2855030348086941,,
3116,UNCHS036496,4.23754418483918,0.22648536618240075,,
3117,JAX00046433,4.253136887280334,0.40225602364887825,,
3118,UNC22882869,4.301846345413196,0.20887004446071922,,
3119,JAX00363595,4.321876970750964,0.21649194741876673,,
3120,JAX00363611,4.195012232883528,0.25043805302758687,,
3121,UNCHS036497,4.031569837113921,0.5139034131058147,,
3122,UNCHS036498,4.028948622006737,0.3184259549553717,,
3123,UNCHS036499,4.042335723904671,0.3279096735852318,,
3124,JAX00363674,4.119677692772257,0.36984869887270877,,
3125,UNCHS036501,4.193045943241714,0.3163159272253932,,
3126,UNCHS036502,4.204312254625393,0.3837055120627296,,
3127,UNCHS036503,4.23394266824198,0.36055114636429136,,
3128,UNC22892624,4.836608401346666,0.37387390890211414,,
3129,UNCHS036505,4.962311036296796,0.16655064038058923,,
3130,UNCHS036507,4.984840825442916,0.1983766082276247,,
3131,UNC22893226,4.9864591359855694,0.15060983777373854,,
3132,UNCHS036508,4.985904853014063,0.19336093218359315,,
3133,UNCHS036509,4.955019072518553,0.2191596480001983,,
3134,UNCHS036510,4.953931841491112,0.22811188510603078,,
3135,JAX00046496,4.94636865577877,0.28745575027528847,,
3136,UNCHS036511,4.930860520349825,0.19794012859071822,,
3137,UNCHS036513,4.952294045088593,0.19321143369643323,,
3138,UNCHS036514,4.950450957035173,0.23912714787924452,,
3139,UNC22895777,4.93967657828739,0.23839959525905516,,
3140,JAX00363735,4.912561698771697,0.18583348983922798,,
3141,UNC22896610,4.871757164166411,0.30074689886139727,,
3142,JAX00363751,4.866257298733444,0.30577058870765705,,
3143,UNC22897493,4.783934452448648,0.28650102029337376,,
3144,UNC22898106,4.706610033974584,0.20420398351403343,,
3145,JAX00363786,4.668218431851983,0.26215669198465485,,
3146,UNC22898718,4.6298863109791455,0.17749629453237614,,
3147,c13.loc77,4.588195289628402,0.37582571935964904,,
3148,UNC22899861,4.5285919426646615,0.26175345466785693,,
3149,UNCHS036515,4.549515666922844,0.24376715629026496,,
3150,UNCHS036516,4.47405527932824,0.3702310053333806,,
3151,UNC22900865,4.480074291983101,0.33611699957998004,,
3152,JAX00363851,4.452056232242285,0.32875528211825894,,
3153,UNCHS036517,4.448898298113363,0.2808927829965351,,
3154,UNCHS036518,4.448995603035883,0.543309306753036,,
3155,UNC22901885,4.449018241943804,0.272622676193133,,
3156,UNCHS036519,4.453511466738746,0.32984111477684247,,
3157,UNC22902553,4.721722728754685,0.2094703968957094,,
3158,JAX00363876,4.784949701571577,0.2774452303158153,,
3159,JAX00363878,4.796181682068209,0.19139402987950277,,
3160,UNC22903202,4.760991971395015,0.2884416883919824,,
3161,UNCHS036522,4.7165614192690555,0.2988915383228131,,
3162,UNC22904190,4.716065771743388,0.30929268818231964,,
3163,UNC22904916,4.750223229956418,0.36258021287945663,,
3164,UNCHS036523,4.752209375691791,0.20902285629915596,,
3165,UNCHS036524,4.750044839958946,0.27192735995095413,,
3166,UNC22905745,4.741814927827363,0.2246559032423751,,
3167,JAX00046589,4.734705902741325,0.22126727457206602,,
3168,UNCHS036526,4.734339326590543,0.15776927526226625,,
3169,UNC22906469,4.734494647702832,0.33470173064791114,,
3170,JAX00363935,4.7380365828717,0.368416188404589,,
3171,JAX00363941,4.734756627608249,0.14928063595732985,,
3172,UNCHS036528,4.721265414320214,0.22824799667590762,,
3173,UNC22908037,4.718294770897046,0.25116472515739874,,
3174,JAX00363962,4.715946679700892,0.2753284401223189,,
3175,UNC22908684,4.714121072938042,0.20023538449077413,,
3176,JAX00203390,4.790213270183358,0.16265055866261566,,
3177,JAX00046619,6.021692308475849,0.07351399503553202,,
3178,JAX00363985,6.593842243762992,0.07378353995621258,,
3179,UNC22910500,6.609408033795717,0.08070470582866102,,
3180,UNCHS036532,6.5545451003226844,0.07416798503340702,,
3181,UNCHS036533,6.550154567908066,0.06923851597556674,,
3182,UNC22911378,6.549633531592008,0.06485106140982771,,
3183,UNCHS036534,6.549317735906698,0.060597140184439055,,
3184,UNC22912172,6.515107558613408,0.06452897710503075,,
3185,JAX00364006,6.516274577414606,0.06266521999491122,,
3186,UNCHS036535,6.5162625750167535,0.08853545105788577,,
3187,UNCHS036536,6.520723224117319,0.09027673794535214,,
3188,UNC22912939,6.617645391035694,0.08526269307151504,,
3189,JAX00046638,6.611289932656064,0.1377881827279031,,
3190,JAX00364015,6.610938507312767,0.06251449703566551,,
3191,UNC22913943,6.605715273118676,0.05357558298155465,,
3192,JAX00364045,6.599989688681717,0.0459247869909764,,
3193,backupUNC130139421,6.599281647585258,0.06720524761582661,,
3194,JAX00364052,6.67985177425021,0.0734584218178224,,
3195,UNC22916228,6.755214121283643,0.10286574381321067,,
3196,UNCHS036537,6.82059754483771,0.07174711254829778,,
3197,JAX00046667,6.822566861811538,0.10251136987079262,,
3198,UNCHS036538,6.826700920124267,0.04817942724898593,,
3199,UNCHS036540,6.82895158308088,0.09140323094043426,,
3200,JAX00364088,6.830814081802146,0.13336429999822424,,
3201,UNC22918306,6.897881661782094,0.056781077548403495,,
3202,c13.loc79,7.046233750560532,0.05311002945275833,,
3203,JAX00046682,7.078850727154531,0.04994971255236675,,
3204,UNCHS036542,7.079572171034215,0.0712522170821363,,
3205,UNCHS036543,7.079640050435501,0.05137501060688239,,
3206,UNCHS036544,7.0800759396149715,0.07226470048417218,,
3207,UNCHS036545,7.082373760263408,0.08260061201622851,,
3208,UNCHS036546,7.083018825793488,0.07922612435595988,,
3209,UNC22919397,7.084574459315263,0.05601957276448645,,
3210,JAX00046685,7.085006044801958,0.04349281885617073,,
3211,UNC22919722,7.093724330746227,0.0691544752982094,,
3212,UNCHS036548,7.097948576272302,0.04798749629381771,,
3213,JAX00364121,7.06467112834207,0.04875253051304362,,
3214,JAX00046694,7.064785441709773,0.054744283458652655,,
3215,JAX00046697,7.157226794058715,0.07440094228222584,,
3216,UNCHS036549,7.160507172160806,0.06419749289277904,,
3217,UNCHS036550,6.873538769019433,0.060006026449234785,,
3218,JAX00364132,6.904654207538442,0.04914872136376036,,
3219,UNCHS036551,7.258599738650673,0.07341707713419501,,
3220,UNCHS036552,7.258747029462029,0.05766688312487437,,
3221,UNCHS036553,7.256730215583957,0.07304285344068634,,
3222,UNCHS036554,7.2693504441795085,0.05595849049863434,,
3223,UNC22922915,7.318400647480985,0.03987219583631942,,
3224,UNCHS036556,7.339178953119699,0.04558246942739045,,
3225,JAX00046716,7.36523139491419,0.06138732564313342,,
3226,UNCHS036559,7.365057939992084,0.07627537523088954,,
3227,UNCHS036560,7.358189595659269,0.049550713064427314,,
3228,JAX00364160,7.3426257389517104,0.09151049299767816,,
3229,UNCHS036561,7.37566168842568,0.024698980460629582,,
3230,UNCHS036562,7.385185543032094,0.046144063644237746,,
3231,UNC22924829,7.3853635899697565,0.02653894953048259,,
3232,UNCHS036563,7.405111297131953,0.02746450834109077,,
3233,JAX00046742,7.446945616184394,0.04918217841943992,,
3234,UNC22927873,7.45486235458975,0.05383738639125705,,
3235,JAX00364196,7.492915387801759,0.02541688181682279,,
3236,JAX00364197,7.492671996182253,0.032685709486709465,,
3237,JAX00046746,7.492661787518728,0.03972880565311346,,
3238,UNCHS036565,7.6183231528316355,0.024837820991631194,,
3239,UNCHS036566,7.589584053186172,0.06544220365860333,,
3240,UNCHS036567,7.651422829500461,0.030403086904259996,,
3241,UNCHS036568,7.657257669692399,0.024899147868455214,,
3242,JAX00364211,7.408683948668113,0.057542567463611596,,
3243,UNCHS036569,7.401180112210113,0.06642204111981133,,
3244,UNCHS036570,7.386587712159326,0.06973656191278077,,
3245,JAX00364222,7.404167203686029,0.03622643565058219,,
3246,UNC22931224,7.4098510160338265,0.03121924744668532,,
3247,UNC22933003,7.4762141656106,0.026773444621361452,,
3248,JAX00364245,7.352119108683837,0.05956250138332036,,
3249,backupJAX00046777,7.230793186680103,0.06872150540456376,,
3250,JAX00364258,7.22080422819613,0.05789635970186426,,
3251,UNC22935332,7.150721143907276,0.05488339345941809,,
3252,JAX00364266,7.0595535415423,0.07870916259874478,,
3253,UNCHS036571,6.3428754361848405,0.11353790203166553,,
3254,UNCHS036572,6.344527758768891,0.08298819491137337,,
3255,UNC22936158,6.255147761040689,0.069798634846241,,
3256,JAX00046788,6.2648127268359985,0.11269414802532103,,
3257,UNCHS036573,6.734977176402481,0.10708958938159391,,
3258,UNCHS036574,6.756237950323566,0.1338409467012598,,
3259,UNC22937336,6.949806973576642,0.059666544967867975,,
3260,UNCHS036575,6.949858913226535,0.05418470084678143,,
3261,UNCHS036576,6.947969528472868,0.080714573040616,,
3262,backupUNC130143616,6.917606446281525,0.05781341349754806,,
3263,JAX00364291,6.885864378465158,0.0429186065798389,,
3264,JAX00046804,6.826037726217919,0.055828573713208915,,
3265,UNCHS036578,6.95122395280373,0.05748160610856822,,
3266,UNC22940901,6.94177202916444,0.061920143355269554,,
3267,UNCHS036579,6.869826996115535,0.06661111547526384,,
3268,UNCHS036581,6.86376234958675,0.058813414752216485,,
3269,UNCHS036580,6.8625392889537125,0.08691496447650639,,
3270,UNCHS036582,6.858015179830318,0.09204255196456912,,
3271,UNC22941991,6.816534686759496,0.05151923977903677,,
3272,JAX00046818,6.801620243493971,0.04587321456749187,,
3273,UNC22942680,6.751211277454786,0.0706451482166279,,
3274,UNCHS036584,6.9586961994164085,0.052451674149459664,,
3275,UNC22943960,6.8496982330043465,0.05063976886298132,,
3276,UNCHS036586,6.832256902817562,0.07469631942547146,,
3277,JAX00364355,6.799887354362227,0.048195109711678404,,
3278,UNC22944427,6.741808698230898,0.0742432662128285,,
3279,UNC22944468,6.734615776096689,0.11252988009911315,,
3280,UNC22944617,6.699169897286993,0.10049468692049497,,
3281,UNC22944850,6.659330967792812,0.09336807270965798,,
3282,UNC22944981,6.6323435828753645,0.11044420527502313,,
3283,UNC22945103,6.58029031010733,0.14177361386449044,,
3284,UNC22945268,6.545794599015153,0.08563520523028509,,
3285,UNC22945378,6.527312202183111,0.09091043721472897,,
3286,UNC22945509,6.500926688188201,0.11061501212754792,,
3287,UNC22945699,6.478511803692982,0.14998421931348438,,
3288,UNCHS036587,6.465995070911731,0.06561810971330417,,
3289,UNC22945855,6.447027025946454,0.06315202573761913,,
3290,UNCHS036588,6.4431364871115875,0.07008867946988769,,
3291,UNC22945880,6.433238873797109,0.0573685197690856,,
3292,UNCHS036589,6.405377143143369,0.0799649910146578,,
3293,UNC22946047,6.404234705945555,0.06420914929063859,,
3294,UNCHS036590,6.437296769477143,0.07587938447167626,,
3295,UNC22946111,6.491470807878841,0.10878027637538473,,
3296,UNCHS036591,6.550037321311265,0.07068920741433139,,
3297,UNCHS036592,6.646913682736795,0.08034189603630522,,
3298,UNC22946213,6.660599714907221,0.0552659431129692,,
3299,JAX00364386,6.812975077051988,0.06459592544325742,,
3300,UNCHS036593,6.851409597127713,0.08408286137422756,,
3301,UNC22946342,6.864323106280153,0.09957022982189251,,
3302,UNCHS036594,7.11500448001766,0.06322321547614325,,
3303,JAX00364408,7.222089194594673,0.04921532817871371,,
3304,UNC22948293,7.159797221237341,0.042506849596069485,,
3305,UNCHS036595,7.111812799197878,0.07028418333962559,,
3306,JAX00046858,7.069902708564996,0.03365523272457414,,
3307,JAX00046859,6.945567717041058,0.07620933210741701,,
3308,UNCHS036598,6.943706170840414,0.07030667799771569,,
3309,UNCHS036599,6.9297858918102975,0.06070916394524704,,
3310,UNCHS036600,6.178913732749379,0.29795694811067935,,
3311,UNC22951530,5.976954534175775,0.08418666775117406,,
3312,JAX00046866,5.972237319323085,0.16752567655022793,,
3313,UNC22952813,5.856285842691705,0.1254821503468847,,
3314,UNC22953855,5.721771439939857,0.21737571520205096,,
3315,UNC22954569,5.651114335780221,0.11386953211280344,,
3316,UNC22955018,5.632816432373602,0.13591190818195717,,
3317,UNC22956235,5.604468363143724,0.25843987011363145,,
3318,UNC22956977,5.585206581494276,0.14680437760763962,,
3319,JAX00364489,5.536624838969601,0.15091504392972732,,
3320,UNC22957683,5.458296216325152,0.15177476674781334,,
3321,UNC22958819,5.328205507603343,0.17024866941443673,,
3322,JAX00364507,5.176622219925093,0.26837891951641335,,
3323,UNCHS036603,5.014145520448665,0.16994352758268366,,
3324,UNC22959873,5.372350060532426,0.14184155635850054,,
3325,UNCHS036605,5.538188499622947,0.1084611289188619,,
3326,UNCHS036606,5.541874785995105,0.14844342468724264,,
3327,UNC22960459,5.720508368301807,0.12036714791257361,,
3328,UNC22960652,5.769018330083782,0.18186247934086763,,
3329,JAX00364548,5.606100511113709,0.11835711762435472,,
3330,UNC22962278,5.484549731915649,0.1965326227044018,,
3331,UNC22962701,5.396665956488505,0.17465605782991472,,
3332,UNCHS036607,5.637674728803859,0.11377058579763161,,
3333,UNCHS036608,5.693819121007891,0.07513783020729964,,
3334,UNC22963645,6.309697182449327,0.08879496938425048,,
3335,UNC22963831,6.628608269198594,0.2283513622601057,,
3336,UNC22964496,6.59712806893458,0.16080768479581523,,
3337,JAX00364599,6.597201660302744,0.06887135753119467,,
3338,JAX00046944,6.597205626986579,0.04329435287448675,,
3339,JAX00203489,6.596341601675704,0.07742860879181765,,
3340,UNC22965058,6.064964477569902,0.06701567284643341,,
3341,JAX00046956,6.0195441912396745,0.10525575821097134,,
3342,UNC22966522,6.01943097396088,0.11355005053402661,,
3343,JAX00364619,6.020274487150573,0.13703954109028035,,
3344,UNC22967174,6.0140369807743355,0.09960210287313688,,
3345,UNC22968040,5.991808470904289,0.08179540423099846,,
3346,UNC22968892,5.9980335858758735,0.07626806589481715,,
3347,JAX00364650,6.0029265703710735,0.12125242213983707,,
3348,UNC22969810,6.003523263523448,0.07667414650289595,,
3349,c13.loc83,6.025799864170949,0.09803081303503368,,
3350,UNC22970628,6.030459359733641,0.11524703712802502,,
3351,JAX00364672,6.022681446649358,0.13518762828046846,,
3352,UNC22970955,6.006464314755249,0.1410378653180229,,
3353,UNCHS036610,5.991378467826507,0.0864709766491977,,
3354,UNCHS036612,5.980227021287419,0.08333739241241145,,
3355,JAX00364681,5.957711930863979,0.15421585177176625,,
3356,UNC22971709,5.93217350680834,0.14205127733411765,,
3357,JAX00046990,5.910496511563224,0.17969500969544636,,
3358,UNC22972209,5.894679839859236,0.10634850160865145,,
3359,UNC22973127,5.8625545330032764,0.17073216137844013,,
3360,JAX00364703,5.866463587551152,0.15449366727067657,,
3361,UNCHS036613,5.933370528588284,0.17234963806509626,,
3362,UNC22974770,6.350394523787145,0.08040450502432815,,
3363,UNC22975439,6.116219522253232,0.08070123873775788,,
3364,JAX00364748,6.114441212045449,0.120469730095589,,
3365,JAX00364751,5.946733450807187,0.1073174421278372,,
3366,JAX00047015,5.387316568783717,0.2359886194741737,,
3367,UNCHS036615,3.828441076966328,0.28589717894813105,,
3368,UNCHS036616,3.7219866928351166,0.4314148523013147,,
3369,JAX00364761,3.418294867797158,0.4843293113588447,,
3370,UNC22976411,3.43502377992354,0.7317865687918987,,
3371,JAX00364771,3.458391005834983,0.4438605463618139,,
3372,UNCHS036617,3.4941432372579584,0.5109146682830158,,
3373,UNCHS036618,3.8166275392788975,0.4012364682848018,,
3374,UNC22976916,4.02884329208041,0.36314497807366125,,
3375,UNC22976976,4.037741882058526,0.27691477871213355,,
3376,UNC22977114,4.096033545664795,0.3253352823813847,,
3377,JAX00047026,4.111598626470823,0.3085944235691711,,
3378,UNC22977271,4.114497771836568,0.5231076270233942,,
3379,UNC22977292,4.115532112632536,0.2937609977641101,,
3380,UNC22977329,4.120051387193371,0.36276268420248986,,
3381,UNC22977405,4.097586589630055,0.4559118278055706,,
3382,UNC22977481,4.074793762586523,0.4563590164816772,,
3383,UNC22977630,4.0386508910621615,0.4774119841254707,,
3384,UNC22977732,4.011654746361955,0.4474529193221836,,
3385,UNC22977778,3.9942982122856847,0.4485466613529127,,
3386,UNC22977791,3.989303887058668,0.35603654172567767,,
3387,backupJAX00047030,3.9922773282339676,0.4982527444785499,,
3388,UNC22977880,4.03573714073832,0.35361835431540023,,
3389,UNC22977896,4.074697196430179,0.38169726283788524,,
3390,UNC22977926,4.111182045614669,0.3397744323155056,,
3391,UNC22977994,4.190812032007216,0.335268842893995,,
3392,UNC22978051,4.371412416437579,0.2937451089282094,,
3393,UNC22978075,4.385612863255119,0.3004332943272613,,
3394,JAX00047032,4.388212031590001,0.297186781557458,,
3395,UNC22978128,4.388934790806161,0.5068251509889079,,
3396,UNC22978179,4.323994285406343,0.33510916495948573,,
3397,UNC22978328,4.1587531918662535,0.25091849243252523,,
3398,UNCHS036621,4.339438683246044,0.2942626142678017,,
3399,UNCHS036622,4.351298114346719,0.4266505981689057,,
3400,JAX00364808,4.373456327384702,0.5192863321996787,,
3401,JAX00047044,4.418320429195319,0.3714010803646873,,
3402,JAX00364817,4.725213002257078,0.5124947628654076,,
3403,UNC22980492,4.713151608976204,0.2905308121527677,,
3404,JAX00047057,4.845213030705054,0.18054066698926768,,
3405,UNCHS036623,4.885017975113215,0.30681190394048014,,
3406,UNCHS036624,4.891022464989874,0.3964079927423841,,
3407,UNCHS036625,4.938537118057411,0.25467465328095784,,
3408,UNCHS036627,4.9935012559199095,0.3654803357765139,,
3409,UNCHS036628,5.002204214232279,0.265631179887458,,
3410,JAX00364846,5.083778244786117,0.28774360827982914,,
3411,JAX00364850,5.163461829424477,0.15421148670824394,,
3412,UNCHS036629,5.087430993207363,0.15696535094367914,,
3413,UNCHS036630,5.08979326471308,0.29967418500128196,,
3414,UNC22983514,5.0829451689094185,0.15703833824596453,,
3415,JAX00364874,5.0798627238064,0.19002552962667246,,
3416,UNC22983770,5.072875182504504,0.15445655759206872,,
3417,UNC22983888,5.104460389192354,0.3223631832050597,,
3418,UNC22984005,5.173069690100192,0.26765628337513847,,
3419,UNC22984498,5.287535437470979,0.21494538646834926,,
3420,UNC22984561,5.371752191658516,0.12982087104385148,,
3421,UNCHS036633,5.392288488104896,0.16565598884661276,,
3422,UNCHS036636,5.411548411183503,0.19470742353021242,,
3423,UNC22984846,5.41943802913147,0.28152905106053094,,
3424,UNCHS036637,5.415112272924034,0.18619218151616954,,
3425,UNC22984991,5.4149661150677275,0.10257905912028158,,
3426,JAX00364898,5.434996046170454,0.16748809480781673,,
3427,UNCHS036639,5.4466887918160865,0.11545163373431086,,
3428,UNCHS036640,5.4533325547386085,0.16993798085951262,,
3429,UNC22985420,5.459021178001649,0.15497800092437383,,
3430,JAX00364899,5.467213646582877,0.1406158022965925,,
3431,UNC22985743,5.532351909567524,0.210977583200072,,
3432,UNC22985845,5.570355987043058,0.21376556153450588,,
3433,UNCHS036642,5.585557884428226,0.15943123689048833,,
3434,UNC22985999,5.619924562092137,0.19165422765262294,,
3435,JAX00047090,5.627620006320967,0.13825795571517815,,
3436,UNC22987143,5.629910199810411,0.10574866373822178,,
3437,UNC22987284,5.8710614188905765,0.11103578699084192,,
3438,UNC22987486,6.020250174410876,0.1866625589171668,,
3439,UNCHS036643,6.043562772187215,0.1330890424759777,,
3440,UNCHS036644,6.193551010443116,0.09009389812113418,,
3441,UNC22987612,6.1895428764237295,0.07662780827359057,,
3442,UNCHS036645,6.185176106207109,0.11590515932297256,,
3443,UNCHS036646,6.1413016295978196,0.1606190763643044,,
3444,UNC22987815,6.1625374120005745,0.1723959786662535,,
3445,UNCHS036648,6.48573038890504,0.1209563079020769,,
3446,UNC22988117,6.515625666655069,0.05440507169871516,,
3447,JAX00364950,6.517042169858314,0.136722936129638,,
3448,UNC22988359,6.554878793926946,0.07768510143658441,,
3449,UNC22988394,6.575088125639468,0.0787977824922206,,
3450,UNC22990004,6.727535640307451,0.07238462181962875,,
3451,JAX00364982,6.78142106812038,0.04835435666758674,,
3452,c13.loc85,6.764670322076199,0.10462636379873795,,
3453,UNCHS036649,6.732804426516623,0.06736999032391584,,
3454,UNCHS036651,6.714328557856334,0.04525306454508429,,
3455,UNCHS036652,6.7225501311015705,0.1322635807645357,,
3456,JAX00365021,6.787009874314208,0.06895839495099104,,
3457,JAX00047138,6.853004659515818,0.13170443883012564,,
3458,JAX00365040,6.595432617909864,0.058991145063436154,,
3459,ICR542,6.562375783574225,0.12430735780805835,,
3460,ICR4542,6.733597864275225,0.045587194062563986,,
3461,JAX00365067,6.787904079365035,0.08882260058486904,,
3462,JAX00365072,6.158719288988095,0.11554276485821356,,
3463,UNC22999600,6.160610086139059,0.16580089393830325,,
3464,UNCHS036654,6.178664424496219,0.0768211456237659,,
3465,UNCHS036655,6.19298296327338,0.16530348020447147,,
3466,ICR545,6.199423552512599,0.2067840419664422,,
3467,ICR4545,6.198895005905115,0.05930418443511395,,
3468,UNCHS036658,6.156982577131203,0.09870061515200161,,
3469,JAX00365119,5.889945178652852,0.1615485477260777,,
3470,UNCHS036659,5.082707582136891,0.1405941824008302,,
3471,ICR4548,5.076565010228478,0.18561073208938925,,
3472,JAX00047192,4.9228805639841084,0.3028097984860849,,
3473,UNCHS036662,4.932787889256815,0.23335354553922324,,
3474,JAX00365172,4.913981734669278,0.3399611803125011,,
3475,UNC23007013,4.901572235964977,0.20942989400560005,,
3476,ICR550,4.942844750170025,0.2509510770889789,,
3477,JAX00365185,4.977085789741977,0.18268392327816205,,
3478,UNCHS036663,4.995117611151727,0.1691913302774104,,
3479,UNCHS036664,4.993478381925797,0.22874617066089245,,
3480,UNC23011107,5.0288190293636035,0.23960898030286593,,
3481,JAX00365220,5.029022254257143,0.2582726456930712,,
3482,JAX00047220,5.035949769840499,0.26488221599461886,,
3483,UNCHS036665,5.059620905574775,0.2839121515434396,,
3484,UNCHS036666,5.059287217015253,0.29003354617878413,,
3485,JAX00365236,5.023259929041387,0.2012046739888233,,
3486,JAX00365284,5.325118985732161,0.3217189864656245,,
3487,JAX00365294,5.201627936813111,0.20774585423571262,,
3488,UNC23021537,5.202844884174283,0.24570984560049838,,
3489,UNCHS036667,5.19195162661299,0.3092308577618907,,
3490,JAX00365329,5.238572504151534,0.1925066124386315,,
3491,UNC23026968,5.224054908400376,0.19154374967893598,,
3492,JAX00047285,5.221657908257612,0.12939892591958524,,
3493,UNCHS036670,5.1962441054108695,0.12251432720928551,,
3494,UNCHS036671,5.19038606230697,0.24007801145076396,,
3495,UNC23029511,5.2879251199926784,0.16643688966511141,,
3496,UNCHS036672,5.300675152357144,0.1456710475871339,,
3497,UNCHS036673,5.289316660495388,0.1521226933855203,,
3498,UNCHS036674,5.079661503951911,0.13258506318761126,,
3499,UNCHS036675,4.8836653334617495,0.2914367445665316,,
3500,UNCHS036676,4.868789123691386,0.15821341013958468,,
3501,UNCHS036677,4.868703865116004,0.18311685579196663,,
3502,UNC23030698,4.8896621495657655,0.32734258023938007,,
3503,UNCHS036680,4.939105032706948,0.2027286944982063,,
3504,JAX00365376,4.949193053188537,0.34181330006327826,,
3505,UNC23031994,4.956671608070792,0.1892509714225085,,
3506,JAX00047309,5.0630016686513954,0.15812598510437637,,
3507,UNC23032904,5.127216037033122,0.15762245889994028,,
3508,JAX00047316,5.1529285968431395,0.23614664893508674,,
3509,UNC23033370,5.155674957683914,0.2050428375826752,,
3510,JAX00365391,5.153350899769748,0.26283511503721213,,
3511,UNCHS036682,5.359372717999349,0.10247876840541105,,
3512,UNC23034374,5.351153833403714,0.12324086488151943,,
3513,UNC23035528,5.125637640808236,0.17072927338927232,,
3514,JAX00365405,5.077272276515032,0.20178354974414367,,
3515,UNC23037152,5.014352448172076,0.23486597699563683,,
3516,JAX00365419,5.022270887550803,0.2169808350972738,,
3517,JAX00047341,5.023821756215511,0.24447313819243155,,
3518,UNC23038966,5.025330646803241,0.30552683860396007,,
3519,UNC23040007,5.041248070969914,0.2644631204793419,,
3520,UNC23040840,5.052292290274863,0.13855620213110975,,
3521,JAX00203610,5.107173593150492,0.1528599087906755,,
3522,JAX00365437,5.1550020185268295,0.2493049479089354,,
3523,UNCHS036683,5.263741836959753,0.1934093045452451,,
3524,UNCHS036684,5.26965589790143,0.20314509096112932,,
3525,UNC23043399,5.379778285666589,0.13688284378390372,,
3526,UNC23043733,5.366737544010675,0.1290680677433353,,
3527,JAX00047370,5.335025101721158,0.10400225325342317,,
3528,UNCHS036686,5.293469791219877,0.14926803160999835,,
3529,UNC23045634,5.2815918123740175,0.13599508059362317,,
3530,JAX00047386,5.2194639948641,0.21023685579975154,,
3531,JAX00365476,4.883187974401608,0.24647092776551668,,
3532,UNC23047650,4.8662994431213065,0.1984198107524346,,
3533,JAX00365482,4.866931424271115,0.31221328905278734,,
3534,UNC23048653,4.859612175935808,0.18753678101861457,,
3535,UNC23050105,4.8486922464007876,0.33452256469699804,,
3536,JAX00365514,4.812720311596422,0.23017051323974602,,
3537,JAX00365515,4.81244389935523,0.25984454025766107,,
3538,JAX00365520,4.734776956714541,0.24658633156761287,,
3539,UNCHS036689,4.676302501242162,0.20746935165576366,,
3540,UNCHS036690,4.668188930773795,0.34549342360944263,,
3541,JAX00365523,4.638118351850835,0.31878327380751026,,
3542,UNC23051871,4.627007021778354,0.2536075404408306,,
3543,UNC23052513,4.4939520838324825,0.4443006789626627,,
3544,c13.loc89,4.0406845952445565,0.35711716635783824,,
3545,UNC23053465,3.7857890443556244,0.3956027169891717,,
3546,UNCHS036692,3.3148600825597896,0.6544449647574042,,
3547,UNC23055462,2.1065567277917125,0.6596553647021131,,
3548,JAX00047435,2.1003972651901677,0.7770662321078943,,
3549,JAX00365601,2.014201996723841,0.5979614133839917,,
3550,UNCHS036694,1.9579853332186303,0.7257664826856968,,
3551,UNC23056730,1.9640509453984123,0.6977745539700785,,
3552,UNC23058483,2.038336834958045,0.7636652255886532,,
3553,JAX00365664,2.066556551138774,0.8413463923318008,,
3554,JAX00365665,2.066560430879008,0.8533441295900849,,
3555,JAX00047457,2.0967064172009486,0.8382891036580028,,
3556,UNC23059979,2.096182594916854,0.8147103844894122,,
3557,UNC23061113,1.966961208349403,0.733600380679339,,
3558,UNC23061674,2.0875863144999585,0.795571080163334,,
3559,UNCHS036695,2.1234363671862866,0.7555655881557098,,
3560,UNCHS036696,2.0447851537878705,0.8333428326016064,,
3561,JAX00365710,2.049018173821878,0.8144346239712521,,
3562,JAX00365720,2.09135123447777,0.6936779071775443,,
3563,JAX00365728,2.1347376463063483,0.9092391090112207,,
3564,UNC23063164,2.187697732851575,0.8047057388217927,,
3565,UNC23063337,2.2222089340491493,0.8467742157716136,,
3566,UNCHS036697,2.225200449802969,0.978327327328902,,
3567,UNCHS036698,2.2254981360501915,0.7207181391124791,,
3568,UNC23064615,2.2588175711744043,0.9486881232887747,,
3569,JAX00047490,2.2614718625493424,0.6220299884580822,,
3570,JAX00047491,2.263452138706498,0.6536866703721643,,
3571,UNC23065178,2.3137806103909497,0.6974932738625412,,
3572,UNC23065954,2.3411925455231994,0.7571435265219814,,
3573,JAX00047503,2.3537107076531356,0.8726187590088985,,
3574,JAX00365808,2.364984218608015,0.9855787728321594,,
3575,UNC23066858,2.366354449278333,0.5830198066228377,,
3576,UNCHS036699,2.379429877606981,0.8079157852850196,,
3577,JAX00365818,2.5551951462771285,0.7932605037105235,,
3578,UNCHS036702,2.625844491427415,0.5826269982311335,,
3579,JAX00047510,2.6257375832926755,0.5722350829868152,,
3580,UNC23067644,2.6218215050662366,0.6204768784095819,,
3581,UNC23068361,2.6193828834755095,0.4204956775082172,,
3582,UNC23069119,3.9877346086962007,0.34728444889951354,,
3583,UNCHS036703,4.6097203697572695,0.3285296934929106,,
3584,UNCHS036704,4.681026366200513,0.348351444163104,,
3585,UNCHS036705,4.6505772953451014,0.260840585596615,,
3586,UNCHS036706,4.642709652576514,0.2545588579322244,,
3587,JAX00365872,4.63641564202976,0.22683375986259954,,
3588,UNC23070514,4.585659925515074,0.3355016260349068,,
3589,UNCHS036707,4.581505768003353,0.3008067986144642,,
3590,UNCHS036708,4.581269369208258,0.23435957429136545,,
3591,JAX00365890,4.580397093322063,0.18198266800111276,,
3592,JAX00365896,4.569467536420689,0.25345366986055257,,
3593,UNC23071922,4.560933296715348,0.20478861708667198,,
3594,UNCHS036709,4.54335115390063,0.23718348475675038,,
3595,UNCHS036710,4.542987749403892,0.24624699837178535,,
3596,UNC23074055,4.545641487126886,0.18643734202856083,,
3597,UNC23074480,4.549410095809208,0.20139966084778038,,
3598,UNCHS034059,4.603188113325814,0.33255285389660977,,
3599,UNC23076960,4.638845240362116,0.31175300380500354,,
3600,JAX00365963,4.642417061198785,0.2740152686648958,,
3601,JAX00365970,4.631356128954167,0.31091127550207487,,
3602,UNCHS036711,4.610226904837418,0.3698038926711026,,
3603,UNC23077993,4.610371591439616,0.307920851625597,,
3604,UNCHS036712,4.610363976964663,0.24520813667207148,,
3605,UNCHS036714,4.610844090456567,0.31147625218842756,,
3606,UNC23078511,4.612126935280003,0.38020542271284996,,
3607,UNC23079720,4.605656277038634,0.2937309289662532,,
3608,UNC23080604,4.598272168779886,0.31703084618539923,,
3609,UNCHS036715,4.309319541772993,0.230344182032946,,
3610,UNC23080993,4.098542783532594,0.2752500909316516,,
3611,UNC23081003,4.08864253493789,0.27157402413409526,,
3612,UNC23081015,4.055621285386678,0.23261099725468581,,
3613,UNC23081026,4.0485084820925294,0.36886581451619993,,
3614,UNC23081027,4.044163150329041,0.427930208446346,,
3615,UNC23081035,4.034218856521875,0.4479290169639454,,
3616,UNC23081039,4.028991044870963,0.31459816564157345,,
3617,UNCHS036717,3.964703765513832,0.31262065549037116,,
3618,UNC23081060,2.382963686781295,0.5215280157662949,,
3619,UNCHS036718,2.3359215874161237,0.698235742448823,,
3620,JAX00366020,2.526540676505647,0.7905272224298504,,
3621,JAX00366021,2.5273896192411485,0.5541313097476204,,
3622,UNC23081685,2.5113514693791785,0.5653836846602648,,
3623,JAX00047590,2.5096988725465508,0.5595213713645846,,
3624,UNC23082200,2.4701729034304662,0.637892616798054,,
3625,UNCHS036719,2.424890160614723,0.6592890953888446,,
3626,UNCHS036720,2.433021730737437,0.8853646616254908,,
3627,UNC23082798,2.4486311151313203,0.8931719319633543,,
3628,UNC23083318,2.4976571393267477,0.6720569267037658,,
3629,UNCHS036721,2.4986588057854533,0.6859490171468916,,
3630,UNCHS036722,2.4327420417534995,0.7175863199382626,,
3631,UNCHS036723,2.1163935306935855,0.79655475099579,,
3632,UNCHS036724,2.11678933776102,0.9379362337443494,,
3633,JAX00366083,2.1213140351430866,0.9205285061664696,,
3634,UNC23084323,2.121329813331613,0.7485171306568802,,
3635,UNCHS036725,2.1239828205234517,0.6437144352919212,,
3636,UNCHS036726,2.1367855465828143,0.681814879818968,,
3637,UNC23084877,2.2843760857047073,0.6488143884740348,,
3638,JAX00366095,2.286103621314851,0.827664611446046,,
3639,JAX00047614,2.4219135891489714,0.5761973381913664,,
3640,JAX00366110,2.4215613706755903,0.8912942290870107,,
3641,UNCHS036727,2.364767745999643,0.7331347418872829,,
3642,UNCHS036728,2.5160725569637634,0.5552749665559171,,
3643,UNC23086135,2.53333114241741,0.6177955366156501,,
3644,UNCHS036729,2.610549737025849,0.7467307815953214,,
3645,JAX00366160,2.6176733785114266,0.6590613564038064,,
3646,UNCHS036731,2.709723592026876,0.6555389113501824,,
3647,UNCHS036732,2.7134354323388834,0.5123703349523201,,
3648,UNC23088291,2.71727019236414,0.6768175298195069,,
3649,JAX00366170,2.716885836194706,0.6591234649194815,,
3650,JAX00366178,2.7165795295238695,0.5490127207574141,,
3651,JAX00047634,2.7134043118749105,0.5360926507187339,,
3652,UNC23088948,2.6273731358255645,0.6707780135601839,,
3653,JAX00366197,2.626384893985687,0.6186734902848023,,
3654,UNC23090229,2.5523760134685745,0.8041874004241222,,
3655,UNCHS036733,2.4269135810795888,0.8176468911059789,,
3656,UNCHS036734,2.2933789417072603,0.7923228771074546,,
3657,UNCHS036735,2.3053180724286904,0.6775215835553826,,
3658,UNCHS036736,2.2600726347591262,0.5696156454971522,,
3659,UNCHS036737,2.2308662281250236,0.7280172559225273,,
3660,UNCHS036738,2.204589543107886,0.6585870835549114,,
3661,UNC23091435,2.022405147145946,0.84513514038889,,
3662,UNCHS036740,2.034932135588633,0.6598298697076864,,
3663,UNC23092307,2.036662358250851,0.7820070208430407,,
3664,UNC23092990,1.956630176501676,0.7533718351878463,,
3665,UNCHS036741,1.884308443824466,0.9289501429095642,,
3666,UNCHS036742,1.8806704552052906,0.672523248100086,,
3667,UNC23093773,1.867121020929062,0.9089786674322127,,
3668,JAX00047664,1.812861167678875,0.8738934753347124,,
3669,UNCHS036743,1.7894204939764222,0.7192820486334272,,
3670,UNCHS036744,1.7795553410751381,0.7928184129841948,,
3671,JAX00366307,1.7776606893798998,0.7151683096755124,,
3672,UNCHS036745,1.777177605239558,0.902894776003849,,
3673,UNCHS036746,1.7678145647357724,0.7945496736667442,,
3674,UNC23095107,1.7568556353669464,0.7800336115192903,,
3675,UNCHS036747,1.75460059632087,0.8396260203635796,,
3676,JAX00366309,1.7521305388077053,0.7655778313205365,,
3677,UNC23095688,1.744079471933901,0.5867737946295052,,
3678,UNC23096116,1.7294317783230326,0.8789503082201539,,
3679,JAX00047680,1.7026072113717419,0.8227003666712739,,
3680,JAX00366329,1.7005065447356174,0.8964265154571642,,
3681,UNC23097501,1.6768488211773729,0.7587001500207216,,
3682,UNC23097845,1.6727802274131136,0.7475640374958077,,
3683,UNCHS036750,1.6717503922570813,0.8136500241647104,,
3684,JAX00047686,1.6696251544174174,0.7383368530686465,,
3685,UNC23098506,1.6624899241271578,0.7634886550796952,,
3686,UNCHS036751,1.661510547281523,0.6777047618541829,,
3687,JAX00366382,1.6696716715757702,0.8911590630426955,,
3688,UNC23099718,1.5927202407197,0.8038140712476003,,
3689,UNC23100634,1.5601631756169354,0.7871142135985343,,
3690,JAX00203711,1.696978322394898,0.7881031308803861,,
3691,UNC23102321,1.6973401573377487,0.8669059142654526,,
3692,UNC23103048,1.687339949196712,0.7704892550595006,,
3693,JAX00366454,1.6808155713736141,0.8861419220678484,,
3694,UNCHS036753,1.672321978015816,0.7992908230463237,,
3695,UNC23103901,1.6722187293057686,0.8826225785483,,
3696,UNCHS036754,1.6718363947200032,0.9270590360657675,,
3697,UNCHS036756,1.6705852791517373,0.879604582344419,,
3698,UNCHS036757,1.6691168907798328,0.8761450685409496,,
3699,UNC23104629,1.6538114902566576,0.9962764740711746,,
3700,UNCHS036759,1.6479947233581242,0.9536473876087919,,
3701,UNCHS036760,1.6438223274074062,0.7606253269121926,,
3702,UNC23105431,1.604474572873869,0.8436543386245733,,
3703,UNCHS036761,1.594807884733882,0.8009177378631636,,
3704,UNCHS036764,1.5904921774308605,0.9647834413261743,,
3705,JAX00366492,1.589366831631878,0.9120004236177077,,
3706,UNC23105778,1.5887396856112446,0.8036893308563524,,
3707,UNCHS036765,1.5878006387308687,0.7825481529717243,,
3708,UNCHS036766,1.5869519249486075,0.8588363426175969,,
3709,UNCHS036767,1.586441401694401,0.9792871621986186,,
3710,UNCHS036768,1.5855012562458342,0.8498531176103793,,
3711,UNC23106460,1.5065082324533705,0.8552423517806619,,
3712,UNCHS036771,1.4551846782305802,0.9037888372236644,,
3713,UNCHS036772,1.45630102172413,0.8448707343373286,,
3714,UNCHS036773,1.4570028313355579,0.9013290294884763,,
3715,JAX00047746,1.508635088839128,0.7675218804860682,,
3716,UNC23107836,1.5340429464620229,0.8637548186892928,,
3717,UNC23108893,1.5755779738665296,0.8013331895699136,,
3718,UNC23109791,1.5815761661522174,0.9427604854342638,,
3719,UNC23111338,1.5868136271690219,0.9818968560252718,,
3720,JAX00366607,1.581127732402365,0.86466075618836,,
3721,UNC23112097,1.5827475948613028,0.6852072490168378,,
3722,UNCHS036775,1.6042632745495666,0.9098319446555349,,
3723,UNC23113657,1.6044008373255565,0.7181110316207766,,
3724,UNCHS036776,1.6325910399625627,0.8381566498022305,,
3725,UNCHS036777,1.8923819814424405,0.8963742008683159,,
3726,UNCHS036778,2.0769535644410553,0.7611859554833207,,
3727,JAX00366650,2.096792571608148,0.5815328811278228,,
3728,UNC23114602,2.110197852373858,0.8499815008986593,,
3729,JAX00366653,2.1566740419716552,0.8409748081897398,,
3730,UNC23114875,2.1742897366268608,0.7260843923207757,,
3731,JAX00366665,2.593827375935689,0.6151268527316742,,
3732,UNC23115786,2.7691648987420194,0.7056844106332568,,
3733,UNCHS036779,2.7703504395244636,0.5949952850035414,,
3734,UNCHS036780,2.4935156590738643,0.8125257611133748,,
3735,UNC23116222,2.511902741686754,0.5665860848722875,,
3736,UNC23116639,2.572178236491027,0.7072621275482512,,
3737,JAX00047787,2.572889464484433,0.5234604798697036,,
3738,UNCHS036781,2.57422854818833,0.5835604449510491,,
3739,UNC23117074,2.574230144189869,0.7649844144586037,,
3740,UNCHS036782,2.4582346035788305,0.8024556227924211,,
3741,UNC23117370,1.965547307808265,0.72065595755157,,
3742,JAX00047792,1.9930944015854948,0.6644899169589739,,
3743,UNCHS036783,1.9242373463630429,0.7393216712314615,,
3744,UNCHS036784,2.421834635633104,0.570823154976492,,
3745,UNC23118509,2.453016994205427,0.5716420567128072,,
3746,UNCHS036786,2.4622536263618713,0.6648519899483989,,
3747,UNC23119455,2.463102999252669,0.5601009342720655,,
3748,UNC23119777,2.4655934482632347,0.6322906422133301,,
3749,UNC23120139,2.467437379502144,0.7639597050310439,,
3750,UNC23120485,2.469822902510259,0.6767317868824246,,
3751,JAX00366756,2.528868222398387,0.5599893830872253,,
3752,JAX00366758,2.5289707551521587,0.6968662859912798,,
3753,UNC23120964,2.5295599649466567,0.7283491926226614,,
3754,UNC23121542,2.532317489220077,0.7549556671370187,,
3755,UNCHS036787,2.5342989216858314,0.5811563844356978,,
3756,UNC23121987,2.53435131220067,0.6701975383446492,,
3757,UNCHS036788,2.534497682113397,0.6187796767079399,,
3758,JAX00366779,2.5348181152035067,0.8085463059092458,,
3759,UNC23122361,2.5371775347566654,0.663615753038261,,
3760,UNC23123246,2.541780777602071,0.6295322364439208,,
3761,UNC23123660,2.5444491530572577,0.5272307217304368,,
3762,UNC23124206,2.547465112601685,0.5782487963203167,,
3763,JAX00366819,2.547500272350362,0.7260705107651908,,
3764,UNC23124453,2.5488777479483815,0.7402936454582985,,
3765,UNC23124927,2.552828059514013,0.5733650464209394,,
3766,UNC23125332,2.5544563003627445,0.9014621138683359,,
3767,UNC23125746,2.55624578584775,0.8495892881428013,,
3768,JAX00366845,2.559547893005856,0.7732659873281016,,
3769,JAX00366846,2.562036539417022,0.508299871098339,,
3770,UNC23126264,2.564667798281107,0.5895232321136337,,
3771,UNCHS036789,2.565550950924262,0.7105072612728842,,
3772,UNCHS036790,2.5425580173719027,0.6911179037501449,,
3773,UNC23126510,2.4929341674205716,0.5816791498568898,,
3774,UNC23126740,2.6936824004035316,0.6229405753200723,,
3775,UNC23127128,2.848702495743055,0.873804653082241,,
3776,UNC23127592,2.8529662643520624,0.49550504317410654,,
3777,UNCHS036791,2.857351503808104,0.6721318220951586,,
3778,UNCHS036792,2.8462182257217137,0.7675158660445746,,
3779,UNCHS036793,2.8850037210736446,0.39902285410475724,,
3780,UNCHS036794,2.8909493682431275,0.7093286570552922,,
3781,JAX00047844,2.8757587205468553,0.5564530947105909,,
3782,UNC23128326,2.8776288509600363,0.9097466605348621,,
3783,UNC23128702,2.8839582897296623,0.4205895246850252,,
3784,JAX00366883,2.8518484993983293,0.8157851578655367,,
3785,UNCHS036795,2.6044096703060404,0.4888481872338415,,
3786,UNC23129353,2.5842955130503924,0.7356322482872983,,
3787,UNCHS036796,2.584318643007691,0.7407961834749496,,
3788,UNC23129631,2.588042287390408,0.6647161420301407,,
3789,UNCHS036797,2.5891788881172033,0.7074526335136875,,
3790,UNCHS036798,2.590413676871549,0.679805298538852,,
3791,UNC23130110,2.5938634879203164,0.8559075227564983,,
3792,UNC23130531,2.5958478344502964,0.7257973637188941,,
3793,UNCHS036799,2.59393102270883,0.860369489899807,,
3794,UNCHS036800,2.2277355007336155,0.755314546311416,,
3795,UNC23131091,2.258577849808262,0.7204818226174657,,
3796,UNC23131759,2.2131851542585537,0.7071313068200069,,
3797,JAX00366929,1.3633511212112808,0.7626878014743543,,
3798,UNC23131884,1.3621324658156482,0.873988127032799,,
3799,UNC23132516,1.3680697618026443,0.91615438801151,,
3800,UNCHS036801,1.3768326135459574,0.7381921902390236,,
3801,UNCHS036802,1.3791715866416325,0.8334434280466426,,
3802,UNCHS036803,1.3572499936381064,0.9053903294566105,,
3803,UNC23132968,1.218512432491707,0.9568168208240653,,
3804,UNC23133300,0.9933777049875516,0.9553193613303976,,
3805,JAX00366960,0.9741109210945069,0.9853459949319585,,
3806,JAX00366961,0.9740721903817757,0.8775578373199479,,
3807,UNC23133540,0.9721397050884661,0.964994809890222,,
3808,UNC23133966,0.9430932156440122,0.9200925416383053,,
3809,JAX00366974,0.9343771431040295,0.9228092028525989,,
3810,UNC23134323,0.9270471604509112,0.9791671084542595,,
3811,UNC23134670,0.9101158206517539,0.9277690317821701,,
3812,UNCHS036805,0.9682176376329608,0.8519968166041088,,
3813,UNCHS036806,0.9710895258649543,0.914367424995358,,
3814,UNC23135640,0.9716267496387445,0.8608243159127418,,
3815,UNCHS036807,0.9803685775757458,0.9627106319443675,,
3816,UNCHS036809,0.9823680619383595,0.8653960236241179,,
3817,UNCHS036810,0.9964576704619503,0.890042398151497,,
3818,UNCHS036811,1.1153443933219478,0.9581686375400503,,
3819,UNCHS036812,1.1243093898160623,0.9527438850368909,,
3820,UNC23136357,1.1342326577528183,0.9268692645368621,,
3821,UNCHS036813,1.2196891423473062,0.9292665665199868,,
3822,UNCHS036814,1.3113791805901656,0.8918127423404308,,
3823,UNC23136821,1.3579195923621228,0.9699131753588165,,
3824,UNC23137499,1.3682325567906446,0.9963125740218854,,
3825,JAX00367007,1.3749495696802114,0.8861968009106418,,
3826,UNC23138093,1.3787876203564338,0.7419372723687657,,
3827,UNC23138538,1.3838636432074054,0.9857362246766872,,
3828,UNCHS036815,1.5569409782274306,0.8369122125037232,,
3829,UNC23139260,1.4465097096508543,0.8723044998032413,,
3830,UNC23139274,1.4464507860623144,0.9624512219220516,,
3831,UNCHS036816,1.4464033015601672,0.9345126204246424,,
3832,UNC23139486,1.4460479624654,0.8139195820931954,,
3833,UNC23139744,1.4467435242422653,0.8043000646786279,,
3834,UNC23139910,1.4472204887285898,0.9047915088363413,,
3835,UNC23139998,1.4473181971884514,0.8964289642285125,,
3836,UNC23140020,1.4473547234192665,0.9816264279312391,,
3837,UNC23140147,1.4477735878026579,0.9245055089306039,,
3838,UNC23140195,1.4478947833938491,0.749508672447381,,
3839,UNCHS036817,1.4479408761646937,0.8307506146630961,,
3840,UNC23140339,1.4227754685625769,0.7986212549790946,,
3841,UNC23140386,1.4230741886917713,0.7687978055460579,,
3842,UNC23140412,1.4233331090774755,0.8666228522484225,,
3843,JAX00047903,1.4233964038883187,0.6493611385609391,,
3844,UNC23140448,1.423639434864981,0.8263861199092426,,
3845,UNC23140532,1.4240040932379543,0.8665184799113492,,
3846,UNC23140560,1.4241270744514622,0.6446375197479562,,
3847,UNC23140641,1.4244941618312623,0.9181468877703806,,
3848,UNC23140810,1.4344435018133481,0.8846313510032179,,
3849,UNC23140899,1.4176189664119647,0.8893135406718488,,
3850,UNC23140986,1.585239405585071,0.8511404234087337,,
3851,UNC23141146,1.849529306020031,0.8047738825933344,,
3852,JAX00367067,1.8695165947758596,0.6617637363829688,,
3853,UNCHS036819,2.883846769459751,0.6427985039485266,,
3854,JAX00367079,2.9057111997760785,0.48881073188861557,,
3855,UNCHS036820,2.943985587648058,0.5946411399583524,,
3856,UNC23142409,3.38980903654101,0.4752834903575527,,
3857,JAX00367099,3.347708194132565,0.5748354135236295,,
3858,JAX00367111,3.2582035928905952,0.4665318475861854,,
3859,UNCHS036821,3.2556496196355056,0.5690668506960594,,
3860,UNCHS036822,3.2526743777418687,0.47663982132656557,,
3861,JAX00367115,3.2492377947135083,0.39276429011397246,,
3862,JAX00367120,3.2494374822458667,0.4625982439671687,,
3863,JAX00367130,3.2460173398146708,0.5208198559071379,,
3864,UNCHS036825,3.2642145505496956,0.6694292450137447,,
3865,UNCHS036826,3.046259073930969,0.6558473596040545,,
3866,UNC23145675,3.053954068874191,0.5608066358692748,,
3867,UNC23146461,3.293860059329745,0.6234065788359602,,
3868,UNC23147683,3.01417939955536,0.49026434893268056,,
3869,UNC23148585,3.031844613222347,0.6464167414353215,,
3870,JAX00047934,3.062293903128875,0.7092767161075877,,
3871,JAX00367173,3.1592367441717215,0.5144433667191883,,
3872,UNCHS036829,3.272580532518532,0.705221980540608,,
3873,UNC23149996,3.1680533483959152,0.5795890339484081,,
3874,UNCHS036830,3.1678337449452556,0.4415344359790189,,
3875,UNCHS036831,3.248341011792945,0.7367877833425547,,
3876,UNCHS036832,3.2628831756619547,0.48352164092196726,,
3877,UNC23150893,3.2041548790762135,0.687085562283184,,
3878,UNC23152838,2.7698722794134483,0.5656421978937649,,
3879,UNCHS036833,2.7335496640473593,0.8106171984186137,,
3880,JAX00367211,2.5275789903148507,0.7930143907309891,,
3881,UNC23153916,2.517515240118655,0.45173086955929576,,
3882,JAX00047955,2.5178074264838415,0.5117589812374104,,
3883,UNC23154863,2.563381519300492,0.515406359721563,,
3884,JAX00367245,2.5865285363265684,0.7648224784266977,,
3885,UNC23155584,2.6438440480972076,0.44244670735918773,,
3886,JAX00367254,2.7830253372374045,0.5650798641844135,,
3887,UNCHS036835,2.825497065990703,0.637281923137663,,
3888,UNCHS036836,3.1622056392370723,0.4097509206504672,,
3889,UNC23156095,3.1958045103190216,0.6285931776346372,,
3890,UNC23156915,3.0596933154092767,0.5352207796375499,,
3891,UNCHS036837,3.0128859273524995,0.5171536271299667,,
3892,UNCHS036838,3.0116692738320125,0.4908552292190131,,
3893,JAX00047970,3.0115536803457417,0.4841482260122671,,
3894,JAX00367290,3.013846996045686,0.6315821599774193,,
3895,JAX00367292,3.013687721948827,0.765576450981249,,
3896,UNC23158201,3.0141837564585785,0.512455984969309,,
3897,UNCHS036839,3.0142899082645727,0.8172394072754812,,
3898,UNCHS036842,3.0146303069607256,0.5492058624278063,,
3899,UNC23158576,3.0167897534013264,0.4939577982541506,,
3900,UNC23158895,3.0167142396737745,0.8428092501347724,,
3901,JAX00047983,3.0167962785376403,0.43752228019352735,,
3902,UNC23159097,3.0168228519041804,0.6835587399600516,,
3903,UNC23160099,3.0154297983631295,0.6788933487867298,,
3904,UNC23160443,3.012888836955881,0.8211630761583323,,
3905,UNC23161052,3.0087021463768906,0.5599102087750626,,
3906,UNCHS036845,3.007111501693771,0.45712611471152764,,
3907,UNC23161544,3.0044239180140266,0.7773568767504958,,
3908,JAX00367335,3.000923193765857,0.8443272183385762,,
3909,UNC23162128,2.997556423928472,0.46575267694486744,,
3910,UNCHS036847,2.9974813799935873,0.5648189442879651,,
3911,UNCHS036850,3.0072025071362987,0.6154461182741593,,
3912,UNC23162533,3.0062940456555225,0.5348135542335772,,
3913,JAX00048003,2.9943265607391822,0.607920365280954,,
3914,UNC23163327,3.0298098003172527,0.588973856895945,,
3915,UNCHS036851,3.1373091176039907,0.6004818331993252,,
3916,UNCHS036852,3.1425308055763708,0.5245707153148345,,
3917,UNC23164639,3.206601865376797,0.533687762437302,,
3918,UNCHS036853,3.2340772958500565,0.5129019568340848,,
3919,UNCHS036854,3.53484664398502,0.5968488354036495,,
3920,UNCHS036855,3.608046202675041,0.5909488458713411,,
3921,UNCHS036856,3.6205588762652496,0.6684034493906847,,
3922,UNC23165195,3.627380839664056,0.417786938230418,,
3923,UNC23165642,3.6653759425855696,0.4097970453414145,,
3924,UNCHS036857,3.673091386462147,0.5183024087456911,,
3925,JAX00367387,3.6754582344642586,0.35070897899139264,,
3926,UNCHS036858,3.6762517682022917,0.40623931469060603,,
3927,JAX00367392,3.716820434555075,0.43144736312231735,,
3928,UNCHS036859,3.721202492898101,0.5215138213147137,,
3929,UNCHS036860,3.7242806543149527,0.3115333604412748,,
3930,UNC23166569,3.728151760966057,0.48476448024932733,,
3931,c13.loc97,3.7656673304827564,0.3858402996238956,,
3932,UNC23167127,3.7816979001381696,0.29229708246156616,,
3933,JAX00367405,3.779763894029884,0.48456971578123,,
3934,UNC23168764,3.759540325876742,0.337030956842395,,
3935,UNC23169060,3.8069080210177617,0.38665626751079196,,
3936,UNC23169709,3.894303410940438,0.49579351015928963,,
3937,JAX00203789,3.9398977535865924,0.5022722333188523,,
3938,UNC23170723,4.058499109515196,0.33582919595017047,,
3939,UNCHS036861,4.079652934872229,0.2959266753632709,,
3940,UNCHS036862,4.082841404979035,0.3217882752913594,,
3941,UNC23171170,4.091933627102435,0.24445968717011002,,
3942,UNCHS036863,4.089226055913969,0.26474106242065953,,
3943,UNCHS036864,4.086846567142402,0.36690867372229763,,
3944,UNCHS036865,4.0966217109582885,0.45092737052886206,,
3945,JAX00367472,4.094335283503369,0.3778773439591734,,
3946,JAX00367480,4.09549323300962,0.4340696795758501,,
3947,JAX00367484,4.083842881353348,0.4196926933914211,,
3948,UNC23173028,4.091532980843567,0.4163925590128697,,
3949,UNC23174323,3.9364113066137634,0.32643857461628073,,
3950,JAX00367513,3.861314910560168,0.46065632139541013,,
3951,UNC23174982,3.855851228663596,0.7302225009729554,,
3952,UNC23175575,3.7312362771972403,0.5885655858622162,,
3953,UNC23176136,3.4478694020026524,0.3293190749762003,,
3954,UNC23176651,3.237904570583396,0.5324260150054434,,
3955,UNC23177355,2.934507964391287,0.750388382137823,,
3956,UNC23177526,2.895787602165683,0.8440024400953254,,
3957,UNC23178239,2.878001055279128,0.655488605079807,,
3958,UNC23178936,2.8555825831854236,0.649877682484058,,
3959,JAX00367577,2.1863222781385048,0.7154768990485706,,
3960,UNCHS036868,2.047249774471311,0.8467654335236885,,
3961,UNC23179863,2.0440537207655325,0.7674166178727074,,
3962,UNC23180029,2.0413493007399666,0.7562243208298745,,
3963,UNC23180744,2.0354651164363986,0.9127095578413466,,
3964,UNCHS036869,2.029328519606679,0.7577078430617801,,
3965,UNCHS036870,2.031526608387594,0.9029143533559065,,
3966,UNC23182123,2.0314823553262613,0.9090708304884061,,
3967,UNC23183351,2.0517648567215474,0.7903012860175583,,
3968,UNCHS036871,2.059882559661901,0.6524191911786017,,
3969,UNC23184134,2.0664184032652884,0.9472264855403945,,
3970,UNCHS036872,2.0695273378507864,0.8658576112981622,,
3971,UNC23185084,2.197548259598534,0.8453423432684251,,
3972,UNC23185297,2.314332563941207,0.7831156811312983,,
3973,JAX00203812,2.6018517792988405,0.5731756920147635,,
3974,UNC23186019,2.6113722124284777,0.6139326660789018,,
3975,JAX00367674,2.6403610005422706,0.8086401279776141,,
3976,JAX00048112,2.682525065245727,0.5356561694632285,,
3977,UNC23186465,2.75518039832059,0.7348534549221816,,
3978,JAX00367696,3.2429197857468353,0.498258268496617,,
3979,backupUNC130172954,3.2687461405243994,0.5005675068089968,,
3980,UNC23187867,3.315796888746945,0.29226977786895963,,
3981,UNCHS036873,3.3478693439935796,0.5005696145074141,,
3982,UNCHS036874,3.363357106917192,0.6304816906937704,,
3983,UNC23188382,3.41683968257621,0.43888494210770335,,
3984,JAX00367705,3.422515778785055,0.5110922420853968,,
3985,UNC23188636,3.475457891697488,0.428500129127536,,
3986,JAX00367710,3.484624079664627,0.36235615416621897,,
3987,UNC23188794,3.516372636098822,0.4161927394261158,,
3988,UNC23189502,3.665140909153479,0.4747860455320942,,
3989,UNC23189693,3.6633508447660006,0.396174253120346,,
3990,JAX00048130,3.6476329375373098,0.4378661987515788,,
3991,UNC23190750,3.675292604853439,0.3682239914880542,,
3992,UNCHS036875,3.687173298367952,0.4475322679390184,,
3993,UNCHS036876,3.216824689956411,0.417290690978585,,
3994,UNC23190963,3.1613369334941126,0.6821391385179977,,
3995,UNCHS036877,3.181528215145363,0.35099944821326395,,
3996,UNCHS036878,3.1866479804043593,0.6632201738175163,,
3997,UNC23191495,3.2088633649821077,0.7150210138087897,,
3998,UNCHS036879,3.390233546481568,0.5287916746049464,,
3999,UNC23191946,3.389356048753143,0.47374016916125583,,
4000,UNC23192112,3.3911220847974164,0.5143339410910616,,
4001,JAX00367749,3.391208147466614,0.44265336177821424,,
4002,UNC23192308,3.3932283556141556,0.45186332284940717,,
4003,UNC23192585,3.3951512731937328,0.4304666574102897,,
4004,JAX00048145,3.3957989601258305,0.40439930677095975,,
4005,UNC23192787,3.3969045818494124,0.3741815715105461,,
4006,UNCHS036881,3.3973372510024547,0.5595482785231647,,
4007,UNC23193015,3.398572215261538,0.26959339816081795,,
4008,UNC23193172,3.4021773541344373,0.4833267996746317,,
4009,JAX00367763,3.404773515245097,0.6372330445859558,,
4010,UNC23193461,3.410540867701002,0.5268720025866248,,
4011,UNC23193931,3.4213369512813188,0.38717342029018076,,
4012,UNC23194768,3.406486835908254,0.5893919334885462,,
4013,UNC23195121,3.4072607376099313,0.5427689314925586,,
4014,UNC23195520,3.4078734085601354,0.3946216788451371,,
4015,UNCHS036883,3.4094317893889183,0.3267226384071039,,
4016,UNC23196628,3.4132669464138417,0.3623933743793925,,
4017,UNCHS036885,3.4169629494758738,0.4574628315518199,,
4018,JAX00367814,3.6580460933432732,0.3915986955031843,,
4019,UNCHS036886,3.758120247515535,0.47839949412510296,,
4020,UNC23196988,3.758287980626392,0.43325119208771457,,
4021,UNC23197501,3.7616186485042817,0.5936787564876085,,
4022,c13.loc99,3.76214063395787,0.28662217782945926,,
4023,UNC23197849,3.7626665082214004,0.46085591628287154,,
4024,JAX00203829,3.7617438182433034,0.3810594167517717,,
4025,UNC23198194,3.7501620273046683,0.3345557824340057,,
4026,UNC23198418,3.7371067847602717,0.467727551523315,,
4027,UNC23198978,3.7514383338848347,0.6229201450296937,,
4028,UNCHS036887,3.7444884451010694,0.5011801236138017,,
4029,UNCHS036888,3.7146773605588805,0.40026514936556407,,
4030,UNC23199751,3.539277075014752,0.35584303714166343,,
4031,JAX00367845,3.3471053683128957,0.45247663118382625,,
4032,UNCHS036889,3.3356808884859674,0.46942228038932315,,
4033,UNCHS036891,3.321885125269091,0.5440920475935851,,
4034,UNCHS036890,3.3195058183409856,0.43657098157220914,,
4035,UNCHS036892,3.2680389214551724,0.6856230159832584,,
4036,UNC23200103,3.258286151168022,0.42641916246600803,,
4037,JAX00367851,3.051341399200055,0.8208512812921833,,
4038,UNC23200406,3.010932195367559,0.7240096487595592,,
4039,JAX00048185,3.0107398329273565,0.6384622351284123,,
4040,UNC23200993,3.011946016116781,0.5668291822610358,,
4041,UNC23201363,3.0174759818939947,0.5869063873679983,,
4042,UNC23201733,3.028181345155417,0.6651000927713591,,
4043,UNC23201878,3.1503889725622685,0.5908869622690099,,
4044,UNCHS036895,3.3184441109465297,0.45148457258164565,,
4045,UNCHS036896,3.338263568465891,0.5157173975883663,,
4046,UNC23202280,3.408819696728415,0.5784048445772676,,
4047,UNCHS036897,3.4663863394971486,0.42282017243796577,,
4048,UNCHS036898,3.4532657509121236,0.5312895808594253,,
4049,UNC23202953,3.398705051223942,0.5271610328426571,,
4050,UNC23203315,3.3566112456005612,0.6181991595031846,,
4051,JAX00367892,3.353706170487385,0.3294090179959678,,
4052,UNC23203595,3.303984676444088,0.49166405021619447,,
4053,UNCHS036899,3.1149999066619785,0.48271766036160524,,
4054,UNCHS036900,3.1058298912669215,0.5401628285213743,,
4055,UNC23204123,3.130244030341373,0.5475780508150289,,
4056,UNC23204455,3.30112627042854,0.6355046945824395,,
4057,UNC23204733,3.3530039977306387,0.5857512593005704,,
4058,UNCHS036901,3.394941028968333,0.414333753187081,,
4059,UNC23205567,3.727609265710271,0.30475262825546706,,
4060,UNC23205880,3.65330417209816,0.4544489560136769,,
4061,UNC23206414,3.6175841463218603,0.3912346537105724,,
4062,UNC23207369,3.6473143594262183,0.33671736181240386,,
4063,JAX00367953,3.6586772991074668,0.5459671440086363,,
4064,UNC23208101,3.6683435278591787,0.37950434373648906,,
4065,UNC23208647,3.6688600954566937,0.6614564789650149,,
4066,UNC23209165,3.667743165884758,0.35962725955783265,,
4067,UNC23209559,3.6324456247632497,0.47761228505160735,,
4068,UNC23209882,3.6051625882980716,0.48716319018850723,,
4069,UNC23210325,3.3817511660049604,0.545451607591579,,
4070,JAX00367989,3.080224090003867,0.5583168090153166,,
4071,UNC23210806,3.075745128951894,0.5221434727770629,,
4072,UNCHS036903,3.0678942107683724,0.429425973859436,,
4073,UNCHS036904,3.107598717972678,0.5815487463639798,,
4074,JAX00367993,3.1072507400990617,0.6147187622661389,,
4075,JAX00367998,3.107082662623043,0.7067572519390932,,
4076,UNC23211301,3.106948774663806,0.5429639286767239,,
4077,UNCHS036905,3.1068020509433154,0.5354866027255234,,
4078,UNCHS036906,3.1063335209437355,0.4600367124108345,,
4079,UNC23211775,3.106472812158927,0.3773341772318183,,
4080,UNC23212223,3.1070083255599457,0.39459207688608255,,
4081,UNCHS036907,3.106957583721396,0.49295015029407796,,
4082,UNCHS036908,3.106866458160084,0.40459598252720824,,
4083,UNC23212484,3.1068082812601006,0.5889516957048845,,
4084,JAX00368011,3.106646884615884,0.7435454079646168,,
4085,JAX00048236,3.1060024127293673,0.6130473121536549,,
4086,UNC23212661,3.108535166643833,0.651530125930463,,
4087,UNC23212879,3.1055553552166657,0.7077131207962528,,
4088,UNC23213046,3.146797954467729,0.6030765309520918,,
4089,UNC23213209,3.217508208281288,0.3660536257612033,,
4090,UNCHS036912,3.3154983263714257,0.5202030636283522,,
4091,UNCHS036913,3.3189593033137044,0.4728153028885211,,
4092,UNC23213873,3.361779153387488,0.36190528150903406,,
4093,JAX00368032,3.3825618014880092,0.4091428362504355,,
4094,UNCHS036915,3.4044638513692007,0.7183378097864365,,
4095,UNCHS036916,3.4128059071283587,0.6120109594596513,,
4096,UNCHS036917,3.4132334096082104,0.4698780344756557,,
4097,UNC23214584,3.402836616226068,0.5749656094791677,,
4098,UNC23214775,3.5693178084284227,0.5704512778771927,,
4099,UNCHS036921,3.6031662249345118,0.5923894508196282,,
4100,UNC23214938,3.7102942234776037,0.6728195988077703,,
4101,UNCHS036926,3.8058376803046485,0.34472244721604933,,
4102,UNC23215044,3.805927235995341,0.4203874831905291,,
4103,UNC23215166,3.798574214984228,0.49060315055114473,,
4104,JAX00368063,3.792788373671101,0.32003766598348804,,
4105,JAX00048262,3.8041323949857997,0.4577509186139639,,
4106,UNC23215554,3.805586033755162,0.4413252630377476,,
4107,UNC23216125,3.7813610551434067,0.37049149847824625,,
4108,JAX00368088,3.7633520684316863,0.47085128724653,,
4109,UNC23216525,3.769869365725299,0.4322144272581255,,
4110,UNC23217642,3.6297024563741616,0.4967544511972215,,
4111,UNC23217813,3.545466490699937,0.47244938326493324,,
4112,UNCHS036931,3.5058272889853015,0.5562153514841234,,
4113,UNCHS036932,3.492606389170078,0.2949851634229816,,
4114,JAX00368104,3.474749496322829,0.49804457707550776,,
4115,UNC23218207,3.430319139153198,0.3993911067794092,,
4116,JAX00368108,3.409834791334106,0.46746015982758776,,
4117,JAX00368110,3.39364790543209,0.3632205663095302,,
4118,UNC23218600,3.384084460888289,0.4349893116803247,,
4119,UNC23218776,3.3459652413337153,0.4001333040443102,,
4120,UNCHS036934,3.2623226406440153,0.568419717132096,,
4121,UNC23219066,3.2539643927605084,0.7159288762290847,,
4122,JAX00368130,3.2351117472967417,0.687205098410282,,
4123,UNC23219651,3.2308770237345925,0.3129291045208867,,
4124,UNCHS036935,3.224987396411052,0.46755442854712476,,
4125,UNCHS036936,3.2226110983888248,0.308164162711091,,
4126,UNC23220027,3.217317516134699,0.625476438373895,,
4127,backupUNC130355779,3.5225419478583717,0.5539016255717838,,
4128,UNC23220830,3.7252188566458244,0.3259237829688722,,
4129,UNC23221068,3.7170531434790064,0.40201480762139863,,
4130,UNCHS036937,3.709274467659725,0.6306543491797434,,
4131,UNCHS036938,3.708198960906202,0.3253715866684245,,
4132,UNCHS036940,3.716040555397967,0.527204315004036,,
4133,JAX00368162,3.7199205140423146,0.29373232530721627,,
4134,JAX00368172,3.6659948668911966,0.4781825090903877,,
4135,UNC23222980,3.6553289098499135,0.4189696602741406,,
4136,UNC23223302,3.631735356827676,0.46651761342302356,,
4137,JAX00368187,3.6203968249756144,0.5096498609410905,,
4138,UNC23223639,3.6199254922898945,0.6026975147915193,,
4139,UNC23223805,3.605940798735446,0.44809529675867366,,
4140,UNCHS036941,3.638692649104769,0.7143202958932388,,
4141,UNCHS036942,3.647515438630762,0.3589704289836768,,
4142,UNC23224121,3.650715054051261,0.6689608991512177,,
4143,UNC23224366,3.66311682919536,0.45241836357520027,,
4144,UNC23224926,3.6926958920057587,0.3487984081359155,,
4145,UNC23225449,3.5894800948883585,0.3974046586441402,,
4146,UNCHS036943,3.571585224589853,0.48453088765239033,,
4147,UNC23225658,3.5491238076151603,0.3782310310013334,,
4148,UNCHS036944,3.6185968488309754,0.34884776125424094,,
4149,UNC23226115,3.9923262383231304,0.30606233057458,,
4150,JAX00368212,4.11409967428267,0.5953433686337062,,
4151,JAX00368217,4.135390780376838,0.3602132320464252,,
4152,UNCHS036945,4.156483062549796,0.3782578309239995,,
4153,UNC23226522,4.169390622346555,0.3369698123145583,,
4154,UNCHS036946,4.175281459109328,0.2609333340341181,,
4155,B6_rs3702296,4.237504926297788,0.4310238359453091,,
4156,UNC23227133,3.993921224203177,0.36358534051765035,,
4157,UNC23227452,3.6782900525938658,0.37338242500686697,,
4158,UNCHS036948,3.6221654168439272,0.39252240201967714,,
4159,UNC23227721,3.6307009655206457,0.32885222797344005,,
4160,UNC23228007,3.752312732430937,0.4112741431755076,,
4161,UNC23228208,3.5417583444459524,0.5330658174781948,,
4162,UNCJPD008566,3.516694794762998,0.4697456969697086,,
4163,UNC23228706,3.4673351345641095,0.4337827737518063,,
4164,UNC23229045,3.4896593485473204,0.4266734471882323,,
4165,JAX00368261,3.5051350400465253,0.5658841647118009,,
4166,UNC23229358,3.5155132343491005,0.654486249605565,,
4167,UNCHS036951,3.5193956658483785,0.4276541246884408,,
4168,UNCHS036952,3.52851211974712,0.45208861563701364,,
4169,UNC23229557,3.5477399156679894,0.5430605330833341,,
4170,JAX00368265,3.449219419592282,0.35366688599240914,,
4171,UNC23229842,3.6845611732480847,0.45088658044037744,,
4172,UNCHS036953,3.793714841064684,0.40547226129462505,,
4173,UNCHS036954,3.797699146972718,0.4076348588829612,,
4174,UNC23230203,3.8146727852702043,0.5247607536130006,,
4175,JAX00368275,3.8223854937259603,0.4015542847602871,,
4176,JAX00368280,3.8505895641417283,0.46324123692973773,,
4177,JAX00368281,3.853002938663394,0.2527316726366854,,
4178,UNC23230515,3.8587930803810195,0.5610995782040238,,
4179,JAX00368288,3.924229840822136,0.5159692920780421,,
4180,UNC23230836,3.9240334101129974,0.28101666094426786,,
4181,UNC23231239,3.9081307207479767,0.37256858927257325,,
4182,UNCHS036955,3.9043234132905127,0.2973874454319425,,
4183,UNCHS036956,3.8301520180111766,0.45712131078807694,,
4184,UNC23231434,3.8138923026508564,0.3247995897956908,,
4185,UNC23231650,3.8023037656626,0.35133293575365393,,
4186,UNC23232040,3.805110763164066,0.44450438696821015,,
4187,UNC23232360,3.8070956289950573,0.3311310874818797,,
4188,JAX00368314,3.8077478506424995,0.44963118387012346,,
4189,UNC23232582,3.8079269470970303,0.42703682377445135,,
4190,UNC23232702,3.80071443453744,0.6027544118350471,,
4191,UNCHS036957,3.8382917126002667,0.3595096090143124,,
4192,JAX00368318,3.8865163849004603,0.37846779616046183,,
4193,UNCHS036958,3.8035438785334463,0.41153836038639796,,
4194,UNC23233027,3.759070754244931,0.5432909588363337,,
4195,UNC23233476,3.5452789950186343,0.5424046580293236,,
4196,UNC23233998,3.528072296680193,0.3652897050517376,,
4197,UNC23234086,3.524245244189615,0.4902190926898372,,
4198,UNC23234113,3.521515286244039,0.6768179523051581,,
4199,UNC23234132,3.5167877277801836,0.2822691497680326,,
4200,UNC23234166,3.5632488229953196,0.29452246897140894,,
4201,UNC23234221,3.298747326276498,0.5416923793796552,,
4202,UNCHS036959,2.309575235489092,0.47166498548999364,,
4203,UNC23234301,2.233445574218422,0.8082453314675359,,
4204,UNC23234326,2.2281019574825223,0.7546177881886417,,
4205,UNCHS036960,2.2268547846144884,0.528006135596026,,
4206,UNC23234353,2.2210661479025475,0.7938552983179636,,
4207,UNC23234366,2.2279614840615523,0.9169653873251188,,
4208,UNC23234418,1.8569314124404173,0.643742854456118,,
4209,UNC23234435,1.688498379356588,0.9603798866042087,,
4210,UNC23234473,1.674915569207542,0.8006091370936008,,
4211,UNC23234490,1.6704212730473955,0.8745463863209094,,
4212,JAX00368337,1.6673091457589635,0.991893569692419,,
4213,UNC23234531,1.663886040835905,0.7602343424178858,,
4214,UNC23234555,1.6610997188927286,0.8669683947491698,,
4215,UNCHS036961,1.6569707794619717,0.8398678673172333,,
4216,UNC23234627,1.65232210273507,0.8368121147759227,,
4217,UNCHS036962,1.6777225059267948,0.9217742343975851,,
4218,UNC23234663,1.6707204381418705,0.6973319715063457,,
4219,UNC23234707,1.655082953849842,0.7527726982325381,,
4220,UNC23234783,1.6196367521429238,0.7845955848685499,,
4221,UNC23234829,1.614484664167776,0.6966270638048687,,
4222,UNC23234899,1.6102375635255157,0.793154799337874,,
4223,UNC23234934,1.607426963105354,0.7820979995801757,,
4224,JAX00368343,1.6037592907005092,0.8030921059037504,,
4225,UNC23235038,1.5861251243941297,0.8412372902129425,,
4226,JAX00368354,1.4827526720462174,0.8146841348728397,,
4227,UNC23235558,1.4828222641235698,0.9263380101677491,,
4228,UNC23236109,1.4627082086456085,0.963506685736262,,
4229,UNC23236769,1.4345011686091311,0.9867415901682031,,
4230,JAX00368370,1.410954610934823,0.8463927037614496,,
4231,UNC23237520,1.4113807790499777,0.9087798325431885,,
4232,JAX00368375,1.4151043827459944,0.9821010850355342,,
4233,UNC23238004,1.4195837652300725,0.8394248861250693,,
4234,JAX00368381,1.4148796737767952,0.7102245134287849,,
4235,UNC23238308,1.4078401444669453,0.9710341390059806,,
4236,UNC23238748,1.3891448995404971,0.7981947112765508,,
4237,UNC23239183,1.3733530364684157,0.7377053145640753,,
4238,JAX00368400,1.3596184856360196,0.9440400262646358,,
4239,JAX00368403,1.3591527313030838,0.9279852938085964,,
4240,UNC23239853,1.3548548416601989,0.9982645378246047,,
4241,UNCHS036965,1.3520540662595977,0.8588382240462776,,
4242,UNCHS036966,1.3513124346645782,0.8695007639775374,,
4243,UNC23240224,1.3445467595042828,0.894440032143809,,
4244,UNCHS036967,1.3322078159517332,0.8410404856145282,,
4245,UNC23240731,1.498632370104815,0.7076799125951143,,
4246,JAX00368421,1.5033448686401698,0.8685091158325711,,
4247,JAX00048413,1.5035825977449804,0.9232809551490534,,
4248,UNC23241450,1.4953047522722045,0.9108462690829553,,
4249,JAX00048415,1.4953862382076295,0.950138619174772,,
4250,UNC23241875,1.4965170377581671,0.8890058189838663,,
4251,JAX00368464,1.5002302773052634,0.8315639786980858,,
4252,UNC23242933,1.5007586493568397,0.8596542349117252,,
4253,UNCHS036970,1.4416100352650574,0.7866916988558317,,
4254,UNC23243672,1.4340151575597702,0.9136369095462401,,
4255,UNC23243882,1.419120760824626,0.8370528768699924,,
4256,UNC23244161,1.4393553612546839,0.873636929705637,,
4257,UNCHS036971,1.4226086158571434,0.7457105779820062,,
4258,UNCHS036972,1.437601611620721,0.9002922684334038,,
4259,UNC23245146,1.4753676483228446,0.9033934931849015,,
4260,UNCHS036974,1.4749064132010972,0.6973812381500686,,
4261,UNC23245537,1.4801234972173916,0.9931806578665654,,
4262,JAX00368504,1.4839724786115767,0.9239233008038029,,
4263,UNC23246818,1.4614592086848006,0.8624063286572741,,
4264,UNC23247246,1.3825725640792825,0.921523946314404,,
4265,JAX00368530,1.3203905481823313,0.8979582597181875,,
4266,UNC23247705,1.3059209412176642,0.8273331656864936,,
4267,UNC23248363,1.1983923991629126,0.9508666612786298,,
4268,UNC23248826,1.302747632325918,0.8640233599531844,,
4269,UNCHS036975,2.293050478245732,0.6500619623508052,,
4270,UNCHS036976,2.535253553057373,0.6875835090988273,,
4271,UNC23249712,2.8787919982328276,0.6229090762933087,,
4272,UNC23249958,3.036248265516633,0.8803739089052525,,
4273,JAX00368575,3.0289235245404598,0.5351359419829708,,
4274,UNC23250172,3.0775308793017757,0.541661335792887,,
4275,UNC23250210,3.083917492677756,0.6175230341910402,,
4276,UNC23250331,3.098433309584834,0.65118387101771,,
4277,UNC23250465,3.1403169919753964,0.5668671284863851,,
4278,UNC23250698,3.210520607860417,0.4588419345321746,,
4279,UNC23250739,3.210674879182534,0.6047462950708303,,
4280,UNC23250813,3.220132221517133,0.7005066308670905,,
4281,UNC23250989,3.2301972966313315,0.5453709700670334,,
4282,UNC23251125,3.273434370218638,0.6447360424608735,,
4283,UNC23251258,3.2407189004129577,0.7266160778744469,,
4284,JAX00368593,3.2326129628074796,0.4803810690084521,,
4285,UNC23251292,3.1405133629336888,0.6381001842487548,,
4286,UNC23251414,2.8518911408491476,0.5574797885138598,,
4287,UNC23251471,2.735766312848682,0.639698896157069,,
4288,JAX00368599,2.6326025856014894,0.7694654779161845,,
4289,UNC23251652,2.631624958989505,0.5900889354033336,,
4290,JAX00368603,2.629941735024204,0.6552258585521634,,
4291,UNC23251740,2.6289053555451574,0.5501821545465824,,
4292,UNC23251814,2.6274297557756654,0.7040277702892431,,
4293,UNC23252043,2.6264053602167223,0.5793055580931716,,
4294,JAX00368612,2.631865655810543,0.9659783671729937,,
4295,UNC23252224,2.6542435651140295,0.5739282620538401,,
4296,JAX00368617,2.6808592229788246,0.8649407103592762,,
4297,UNC23252383,2.681286913702479,0.6400853432019074,,
4298,UNC23252456,2.700983283905316,0.7260404643382377,,
4299,UNC23252581,2.7301843486823145,0.4783547471031688,,
4300,UNCHS036977,2.731136048037797,0.6592440240144598,,
4301,UNCHS036978,2.7715878180022173,0.5556639465143306,,
4302,UNC23252773,2.76376527717548,0.5621035527412866,,
4303,UNC23252879,2.7493973810148873,0.7810100732691934,,
4304,UNC23253080,2.72501774701459,0.3859716152832627,,
4305,UNC23253239,2.6275781628305594,0.6686754408903806,,
4306,UNC23253347,2.546461434038747,0.6604888853805021,,
4307,UNC23253391,2.5039507052465524,0.8219984764020791,,
4308,UNC23253591,2.409436749403312,0.5791068662369869,,
4309,UNC23253694,2.475653660850867,0.7357793707642725,,
4310,UNC23253836,2.600154468740584,0.6084469864567246,,
4311,UNCHS036979,2.6062157396229395,0.5039405166768534,,
4312,UNCHS036980,2.5586305642764273,0.5712648750919455,,
4313,UNC23253941,2.5338000662111426,0.7133263725768602,,
4314,JAX00368658,2.5156563429573,0.7310023030805683,,
4315,UNC23254070,2.516137364699034,0.5069917478881517,,
4316,UNC23254450,2.5097187320398007,0.7345385428238793,,
4317,UNC23254562,2.507157219662986,0.8278451337339258,,
4318,UNCHS036981,2.50082906911598,0.8506182199955674,,
4319,UNC23255071,2.2471383508468534,0.8038612641772143,,
4320,UNC23255630,1.5878637623472969,0.6526139628221286,,
4321,UNC23256141,1.5454993726659723,0.9467457322574739,,
4322,UNC23256846,1.5202918976974615,0.8700189216281451,,
4323,JAX00368733,1.5219939545811485,0.9755425206154247,,
4324,UNC23257522,1.5698183000322388,0.8002840727118922,,
4325,JAX00368759,1.6242465751247437,0.7601632045459432,,
4326,UNC23259362,1.7102262047058048,0.857643165434679,,
4327,UNCHS036984,1.7159123685180475,0.8706552623839049,,
4328,UNC23259660,1.739963439123585,0.968106901671405,,
4329,UNC23260867,1.8430013767442688,0.627222859005105,,
4330,UNC23261447,1.8458190027618002,0.8890315388380545,,
4331,UNCHS036985,1.8448789521817162,0.8540020134743338,,
4332,UNCHS036988,1.897981257878655,0.7046408840741653,,
4333,UNC23262207,1.8612111988036304,0.9237800264823128,,
4334,UNC23262742,1.8705264217903732,0.6901540383514515,,
4335,UNCHS036989,1.8758735407022868,0.8071399378364685,,
4336,UNC23262933,1.882514917424487,0.7141498557325449,,
4337,UNCHS036991,1.8831624315007502,0.8057269250273574,,
4338,UNCHS036992,1.8831705259544833,0.8782673365101666,,
4339,UNCHS036993,1.883603383520267,0.720149995228785,,
4340,UNCHS036995,1.881574411397878,0.8167395299974956,,
4341,UNCHS036996,1.8814363189696905,0.6951285618620751,,
4342,UNC23263616,1.8814244841942127,0.8843158925163602,,
4343,UNC23264008,1.880293061374914,0.8378124772507816,,
4344,UNC23264676,1.8740777065927432,0.7323294771668212,,
4345,JAX00368902,1.8692365842803156,0.7191173946708559,,
4346,UNCHS036997,1.8681845736759897,0.8361541036611795,,
4347,UNCHS036998,1.8677450579307333,0.8311185654800142,,
4348,UNC23265533,1.8669083815757403,0.7889060202543321,,
4349,JAX00368916,1.8626116907712458,0.8945095352838445,,
4350,UNCHS036999,1.8520810636514398,0.9029850052396933,,
4351,JAX00368930,1.6352320273813348,0.6516785654014426,,
4352,UNCHS037001,1.629803379658597,0.7122655346497765,,
4353,UNCHS037002,1.6286608866721508,0.7495986285577569,,
4354,UNCHS037003,1.6993524189438176,0.9828838543777422,,
4355,UNCHS037004,1.70600577866594,0.654492143535574,,
4356,UNC23268059,1.7957465445601883,0.7779722246060626,,
4357,JAX00048549,1.7580828339644086,0.7520954507698236,,
4358,UNCHS037005,1.74896121089796,0.8416806333369072,,
4359,UNCHS037006,1.7441048499208591,0.8278249878276155,,
4360,JAX00368962,1.7378165552354403,0.9125586972910888,,
4361,UNCHS037007,1.7080554416938867,0.7081742357958654,,
4362,UNC23268664,1.689231658388053,0.8533168300781603,,
4363,JAX00368966,1.6511548225205388,0.9130273690261806,,
4364,UNCHS037010,1.626641933098199,0.7528055327205576,,
4365,UNCHS037011,1.608526089612269,0.778240047817088,,
4366,UNCHS037012,1.5844769405007355,0.7810507006179817,,
4367,UNC23269131,1.461084373833728,0.9238587683479593,,
4368,UNCHS037013,1.4532242646814666,0.7443843003471313,,
4369,UNCHS037014,1.4650554062809533,0.9394578420087676,,
4370,UNCHS037016,1.514733969222334,0.8952183772843743,,
4371,JAX00203935,1.5813315282696294,0.8635556031321362,,
4372,JAX00048559,1.5894407098976444,0.8546461856504768,,
4373,UNC23269983,1.7484660226605229,0.8148717827202894,,
4374,UNC23270526,1.8562411702205281,0.6728841059913506,,
4375,UNCHS037017,1.8781202082407162,0.8545747039696805,,
4376,UNCHS037018,1.8570414554396848,0.8882068906152102,,
4377,UNCHS037019,1.7718381944268913,0.8328840399113006,,
4378,UNCHS037020,1.7618246873851149,0.7303960204814521,,
4379,UNCHS037021,1.7832156642862174,0.9105991069039887,,
4380,UNCHS037023,2.0257407769329348,0.6501902774716646,,
4381,UNCHS037022,1.7906577782280237,0.7714759760355226,,
4382,UNCHS037024,1.7901847425523556,0.8859307572817378,,
4383,JAX00369010,1.7989221144557632,0.76335040124806,,
4384,UNCHS037025,1.794957831371903,0.9166041165619905,,
4385,JAX00048571,1.8006109731632023,0.6218662575969163,,
4386,UNC23271050,1.8111870612444818,0.7973094214814263,,
4387,UNCHS037026,1.8086361001624027,0.9985602369118761,,
4388,UNC23272000,1.9444650392565563,0.8742104725392877,,
4389,UNCHS037027,2.2147233877371946,0.6361290722393188,,
4390,UNCHS037028,2.2453794628124797,0.6751455091031913,,
4391,UNC23272554,2.384081873959076,0.9063701456225534,,
4392,UNCHS037029,2.3820603210656373,0.5612040233580396,,
4393,UNCHS037030,2.380815089523594,0.7215791839780525,,
4394,UNC23273037,2.389992235656564,0.7559921136326919,,
4395,UNCHS037031,2.397302061839355,0.6431777677448063,,
4396,JAX00369044,2.399293855057522,0.8339927200196013,,
4397,UNCHS037033,2.3997748224524003,0.6854244364276948,,
4398,JAX00369046,2.3998649175418905,0.45231836936465025,,
4399,UNC23273960,2.402008565050437,0.715058499122537,,
4400,UNCHS037035,2.4033362669374583,0.7676784873545776,,
4401,UNCHS037036,2.403574841581076,0.5383834449285424,,
4402,backupUNC130359831,2.406134161100681,0.5551434083871578,,
4403,UNC23275042,2.399979943178323,0.5688187744284631,,
4404,UNC23275835,2.385896397789793,0.5416912893677156,,
4405,UNC23277128,2.3633421799102052,0.8273355678861627,,
4406,JAX00369074,2.3581956783300484,0.7276371958589299,,
4407,UNC23277783,2.3519647870875815,0.699876520091628,,
4408,UNC23278639,2.3383772143458827,0.7749849098037346,,
4409,UNC23278990,2.327074809667238,0.6615567484839214,,
4410,UNCHS037037,2.3319930318716615,0.802511596440884,,
4411,UNC23279649,2.8017430390364098,0.49095883409491115,,
4412,JAX00048624,2.804994324146719,0.46905056852624216,,
4413,UNCHS037040,2.8065076154243798,0.6313405995189025,,
4414,UNC23280469,2.8088181399177756,0.6128468659156076,,
4415,JAX00048628,2.816749119906035,0.6380137131399456,,
4416,JAX00203958,2.8523173634830528,0.7446182290837619,,
4417,UNC23280927,2.8523017387644813,0.5679729836734648,,
4418,UNCHS037041,2.8542218935358505,0.6108353026696561,,
4419,UNCHS037042,2.8595104000701212,0.6507762680634912,,
4420,UNC23283015,2.8657970733008824,0.6450262857102729,,
4421,UNCHS037043,2.8745087381382746,0.6665525212704657,,
4422,UNCHS037044,2.8749186249012837,0.5191389151027658,,
4423,UNCHS037045,2.8768486305202714,0.7194013283418873,,
4424,UNCHS037046,2.877460297652533,0.6270268912167355,,
4425,UNC23284155,2.881502704381546,0.7314554452315238,,
4426,UNCHS037047,3.0719083279259394,0.6071876873974801,,
4427,JAX00369131,3.0840906323905983,0.41577732149339686,,
4428,UNCHS037048,3.090745715017647,0.4329542840492796,,
4429,UNC23284724,3.090120102713172,0.4531733948152133,,
4430,JAX00048652,3.0989732154034755,0.38798750194787907,,
4431,UNC23285977,3.106640643359924,0.5194870887707932,,
4432,UNCHS037049,3.1217514614259017,0.5330594487608699,,
4433,UNC23286821,3.12789615195652,0.4653040676486257,,
4434,JAX00369156,3.13502465728925,0.7318380557250069,,
4435,JAX00369159,3.135287465726151,0.4507838501898459,,
4436,UNC23287135,3.136855073908464,0.7310356084793999,,
4437,UNC23288333,3.14975352286865,0.5518978676220095,,
4438,UNC23289027,3.150823408643646,0.5543682049026708,,
4439,UNC23290963,3.148844188040812,0.634044631363599,,
4440,JAX00048679,3.1487855473442323,0.4744879263310039,,
4441,JAX00369194,3.1475636608602144,0.679978979414935,,
4442,UNC23292168,3.1164667654616096,0.43683673714474636,,
4443,UNCHS037051,3.1130380273930314,0.43611025854604846,,
4444,UNCHS037052,3.1097048923541024,0.5010804954264376,,
4445,UNC23292450,3.0920485682352137,0.4563451595045193,,
4446,UNC23293435,3.111039940009732,0.47107082506446657,,
4447,UNCHS037053,3.141825627162916,0.38159644005833165,,
4448,UNC23293982,3.3959759447388933,0.7302019094961075,,
4449,UNCHS037057,3.3285904791923713,0.49318101384470614,,
4450,UNCHS037058,3.300677265478498,0.4532841389520522,,
4451,JAX00369227,3.6398101202382804,0.381696987675247,,
4452,UNC23295246,3.817934044352569,0.5541733140349262,,
4453,UNC23295796,3.772037012113742,0.27796688675356085,,
4454,JAX00369247,3.751193069152123,0.30504945147429624,,
4455,UNC23296650,3.7472873476981476,0.5475043595928905,,
4456,JAX00048710,3.7465537280356784,0.3500011912032434,,
4457,UNC23296926,3.735451064412473,0.34851417821887337,,
4458,UNCHS037059,3.718398190758762,0.3472011440096209,,
4459,UNCHS037060,3.6553103794622075,0.48087120859838484,,
4460,UNC23298478,3.619534519255012,0.5376201518046766,,
4461,JAX00369279,3.6129087609037924,0.41740085074185423,,
4462,UNCHS037061,3.5890143304818594,0.5057534069563153,,
4463,UNCHS037062,3.640563151867809,0.502372995236544,,
4464,JAX00203982,3.614784110844994,0.5214582658092769,,
4465,UNC23299167,3.6113532694510013,0.44447135372856084,,
4466,UNC23299765,3.6064413837325446,0.5491150983463284,,
4467,UNC23300588,3.608478584744489,0.33292247304706846,,
4468,UNC23300739,3.6323536482377676,0.33820589684066354,,
4469,JAX00369329,3.6324666485111266,0.38916746701005933,,
4470,JAX00369337,3.6256268825759435,0.3184863818477435,,
4471,UNC23302131,3.5933729443618176,0.6041042489386965,,
4472,UNC23302624,3.5594304132582693,0.4788329192227617,,
4473,JAX00369346,3.5598402645846363,0.4973870433760451,,
4474,UNC23303262,3.5613104766725883,0.6078740025700411,,
4475,UNCHS037063,3.562181202243437,0.5303835698489577,,
4476,UNC23303917,3.583674011352514,0.35659787016313416,,
4477,UNCHS037068,3.600868230047354,0.5154440981299354,,
4478,UNCHS037070,3.6084303168167935,0.5736625086543342,,
4479,UNC23304533,3.6180395558103555,0.4864030526748477,,
4480,UNCHS037071,3.635267825015262,0.3733989520469192,,
4481,UNCHS037072,3.6262467435456074,0.3749244625454615,,
4482,JAX00048759,3.621580066797378,0.45793813876485706,,
4483,JAX00369379,3.3895349867225377,0.3220282584396777,,
4484,UNCHS037073,3.7614122205989133,0.4454091678789645,,
4485,JAX00369391,3.957475160422746,0.31967930293803326,,
4486,UNCHS037075,4.060783114239939,0.3395347585270606,,
4487,UNCHS037076,4.023831063726448,0.4928313974116731,,
4488,UNC23306168,3.9999807488477472,0.5437493087555947,,
4489,UNC23306526,3.980267580831196,0.34323919084220617,,
4490,c13.loc107,3.9663935248509006,0.2869358846485892,,
4491,UNC23307819,3.9755565238119743,0.22768317516383546,,
4492,UNC23308086,3.998092412852884,0.364236449167405,,
4493,UNC23308368,4.02947612131743,0.4375315315530252,,
4494,UNCHS037077,4.174490638482439,0.1665993684918286,,
4495,UNCHS037078,4.185147206536158,0.3665129758540845,,
4496,UNC23309651,4.462830167551147,0.31046587059399433,,
4497,UNC23309832,4.562415464047035,0.14630721153154944,,
4498,UNC23310109,4.567996343314917,0.29441734061329466,,
4499,UNC23310469,4.633437148588882,0.1737905870169607,,
4500,UNC23310809,4.6314783468349106,0.24334425790924494,,
4501,UNC23311111,4.632869998262777,0.3128691592125592,,
4502,UNC23311402,4.648056607381022,0.3241330335430818,,
4503,UNC23311768,4.791163882802039,0.22760992946371006,,
4504,UNCHS037079,4.743012434591492,0.3213767912694537,,
4505,UNC23311991,4.728491793980538,0.22907087346156338,,
4506,UNCHS037080,4.58829382318072,0.2462530322341092,,
4507,UNC23312535,4.787147615258618,0.2563684571884679,,
4508,UNC23313048,4.795710939590208,0.22657677643777133,,
4509,UNC23313221,4.79722849737982,0.2417781880849859,,
4510,UNC23313585,4.793686715758213,0.2869316295890636,,
4511,UNC23314197,4.792249383350054,0.270276259983109,,
4512,UNCHS037081,4.784657457292724,0.1730582127911692,,
4513,UNC23314367,4.765437805832335,0.2092604175315163,,
4514,UNC23314942,5.14230785483187,0.2674038363024367,,
4515,UNCHS037083,4.87798107076469,0.22673940676979962,,
4516,UNC23315534,4.8574494782978945,0.2502531311153879,,
4517,UNCHS037084,4.830319037949494,0.14773355839381502,,
4518,UNC23315800,4.812697481429268,0.31698428133519857,,
4519,UNCHS037085,4.80951723352473,0.24387722881179147,,
4520,UNCHS037086,4.807757232483482,0.27548359868544875,,
4521,UNC23315999,4.803396768782932,0.28872382328976665,,
4522,UNCHS037087,4.810374384586112,0.24552097214487673,,
4523,JAX00369546,4.829885637825782,0.30601044378254616,,
4524,UNC23316319,4.8380671298180005,0.22807419689384525,,
4525,UNCHS037089,4.8539847879392255,0.27144873494009675,,
4526,UNC23316798,4.868945243348435,0.18617168236870338,,
4527,JAX00369562,4.872152181856109,0.20357928296900427,,
4528,UNCHS037091,4.8793936977167505,0.22831611628413748,,
4529,UNCHS037092,4.614547500970502,0.24799302531332854,,
4530,UNC23317409,4.6198179674054245,0.1476868822802498,,
4531,JAX00369580,4.663425300163226,0.1550670513241428,,
4532,UNC23317840,4.754148357893428,0.20643307084254758,,
4533,UNC23317999,4.842395963022682,0.23637958446655927,,
4534,UNC23318590,5.4248903460490965,0.1752831659289958,,
4535,UNCHS037093,5.7117282145818535,0.2903114579793588,,
4536,UNCHS037094,5.768507955870291,0.14219996458426734,,
4537,UNC23319191,5.80780748409461,0.08736666385905027,,
4538,UNC23319737,5.798401312843225,0.11539223689481495,,
4539,UNC23320370,5.785549303054722,0.12482214396676002,,
4540,UNC23320477,5.77638284081786,0.12123207999759561,,
4541,UNCHS037095,5.71368169145876,0.202281877808183,,
4542,UNC23321068,5.7229665385893895,0.1639135922944852,,
4543,UNCHS037097,5.725622750754155,0.14013557301518423,,
4544,UNCHS037098,5.753603415697398,0.19711528097636832,,
4545,UNC23321570,6.029613443557309,0.08329348546348521,,
4546,UNCHS037100,6.031618964891095,0.13330323361659868,,
4547,UNC23323017,6.046564793650077,0.11683922700916928,,
4548,JAX00204026,6.064113776155409,0.18182154562026132,,
4549,UNC23323454,6.064636014981261,0.08037090577845649,,
4550,UNC23323985,6.060908652606258,0.07926898523270767,,
4551,JAX00369680,6.045072860622213,0.07707254990758318,,
4552,JAX00369697,6.033001346873789,0.08591268099927343,,
4553,backupUNC130192073,6.029120169193675,0.1208267616002515,,
4554,JAX00048868,6.035602868522801,0.09094998328330298,,
4555,UNC23326622,6.0363306424858365,0.15705530570234608,,
4556,UNC23326810,6.03897760835207,0.19363533508347058,,
4557,UNC23327350,6.047432283615308,0.11226844260987479,,
4558,UNC23327633,6.050898100367249,0.15466393975565834,,
4559,UNC23327835,6.052437963920056,0.08100487713658155,,
4560,JAX00369749,6.05098157260818,0.07943755885661433,,
4561,UNC23328498,6.040226722651596,0.07746308069155776,,
4562,UNC23329060,6.019792013688402,0.10220232485873686,,
4563,UNC23329842,5.739924900002052,0.12039035417039258,,
4564,UNC23330323,5.692365960639563,0.13798613248101635,,
4565,UNC23330858,5.672276497786015,0.12279331047635614,,
4566,JAX00048886,5.729176054017216,0.13265509385219207,,
4567,UNC23331338,5.728677620905728,0.16477687251561987,,
4568,JAX00048889,5.726682905822145,0.14945175542413383,,
4569,UNC23331617,5.712685403825617,0.2165576731788251,,
4570,UNC23332280,5.492775609821592,0.2070851136002459,,
4571,UNC23332715,4.860625743292758,0.16686427865666958,,
4572,JAX00369820,4.601797814136262,0.2383530440320986,,
4573,UNCHS037103,4.116995502974987,0.43089885044335113,,
4574,JAX00369829,3.9394102338701487,0.2979206686093494,,
4575,UNC23333335,4.1895871276647085,0.28796806523861984,,
4576,UNC23333658,3.841998359434456,0.30880287848592436,,
4577,UNC23334141,3.285370997789869,0.5538781837376414,,
4578,UNCHS037105,3.116379424598108,0.51827501183431,,
4579,UNCHS037106,3.0491303162727945,0.5700173175611524,,
4580,JAX00369838,3.0443629541248356,0.4890678938843661,,
4581,UNCHS037107,2.998824982583301,0.5380003749795471,,
4582,UNCHS037108,2.8638942597115147,0.7034553688435563,,
4583,backupUNC130365612,2.838853172383324,0.7069858242903554,,
4584,JAX00369844,2.7990176100481676,0.6390152446122925,,
4585,UNC23335101,2.8686747216356707,0.7352331972852302,,
4586,UNC23335517,2.823241911213472,0.6073869305511804,,
4587,UNCHS037109,2.866394339235285,0.609256117355129,,
4588,UNCHS037110,2.9151667224648463,0.6021051976533768,,
4589,UNC23335650,3.0520075988165445,0.7781069755737571,,
4590,UNC23336191,3.4591683380581344,0.40406445455812323,,
4591,UNC23336555,3.766537539695719,0.23099257498850384,,
4592,JAX00369870,3.7822451708875633,0.3689256922571834,,
4593,UNC23337086,3.788327847594246,0.33418593764885995,,
4594,UNC23337407,3.775301716069862,0.34676547337216124,,
4595,UNC23337733,3.724612806497589,0.4282231559323557,,
4596,JAX00369884,3.730620984711777,0.5047741084116597,,
4597,UNC23338391,3.752718681186934,0.43335823528365436,,
4598,UNC23338528,3.768689051526053,0.2948239708272123,,
4599,UNC23338584,3.765899315220395,0.378198608877973,,
4600,UNC23338639,3.7709462676000385,0.4883480108785396,,
4601,UNC23338718,3.932218537307108,0.3813115824268618,,
4602,UNC23338754,3.937324379655365,0.5415681939101785,,
4603,UNC23338877,3.9579331668396662,0.45239333849887803,,
4604,JAX00048926,3.966809326134353,0.6093233119665,,
4605,UNC23338972,3.9728660687510455,0.319951307741785,,
4606,UNC23339012,3.9984680181210024,0.2938085023803151,,
4607,UNC23339062,4.006416129949002,0.3252042277829638,,
4608,UNC23339123,4.017009046318435,0.370812842353083,,
4609,UNC23339232,4.031283381104458,0.356528663808666,,
4610,UNC23339264,4.040011925962972,0.29908906824813,,
4611,UNC23339331,4.051816906182012,0.324327952588705,,
4612,UNC23339380,4.063740772981419,0.4711258081611181,,
4613,UNC23339418,4.077764027338162,0.3552249531757408,,
4614,UNC23339433,4.087836446390838,0.3482713379101283,,
4615,UNC23339455,4.097837656510819,0.37262108795765103,,
4616,UNC23339513,4.164550016117573,0.24977325906074602,,
4617,UNC23339539,4.17168721624239,0.15884135764500035,,
4618,UNC23339591,4.179397476720851,0.46979397104336285,,
4619,UNCHS037111,4.197236659132614,0.4046797550019341,,
4620,UNCHS037112,4.20377361486203,0.32113689630477144,,
4621,UNC23339740,4.20297473793039,0.4008543160519598,,
4622,UNC23339789,4.201874744106135,0.29468075964814583,,
4623,UNC23339865,4.200747131049411,0.5312742523463373,,
4624,UNC23339979,4.199543049494878,0.2306474676617724,,
4625,UNC23340034,4.244204460914261,0.2953915134150346,,
4626,UNC23340090,4.293745834042056,0.3177459019825182,,
4627,UNC23340192,4.832253634819153,0.19070826086285322,,
4628,JAX00369912,9.454111855137853,0.010222791961035212,,
4629,UNC23340613,9.656475921634637,0.007673028493879582,,
4630,JAX00048935,9.842522315741462,0.0070918160768553146,,
4631,UNC23341158,9.926887550140691,0.006105971938599231,,
4632,UNCHS037113,9.742718331077867,0.003847531980759885,,
4633,UNCHS037114,9.733308512441681,0.0033786179871007965,,
4634,UNC131275408,9.55207336266335,0.007147325027559751,,
4635,UNC23342217,9.349422597420471,0.02239708181503885,,
4636,JAX00369956,9.354253292089197,0.010342462439301127,,
4637,UNC23342466,9.32561442924407,0.011460426990831562,,
4638,JAX00369970,9.2923849829765,0.010099353317657649,,
4639,UNC23342918,9.265526502094872,0.01150411844087926,,
4640,UNC23343315,9.135363531398298,0.01444557635917712,,
4641,JAX00369980,9.03722727181389,0.04665310992792324,,
4642,UNC23343633,8.912951662730393,0.018481903802789548,,
4643,UNC23344073,8.378910570389053,0.018694649473636995,,
4644,UNCHS037115,8.375978014859584,0.01651895171002692,,
4645,UNCHS037116,8.247821244405031,0.026868654858733857,,
4646,UNC23344507,8.110307996291567,0.056292015264676094,,
4647,JAX00369994,8.123633774157497,0.029280096086257104,,
4648,UNCHS037117,8.182243865815508,0.045294300924418926,,
4649,UNCHS037118,7.998167986873796,0.019498849297861096,,
4650,UNC23344973,7.515681571537243,0.03194680682074108,,
4651,JAX00370019,7.512159025433675,0.026231564425328403,,
4652,UNCHS037119,7.473240905829016,0.04148425036628382,,
4653,UNC23345813,7.4503007201424225,0.058313347535966197,,
4654,UNC23346411,5.962303090212572,0.08989091671890095,,
4655,UNC23346540,5.955890356201735,0.12949011473712985,,
4656,UNCHS037122,5.944045530996391,0.13893378786067673,,
4657,UNC23347203,5.937168059303531,0.11733986433224275,,
4658,JAX00048967,5.932392904953076,0.11996411541267589,,
4659,UNC23347668,6.436078158197688,0.08455716214749268,,
4660,UNC23347967,6.423030251020464,0.09416948369288158,,
4661,JAX00048973,6.418997448042319,0.09446403118853527,,
4662,UNC23348239,6.418106495307029,0.14674128688802224,,
4663,JAX00370105,6.5080472327440475,0.07946353812363488,,
4664,UNC23348623,6.505433657550384,0.06535120509070466,,
4665,UNC23349559,6.49287776457345,0.08904880077778615,,
4666,UNC23349904,6.484918597173419,0.05960248529832245,,
4667,UNC23350506,6.476182507261228,0.06830221014369756,,
4668,JAX00370140,6.472070147994373,0.08425795950952089,,
4669,UNC23351003,6.472187414701239,0.13062292668483508,,
4670,JAX00048988,6.466207509613014,0.08835881976630855,,
4671,UNC23351854,6.310417976610097,0.07036680724661301,,
4672,UNC23352223,6.306888828628871,0.05955294045789748,,
4673,UNCHS037123,6.304660279231484,0.08147579713734661,,
4674,UNCHS037124,6.283785034850553,0.1356570539357332,,
4675,UNC23352701,6.162800572920105,0.14468374805475068,,
4676,JAX00370189,6.162705724792886,0.1244420238882845,,
4677,UNC23353122,6.161451214382851,0.11988950512044924,,
4678,UNCHS037125,6.161354405019438,0.08975381908549741,,
4679,UNC23353610,6.159688622592057,0.13899730268362925,,
4680,JAX00204075,6.243022553273931,0.13452071375137947,,
4681,UNC23354516,6.2998625597977025,0.09037435612518727,,
4682,UNC23354822,6.335720379810937,0.08457292678826225,,
4683,JAX00370222,6.376255213409422,0.10495502855782468,,
4684,UNC23355436,6.378595009762421,0.11435506155859823,,
4685,UNC23356151,6.440882199445923,0.074734365393486,,
4686,UNC23356677,6.498430383624964,0.07403918351670122,,
4687,UNC23356858,6.497563291606866,0.14340302276888248,,
4688,UNCHS037127,6.70148988049732,0.07624932348085335,,
4689,UNC23356997,7.660255824410569,0.07558569816287809,,
4690,UNC23357098,7.339631422543334,0.04659151445065516,,
4691,UNC23357285,7.605975652452798,0.04083348390286842,,
4692,UNC23357409,7.600679513829164,0.052029666481446385,,
4693,UNCHS037129,7.672954592839915,0.02666544947067748,,
4694,UNCHS037130,7.426752775704472,0.02741132092399662,,
4695,UNC23357568,7.2682148016235715,0.029155314053461064,,
4696,UNC23357638,6.907908750266188,0.09436794290638228,,
4697,UNC23357967,6.828588599757495,0.04553744011795098,,
4698,UNC23358176,6.874751487208414,0.06406243934004918,,
4699,UNC23358461,6.921273102921987,0.07138248449745968,,
4700,UNC23358551,6.962735454602125,0.1657442951076704,,
4701,UNC23358751,7.005202749123555,0.07800016466749685,,
4702,UNC23359040,7.00867756177081,0.046231250820262165,,
4703,UNC23359317,7.08079669140966,0.04766397738773117,,
4704,UNC23359692,7.003248609220918,0.043353183923960606,,
4705,UNC23359885,6.90848295408,0.049325588059379755,,
4706,UNC23360084,6.715577210271704,0.074899363444457,,
4707,UNC23360380,6.471349432828447,0.07110006428563045,,
4708,UNC23360578,6.363427540446082,0.07688977084771571,,
4709,UNCHS037132,6.52347119944352,0.11438338081079678,,
4710,UNC23360955,6.459415965000517,0.08689296596243597,,
4711,UNC23361128,6.421567849169833,0.07616706871402944,,
4712,UNC23361407,6.331371454416967,0.13022916899324863,,
4713,UNC23361530,6.274434652012587,0.05193188898500368,,
4714,UNC23361784,6.272203889534012,0.07581371720618181,,
4715,UNC23361970,6.271293170866102,0.0780501819488514,,
4716,UNC23362233,6.272165203522945,0.07443901416217014,,
4717,JAX00370318,6.272439249065883,0.10135283289368426,,
4718,UNC23362460,6.272637762823024,0.0800971548043952,,
4719,UNC23362800,6.250338618139722,0.12297806245356796,,
4720,UNC23362853,6.250789301428767,0.0987686594544816,,
4721,UNC23363154,6.272798675994181,0.10123594364395484,,
4722,UNC23363288,6.282089149105104,0.15561127237694192,,
4723,UNC23363450,6.316977261322791,0.06160225719810983,,
4724,UNC23363613,6.341049431008059,0.14279295154775806,,
4725,UNCHS037133,6.343683549504931,0.06299152812766823,,
4726,UNCHS037134,6.369778856055063,0.05773133554160049,,
4727,UNC23364746,6.840409271838325,0.044017365087980764,,
4728,JAX00049045,6.842250907650623,0.08789004131093593,,
4729,JAX00049048,6.8898084695570105,0.05648563982584417,,
4730,UNC23365666,6.889743503975069,0.06711284828367217,,
4731,JAX00370379,6.982779826459819,0.09704381379548004,,
4732,UNC23366708,6.997340270802397,0.07797774317439907,,
4733,UNCHS037135,7.017108361825649,0.10028938984232,,
4734,UNCHS037136,7.019147407125502,0.04585149271252289,,
4735,UNC23367022,7.013871928091476,0.06896233707744982,,
4736,UNCHS037137,6.99641422956347,0.0630554732876923,,
4737,UNCHS037138,6.9993075580441655,0.06987546338581982,,
4738,UNC23367735,7.062701987551009,0.041902178527045926,,
4739,UNCHS037139,7.434586702638171,0.04725487041284249,,
4740,UNC23367962,7.463020026214963,0.07385696934572492,,
4741,UNCHS037140,7.473592009931508,0.04518271034238049,,
4742,JAX00049060,7.558342369010916,0.025777333474901604,,
4743,UNC23368622,7.560856676087724,0.033724852240369974,,
4744,UNC23369139,7.5667994417296995,0.058820067017090236,,
4745,JAX00049065,7.5740670734908235,0.054304104256475985,,
4746,UNC23369740,7.574275937241964,0.03462494277418401,,
4747,UNC23370095,7.577464506607839,0.04939620383545738,,
4748,c13.loc111,7.583409497409775,0.059217964844335814,,
4749,UNC23371492,7.5849869128715,0.050396699983704496,,
4750,UNC23371564,7.585957636948933,0.02392666233439793,,
4751,JAX00370455,7.590213217326436,0.040105555989622725,,
4752,JAX00370467,7.604216698316577,0.056711511657334616,,
4753,UNC23372852,7.597380492714592,0.04531762895001666,,
4754,JAX00370476,8.051639993570689,0.02765689385648387,,
4755,UNCHS037141,7.7207452322136305,0.030931593327426222,,
4756,UNC23374118,7.718485578411219,0.03445109973884077,,
4757,UNCHS037142,7.717315288289683,0.03668881279576701,,
4758,UNCHS037143,7.64040500307101,0.04713084202091638,,
4759,UNCHS037144,6.879348726946546,0.044435866734508,,
4760,UNC23374541,6.88830702888481,0.06920531127080373,,
4761,UNC23375592,7.084394617397493,0.047737329450846536,,
4762,UNCHS037149,7.0890151608921315,0.03656210919896038,,
4763,UNC23375979,7.090500691500893,0.05924618997096817,,
4764,UNC23376236,7.076685459051532,0.05874525752985456,,
4765,UNCHS037152,6.743977276938949,0.08469194808409414,,
4766,UNCHS037154,6.747729906714312,0.08945348935712605,,
4767,UNCHS037155,6.231413920100067,0.10793830429516683,,
4768,UNCHS037156,6.12445383395675,0.06834606658599279,,
4769,UNC23377569,6.464570291514747,0.15608161589067057,,
4770,UNC23378179,6.49523195489428,0.04609067759788582,,
4771,UNCHS037157,6.491909470168139,0.06793269227108838,,
4772,UNCHS037158,6.490787741692884,0.13321627834593147,,
4773,UNCHS037159,6.839605829649372,0.042373446720304554,,
4774,UNCHS037160,6.839228157705975,0.07749383667956425,,
4775,UNC23379358,6.811734311846976,0.04742054594892998,,
4776,UNC23379584,6.770322902779526,0.059476028811076,,
4777,UNC23380137,6.6814874225476615,0.06292677871836705,,
4778,UNC23380249,6.695092718892511,0.07141135609247345,,
4779,UNC23381243,6.832695499028887,0.06968999846894039,,
4780,UNC23381781,6.928074814507227,0.0830033989304916,,
4781,JAX00370568,6.995282436394973,0.037010193536351925,,
4782,UNCHS037163,6.999947525594962,0.05331557439652836,,
4783,UNC23382410,7.006466526747772,0.05608250208856129,,
4784,UNCHS037164,7.007639722356998,0.06045427383626028,,
4785,UNC23382954,7.285748397442376,0.0381445147864397,,
4786,UNC23383700,7.3175212633411775,0.04571892055987557,,
4787,UNC23384064,7.335558414650677,0.04673241903844319,,
4788,JAX00370598,7.9607940988337305,0.0231642732756856,,
4789,UNC23384844,8.352559071184487,0.027277620514901537,,
4790,UNC23385644,8.331430391425556,0.029543505993667084,,
4791,JAX00370627,8.428828246705052,0.026839717895688914,,
4792,UNC23386739,8.515369229953649,0.033716783668743935,,
4793,UNC23387369,8.347054633870812,0.05812456798912858,,
4794,UNC23388247,8.35198306345228,0.036469487481237226,,
4795,JAX00049146,8.29144157373753,0.015084762128354657,,
4796,UNC23389118,8.234450522111047,0.02538278856751121,,
4797,UNC23389194,8.27334803292797,0.01687371202188934,,
4798,UNC23390005,8.187206880726762,0.04206672097217616,,
4799,UNCHS037165,8.1722345653111,0.021288138988601973,,
4800,UNCHS037166,8.166188175297975,0.033695763383316105,,
4801,UNC23390759,8.094983160071934,0.025878821064980104,,
4802,JAX00049155,8.090461113448555,0.020426000912176348,,
4803,UNC23391508,8.125878109803807,0.04888404134407446,,
4804,UNC23391892,8.14613859536962,0.028323721021743138,,
4805,JAX00370715,8.07730726478735,0.0370880543860858,,
4806,UNCHS037167,8.039768294002897,0.051487496160386774,,
4807,UNCHS037169,7.591979338496458,0.06245564782685236,,
4808,JAX00370728,7.571317476465538,0.042212653788393444,,
4809,UNC23392526,7.570486866015244,0.04161107388282591,,
4810,UNC23392735,7.554443455892169,0.04920328892121552,,
4811,JAX00370729,7.568985653301297,0.06259294357600778,,
4812,UNC23393355,7.922080128391826,0.02757953888503935,,
4813,UNC23394014,7.096359039097251,0.07645247991240121,,
4814,UNCHS037171,6.660691728829079,0.06515024694248557,,
4815,UNCHS037172,6.503914955757182,0.05709992545309767,,
4816,UNCHS037173,6.264351865605022,0.06483482626189674,,
4817,UNCHS037174,5.924996799411474,0.2913201549583601,,
4818,UNC23394288,5.9554722947234495,0.11882126822705454,,
4819,UNCHS037175,5.964611288688502,0.09168582363809888,,
4820,UNCHS037177,5.985505796505322,0.07743899385983281,,
4821,UNCHS037178,5.991569553943464,0.1090864037516968,,
4822,UNCHS037179,5.992382337575691,0.14028066048385224,,
4823,UNCHS037180,5.968770487907477,0.07792293831715087,,
4824,JAX00370764,5.95650832571414,0.07138857778490479,,
4825,UNC23394824,5.855288727383595,0.16602581402868666,,
4826,UNCHS037181,5.17739628841764,0.14877701677661706,,
4827,UNCHS037182,5.574414210767372,0.114970269135849,,
4828,UNCHS037183,5.265118101034886,0.14969609370665365,,
4829,UNCHS037184,5.334479285038924,0.18084941504264748,,
4830,UNC23395585,5.386216551426287,0.13003601224671202,,
4831,JAX00370783,5.337925531310475,0.17509548885439843,,
4832,UNC23396053,5.319293132876737,0.14299131305515794,,
4833,UNC23396316,5.313603800105739,0.16348080366047504,,
4834,UNCHS037185,5.309331456612654,0.1534273528559397,,
4835,UNCHS037186,5.310353590449495,0.13572635032223446,,
4836,UNC23396698,5.313219686986713,0.19996198948019842,,
4837,UNC23397062,5.3318531709560375,0.0916355071790331,,
4838,UNC23397503,5.35503830671405,0.1562301418753314,,
4839,JAX00370810,5.353902106917076,0.14472059314650348,,
4840,UNC23397878,5.353308654257262,0.1785534836960741,,
4841,UNCHS037187,5.5801086247274725,0.16067167690265308,,
4842,UNC23398571,5.497429275804052,0.171078295501046,,
4843,UNCHS037189,5.382659577230243,0.18613379180033335,,
4844,UNCHS037190,5.742610768983013,0.23687112617223077,,
4845,UNC23399460,5.484943346615637,0.14687954656171762,,
4846,UNCHS037191,5.5117104963246675,0.15316202105871923,,
4847,UNCHS037193,5.503337682958318,0.10918987034910234,,
4848,UNCHS037192,5.503386670948203,0.2638084066009721,,
4849,UNCHS037194,5.537486737428026,0.20311200546303187,,
4850,UNC23399772,5.549363375290795,0.16718679558390703,,
4851,UNCHS037195,5.6121070687775045,0.21185394869157365,,
4852,UNC23400345,5.653683333362551,0.27384282385083314,,
4853,UNCHS037197,5.670484342704867,0.11262292293687362,,
4854,UNCHS037198,5.6774353818011605,0.1545488321872632,,
4855,UNC23400889,5.745566336733646,0.1551329782469184,,
4856,UNC23401451,5.7861382687701735,0.18352748836655078,,
4857,UNC23401949,5.783145857172485,0.1816985364086291,,
4858,UNC23402639,5.919762954262296,0.12209175283012708,,
4859,UNCHS037199,5.922466515751012,0.0816513097286058,,
4860,UNCHS037200,5.9269806511210845,0.11054207747142455,,
4861,UNC23403157,5.950473152536233,0.192401383944593,,
4862,UNCJPD005532,6.004485458888439,0.10130477565236813,,
4863,UNC23403512,6.0169322495594315,0.12641296419807824,,
4864,c13.loc113,6.085128230353348,0.09996348011560693,,
4865,UNC23405077,6.09124477603973,0.1403886194394623,,
4866,JAX00049225,6.095829692467305,0.14217854630133717,,
4867,UNC23405736,6.098439673947269,0.10339215566783594,,
4868,UNCHS037201,5.7194722144367915,0.21684731731111168,,
4869,UNCHS037202,5.728309161289189,0.2205446506014525,,
4870,UNC23406166,5.779045608752767,0.17750940063013135,,
4871,JAX00370894,5.807120601820543,0.1057608849438507,,
4872,UNC23408411,6.068417910704056,0.12037024674848279,,
4873,JAX00370912,6.0829268370002865,0.10304095637899714,,
4874,UNC23409060,6.077994103286528,0.14074835373891592,,
4875,UNCHS037203,6.075088140788921,0.12499241793749974,,
4876,UNCHS037205,6.269989422798517,0.09384938467284969,,
4877,JAX00370930,6.246447943695102,0.1004625194355914,,
4878,JAX00370932,6.24668730024905,0.14501268791421307,,
4879,UNC23410027,6.247041873342596,0.10248583210267596,,
4880,UNC23411578,6.254576689433179,0.10280808901944853,,
4881,UNCHS037207,6.2561419790270065,0.08622931191243034,,
4882,UNCHS037208,6.256820648246958,0.10056798147980507,,
4883,UNCHS037209,6.152915880814135,0.11887484432413264,,
4884,UNCHS037210,6.038036211012695,0.09700594861812141,,
4885,UNC23412992,6.42997315889761,0.0808103568687063,,
4886,UNCHS037212,6.5902377763304685,0.05947750190232775,,
4887,JAX00371000,6.3430378202010615,0.14043054037236508,,
4888,UNC23414170,6.345319410774209,0.06544454855990198,,
4889,UNC23414544,6.3434223381432275,0.06611037647792148,,
4890,UNC23415845,5.966801953032245,0.10840021835515773,,
4891,UNCHS037213,5.936570856933031,0.08797169632177386,,
4892,UNCHS037214,5.92667071932442,0.15769718978275604,,
4893,UNC23416873,5.78610418647304,0.06904432735222883,,
4894,UNC23417433,5.68541607410134,0.15389027409432476,,
4895,UNC23419104,5.175501481206311,0.26545361608808915,,
4896,UNCHS037217,5.22962820979501,0.23066938209877708,,
4897,UNCHS037218,5.23136314632211,0.14268398651906475,,
4898,UNC23420905,5.243073462796929,0.12025145373353555,,
4899,UNC23421786,5.282976444206724,0.21257576240203307,,
4900,UNC23422590,5.301777925698389,0.14446706352203223,,
4901,JAX00371118,5.2996100750046935,0.12110334898308706,,
4902,JAX00371129,5.3172698737209885,0.14701068646808096,,
4903,UNC23423374,5.317752174300267,0.0903806977438475,,
4904,UNC23423951,5.332311630602362,0.26266686965896324,,
4905,JAX00371166,5.367541119926955,0.1185792241833636,,
4906,UNC23425498,5.37207862748437,0.14587192680449745,,
4907,UNC23426237,5.481436809733623,0.15186929839305394,,
4908,JAX00371182,5.483240144550109,0.1238699457884983,,
4909,JAX00371189,5.488470437952856,0.15176394299368026,,
4910,UNC23426946,5.50375173613952,0.1851037236025152,,
4911,UNC23427650,5.2379337317102,0.13496660859290893,,
4912,UNC23428181,5.139238243274576,0.21127949147565828,,
4913,JAX00371218,5.0960095856489716,0.2659398746639398,,
4914,UNC23429136,5.092269162493267,0.21838112498431053,,
4915,UNC23429811,5.202965596748527,0.28004829420169836,,
4916,UNC23430506,5.286085966934934,0.14387223298264035,,
4917,JAX00049346,5.348782899141042,0.18351173271504465,,
4918,UNC23432034,5.404461313831689,0.24815692359179395,,
4919,JAX00371251,5.404857729791502,0.16123516896086135,,
4920,JAX00371257,5.4433274635007365,0.11181664624931935,,
4921,UNC23433513,5.474721065477297,0.21355679605076083,,
4922,JAX00371281,5.875701031759718,0.06463602737049502,,
4923,backupUNC130399514,5.895272715529472,0.09911400244345786,,
4924,UNCHS037220,5.895276204988022,0.09392290455502418,,
4925,UNC23436840,5.895375117024287,0.15726910377841508,,
4926,JAX00371305,5.996665369531911,0.08696426019984775,,
4927,UNC23438022,6.009608574032654,0.1732437417540603,,
4928,UNC23438686,6.002257822537331,0.07917743175198329,,
4929,UNCJPD005540,6.056958134832939,0.07244043135832359,,
4930,UNC23439482,6.209573542842918,0.10392494230800227,,
4931,UNC23440223,6.198825590998922,0.14534107805312482,,
4932,UNCJPD005541,6.131736799694636,0.0987645650949195,,
4933,UNCHS037224,6.130581226340382,0.13248177542243159,,
4934,UNC23442164,6.170995561467407,0.11353380575716841,,
4935,UNC23442491,6.226625488614445,0.12037928204921614,,
4936,JAX00049395,5.982433722967016,0.10152059161405415,,
4937,JAX00371347,5.751861137606738,0.17049925830208237,,
4938,UNC23443510,5.691545625084245,0.20701140019462314,,
4939,UNCHS037226,5.319024859674528,0.18207090741706333,,
4940,UNC23444060,5.549508534878441,0.08694162875873261,,
4941,UNC23444574,5.5546083757649285,0.23783298717569756,,
4942,JAX00049409,5.5385781381567085,0.1664921685521341,,
4943,UNCHS037227,5.350927090540154,0.13598381733187848,,
4944,UNCHS037228,5.456528701156458,0.1375662866327802,,
4945,JAX00049416,6.003791899940097,0.10108473176383392,,
4946,UNCHS037229,5.935388186484943,0.14306300654896562,,
4947,UNCHS037230,5.6856189000523045,0.12974183460178007,,
4948,UNCHS037231,5.63203204519391,0.15241127539715774,,
4949,UNC23446967,5.627791860608568,0.21069298345536489,,
4950,UNCHS037232,5.5610437194507085,0.20490890099495682,,
4951,UNC23447334,5.40409049572304,0.19243352873081637,,
4952,UNC23447715,5.278258767674288,0.1190204214837763,,
4953,JAX00371403,5.251007698841249,0.16956888503573983,,
4954,UNC23448202,5.220751880831813,0.13612610696173633,,
4955,UNCHS037234,5.2206505825904514,0.132093466800702,,
4956,UNCHS037235,5.219383320957149,0.14328886974592,,
4957,UNC23448412,5.21953313384256,0.25051092084038235,,
4958,JAX00049425,5.218731446070024,0.11527689768884915,,
4959,UNC23448616,5.223282108649528,0.25824621101952067,,
4960,UNC23448873,5.231057065523601,0.19050665647313839,,
4961,UNC23449478,5.269943274201978,0.17109866575582278,,
4962,UNC23449862,5.146731424487143,0.2093468220113716,,
4963,JAX00049436,5.1183252253727005,0.1854613632805322,,
4964,UNC23450875,4.852201640794647,0.24863180835242638,,
4965,UNCHS037237,4.678327972333136,0.3312977487216831,,
4966,UNCHS037238,4.603428079031573,0.3810496177005112,,
4967,UNC23451375,4.3017095575360145,0.24181673246715105,,
4968,JAX00371442,4.16506258088225,0.37127123514341875,,
4969,UNC23451745,4.08629436911383,0.28175524554414083,,
4970,UNC23452334,3.903145514811513,0.2839001636450919,,
4971,UNC23452694,3.952498244433855,0.3937224330488004,,
4972,UNC23453052,4.002264456483772,0.3168165600986834,,
4973,UNC23453339,4.070139977148983,0.47034938822166417,,
4974,UNCHS037239,4.07155950141555,0.36399109603595087,,
4975,UNCHS037240,4.072008894709597,0.5403267536715785,,
4976,JAX00049452,4.0733477309509,0.3660543770866569,,
4977,UNC23454152,4.110490170256071,0.38168929889094266,,
4978,JAX00371472,4.110626179465044,0.24308857365764883,,
4979,JAX00371474,4.113668329390293,0.3681227051337543,,
4980,JAX00371478,4.113964408693391,0.4542740824284125,,
4981,UNC23454349,4.113802964066963,0.4333749412669009,,
4982,UNC23454785,4.11218930398627,0.3321508507232386,,
4983,UNC23454931,4.122179585060621,0.21925864386790916,,
4984,UNCHS037241,4.131554241176445,0.5883328205425522,,
4985,UNC23455511,4.156546739224268,0.31994364439801215,,
4986,UNC23456029,4.211587904499538,0.3629403480792072,,
4987,JAX00371508,4.1628415485270125,0.6415582047110961,,
4988,UNC23456938,4.162755614612479,0.3242030592313813,,
4989,JAX00371515,4.162240964477178,0.28645526749053885,,
4990,JAX00371518,4.162187290389738,0.36623604524462355,,
4991,UNC23457093,4.178814444001546,0.25211027871480174,,
4992,UNC23457481,4.420406799096554,0.42739717432691515,,
4993,UNC23457813,4.217562661375723,0.3987199058763268,,
4994,UNC23458488,4.11451182902897,0.4360019913075038,,
4995,JAX00049481,4.01737289123912,0.34792983569086644,,
4996,UNC23459287,4.012733374662503,0.17730119737284666,,
4997,UNC23459772,3.9507917604123577,0.4041123072446086,,
4998,UNC23459990,3.960414779711982,0.31719218640424285,,
4999,JAX00371554,3.9705710067883047,0.3323287600819142,,
5000,UNC23460349,3.998100006436289,0.3101400204003391,,
5001,UNC23460595,4.112808154405002,0.31992200927629083,,
5002,UNCHS037243,4.48623325257131,0.2583640546962868,,
5003,UNCHS037244,4.88330977042142,0.3448766355168407,,
5004,UNC23461685,5.067185120464046,0.15733041743228013,,
5005,UNC23461979,5.144618402236802,0.3500250093182428,,
5006,UNCHS037245,5.152041506686601,0.20880136282118178,,
5007,UNC23462621,5.332839656271744,0.16435265297773163,,
5008,UNC23462791,5.347367646050088,0.23996524572451733,,
5009,JAX00371625,5.349220296416888,0.1908956802822395,,
5010,UNC23463117,5.351227750234102,0.1335191191405853,,
5011,UNC23463754,5.356064876599476,0.1575427435729755,,
5012,UNC23464165,5.406894050333449,0.1956232089626897,,
5013,UNC23464669,5.603239853229525,0.08115905440835014,,
5014,UNCHS037247,5.600566166289354,0.12749268697041571,,
5015,UNCHS037248,5.575833715960471,0.1173530087730467,,
5016,UNC23465022,5.5596777482383,0.1635891394379689,,
5017,UNCHS037250,5.381295041407384,0.16216683773777707,,
5018,UNC23465341,5.276037357770292,0.1745757402285104,,
5019,UNC23465594,4.524062106929023,0.2999164287857393,,
5020,JAX00371684,4.523600790914543,0.35460513292288925,,
5021,UNC23465812,4.937655498369622,0.20230089462171907,,
5022,JAX00049517,5.0777861583289905,0.12659014645161176,,
5023,UNC23466326,4.9854202200972395,0.291143868299833,,
5024,UNC23466690,4.960601503327325,0.21257380550166236,,
5025,UNC23466969,5.024842709936365,0.25876469548420117,,
5026,c13.loc117,5.056101248402911,0.2109404262548773,,
5027,UNC23468237,5.1826899884172235,0.29821417559251706,,
5028,UNC23468795,5.372718620903015,0.11558588251987333,,
5029,JAX00049530,5.436885058902135,0.140493886520924,,
5030,UNCHS037251,5.436110806694842,0.14965705085645772,,
5031,JAX00371739,5.417321208955627,0.16023322048358551,,
5032,UNC23469862,5.41918261186629,0.16197576797466678,,
5033,UNC23470101,5.423399904970211,0.21872853588343913,,
5034,UNC23470451,5.374780208300535,0.3182713478791154,,
5035,JAX00371745,5.32870714694991,0.1466782371169807,,
5036,UNC23471452,5.278407154314891,0.14246794895839338,,
5037,UNC23472259,5.252903353222337,0.1418511918302236,,
5038,UNC23472974,5.223730406068626,0.20693090251313687,,
5039,JAX00371771,5.266082216273389,0.1657146909088062,,
5040,UNC23473638,5.262437847874708,0.19070004214277578,,
5041,UNCHS037254,5.278514728216578,0.11086829648779459,,
5042,UNCHS037255,5.276333448550531,0.10249087607951154,,
5043,UNCHS037256,5.2355061144858155,0.2775888504376577,,
5044,UNC23474166,5.2413525033480255,0.14960556346118575,,
5045,UNC23474579,5.33886160719112,0.17822958408964096,,
5046,UNC23475271,5.2952875080409285,0.20921914336916242,,
5047,UNC23475804,5.293885293436915,0.22928687411611315,,
5048,UNC23476222,5.337280821602008,0.12056553920523089,,
5049,UNC23476530,5.318995319578335,0.15466418833108886,,
5050,JAX00049563,5.3398969582699465,0.27148079302286565,,
5051,UNC23476767,5.339240648140503,0.09332785967548943,,
5052,UNC23477236,5.333513415726429,0.2587774021250684,,
5053,UNCHS037257,5.332864038893376,0.15740178074338554,,
5054,UNCHS037258,5.332167640631269,0.13515372448251103,,
5055,UNC23477654,5.32703691322763,0.13041488843790267,,
5056,UNC23478007,5.320846050482487,0.13653041625031676,,
5057,UNCHS037259,5.31932847853318,0.1442929391897694,,
5058,UNCHS037260,5.275205366409864,0.285406334971235,,
5059,UNC23478189,5.272527996713052,0.2244774183948026,,
5060,UNC23478650,5.189482787614452,0.1710020167491413,,
5061,UNC23478996,5.183342578322481,0.14416580541915594,,
5062,JAX00371816,5.182633853214611,0.1905479690239054,,
5063,UNC23479371,5.177606209663054,0.1366869712684532,,
5064,UNCHS037261,5.182833645442315,0.17256254950916425,,
5065,UNCHS037262,5.18288999251763,0.26793946670014634,,
5066,UNC23479733,5.186844014518783,0.13078648349787392,,
5067,UNC23480108,5.193449946619921,0.33271960215811724,,
5068,UNC23480336,5.196930715237841,0.14787259158242458,,
5069,UNCHS037263,5.2177043992492145,0.25120186366168523,,
5070,UNCHS037264,5.224026105082885,0.17672517341572777,,
5071,UNC23480731,5.3836958063398015,0.1256049997913963,,
5072,UNC23481050,5.635790219854243,0.11009356691576805,,
5073,UNCHS037265,5.602096184240281,0.24392584860358657,,
5074,JAX00049590,3.276825772792563,0.49247113219407057,,
5075,UNC23481786,3.1151330685215726,0.45955364052209724,,
5076,UNC23482145,3.0973489596558466,0.6206825103487263,,
5077,UNC23482521,2.9482820146470203,0.7280491424006413,,
5078,UNC23482869,3.0920738015547613,0.5002350724641421,,
5079,JAX00049597,3.0991576717365206,0.39930498580651297,,
5080,UNCHS037267,2.942403334928713,0.7060956822048744,,
5081,UNCHS037268,2.959622337136352,0.3963944506568609,,
5082,UNC23483275,2.956637872728834,0.715560340127044,,
5083,backupUNC130557608,2.826695294835872,0.7060610204147193,,
5084,UNC23483818,2.865828099564169,0.6148525318745692,,
5085,JAX00371864,2.8671116419975533,0.4442697160325278,,
5086,UNCHS037269,2.884857842467227,0.7529253075543453,,
5087,UNC23484183,2.8862849719953374,0.6189696936321563,,
5088,UNC23485173,3.062079909003387,0.7538058358335463,,
5089,UNC23485663,3.1007118230136257,0.7655320304092126,,
5090,UNC23485868,3.1449052778198165,0.6693572345168098,,
5091,JAX00371887,3.137432948973128,0.4966242473630087,,
5092,UNC23486097,3.1373772546878627,0.3156893270906539,,
5093,UNCHS037271,3.103593996489508,0.7007962107963259,,
5094,UNCHS037273,3.069291020176024,0.5687746325155447,,
5095,UNCHS037272,3.1823719546041502,0.6202895456724318,,
5096,UNCHS037274,3.181530924279741,0.6249978738194485,,
5097,UNC23486219,3.180938891932101,0.43989269291515326,,
5098,UNC23486257,3.182653137336274,0.7311645735336718,,
5099,UNC23486372,3.186928617417834,0.543869948695232,,
5100,UNC23486418,3.1898726152667223,0.6424448027353447,,
5101,UNC23486543,3.1869530848416616,0.44245828127569997,,
5102,UNCHS037276,3.2125915926437756,0.4827703339951205,,
5103,UNCHS037277,3.219209691291553,0.5042695403627991,,
5104,UNC23486670,3.224093699605646,0.363381372349999,,
5105,UNCHS037278,3.014659262538771,0.7433256431327043,,
5106,JAX00049618,3.0214027369945597,0.6994108886660788,,
5107,UNC23486806,3.0312699956116376,0.7498158407159031,,
5108,UNC23486835,3.036063487477122,0.45802777126471184,,
5109,UNC23486885,3.09903149627894,0.7279327338442542,,
5110,UNC23486988,3.151267399900007,0.6424682511543022,,
5111,UNC23487102,3.19425619554454,0.5731679820682084,,
5112,UNC23487164,3.216973522374019,0.5298605179142823,,
5113,JAX00371917,3.235475598944049,0.4174941956852689,,
5114,UNC23487348,3.293417401481065,0.46720939475364487,,
5115,UNC23487565,3.3119703461538847,0.4869871411692495,,
5116,UNC23487643,3.320825822261668,0.5415090685402528,,
5117,UNC23487894,3.34609370982389,0.46656233265722813,,
5118,UNC23487970,3.3517904746934164,0.22782049160924644,,
5119,UNC23488039,3.3294023122616636,0.3720342798363005,,
5120,UNCHS037279,3.3099801444568584,0.4821029627420502,,
5121,UNCHS037280,3.8963423294289896,0.4129566595454903,,
5122,UNC23488113,3.914021890030199,0.20439966175426807,,
5123,UNC23488202,3.8884467355401284,0.3736447815563235,,
5124,JAX00371929,3.895057619626641,0.28650546216183753,,
5125,UNC23488307,3.8974332211082583,0.2860679691655985,,
5126,UNC23488360,3.900861775113526,0.3493314640001331,,
5127,UNC23488500,3.899090351166251,0.3057799048721935,,
5128,UNC23488534,3.897858638991238,0.5001029800696777,,
5129,UNC23489094,3.8716509590465193,0.4465017480688939,,
5130,JAX00371939,3.862857682213644,0.502708463014384,,
5131,UNCHS037281,3.8706295732897615,0.4523462012833184,,
5132,UNCHS037282,3.872772989994928,0.2689701540323578,,
5133,UNC23489723,3.874014916869328,0.3471985198302102,,
5134,JAX00049634,3.877523086390738,0.4045116484891772,,
5135,JAX00371945,3.879515773894127,0.5002285716320067,,
5136,UNC23490053,4.1168717382499835,0.33913165484078994,,
5137,UNC23490560,4.127690565816465,0.33042969887323886,,
5138,JAX00371955,4.130638576649744,0.3605757765519302,,
5139,JAX00371957,4.13102256479624,0.2890361711128011,,
5140,UNC23490862,4.1436689066399595,0.36219125349758885,,
5141,JAX00371967,4.181871909788924,0.2597073583990747,,
5142,UNC23491383,4.187878163105324,0.4978254458469291,,
5143,JAX00371979,4.20785176966956,0.28089835094014837,,
5144,JAX00371980,4.300612561482694,0.3554373765282594,,
5145,UNC23491746,4.337938168866231,0.3295977921728868,,
5146,UNC23492065,4.427542325612876,0.19473713955257746,,
5147,UNC23492726,4.082427479856733,0.3034290583181587,,
5148,UNC23493118,4.112378753471376,0.30989447491300715,,
5149,JAX00371997,4.116776499178741,0.38945326618509474,,
5150,JAX00371998,4.116850476783156,0.3049727614242132,,
5151,UNCHS037283,3.984446647548566,0.3290272467795247,,
5152,UNCHS037284,3.9697862819787133,0.32729659342804435,,
5153,UNC23493347,3.9659726194927316,0.4832353218703847,,
5154,UNC23493640,3.8657650648847266,0.40484669220317404,,
5155,UNCHS037286,3.871368283042102,0.6301854593069754,,
5156,JAX00049664,3.873981389309165,0.27936271819476566,,
5157,UNC23494093,3.875757055707936,0.4077049009931982,,
5158,UNC23494457,3.87185884583846,0.5992779609769615,,
5159,UNC23494746,3.8696543849982845,0.3865123106789564,,
5160,UNC23495094,3.868730091545558,0.4270507079875522,,
5161,UNC23495258,3.888700154861681,0.36094779749244693,,
5162,UNC23495759,3.9152068101393525,0.4234566380079964,,
5163,UNCHS037287,3.9101644213419604,0.5191222566857232,,
5164,UNCHS037288,3.909354323827756,0.3264667981103246,,
5165,UNC23496079,3.908300416560678,0.31326807022521935,,
5166,UNC23496307,3.931560465342727,0.2561081828872454,,
5167,UNC23496360,3.909929104955154,0.3357440443342905,,
5168,UNCHS037290,3.8972852762408365,0.299736334577576,,
5169,UNC23496473,3.896706688760105,0.20720632463937252,,
5170,UNC23496547,3.8875355590832896,0.27358376594006534,,
5171,UNC23496646,3.872674546211101,0.307845348407014,,
5172,UNC23496766,3.872595436953816,0.39632816794285725,,
5173,UNC23496940,3.872433915770216,0.4133424040003343,,
5174,UNC23497051,3.9724310805390814,0.38010522957909054,,
5175,UNC23497196,4.1400592653308195,0.27016627995952375,,
5176,UNC23497410,4.2639221722229195,0.3802435611091327,,
5177,UNCHS037291,4.244461417077446,0.23458999661651342,,
5178,UNCHS037292,4.111831493458567,0.3855011456695623,,
5179,backupUNC130220739,4.105442642926391,0.35859221725161006,,
5180,UNC23497582,4.129407374069615,0.35361507215485194,,
5181,NNT001,4.128612787219254,0.2531780663243571,,
5182,UNC23497770,4.129480127479837,0.27432545853586937,,
5183,UNC23497978,4.140487459812448,0.3062876802939644,,
5184,UNC23498089,4.237083663478188,0.26244315764708415,,
5185,UNC23498166,4.287282621299028,0.24087421060901876,,
5186,UNC23498301,4.1652288462175875,0.32757641759467604,,
5187,UNC23498513,4.176387192163702,0.38768241040101104,,
5188,UNC23498758,4.176025566152475,0.47921879396536615,,
